
Circuit: logarithmic amplifier

                             logarithmic amplifier
                             DC transfer characteristic  Sun Mar 20 16:28:43  2022
--------------------------------------------------------------------------------
Index   v-sweep         v(out)          
--------------------------------------------------------------------------------
0	1.000000e-02	-5.20388e+00	
1	2.000000e-02	-4.46371e+00	
2	3.000000e-02	-4.02616e+00	
3	4.000000e-02	-3.71757e+00	
4	5.000000e-02	-3.47719e+00	
5	6.000000e-02	-3.28221e+00	
6	7.000000e-02	-3.11494e+00	
7	8.000000e-02	-2.97174e+00	
8	9.000000e-02	-2.84573e+00	
9	1.000000e-01	-2.73270e+00	
10	1.100000e-01	-2.62779e+00	
11	1.200000e-01	-2.53615e+00	
12	1.300000e-01	-2.44915e+00	
13	1.400000e-01	-2.36845e+00	
14	1.500000e-01	-2.29398e+00	
15	1.600000e-01	-2.22470e+00	
16	1.700000e-01	-2.15959e+00	
17	1.800000e-01	-2.09804e+00	
18	1.900000e-01	-2.03968e+00	
19	2.000000e-01	-1.98427e+00	
20	2.100000e-01	-1.93154e+00	
21	2.200000e-01	-1.88124e+00	
22	2.300000e-01	-1.83315e+00	
23	2.400000e-01	-1.78708e+00	
24	2.500000e-01	-1.74286e+00	
25	2.600000e-01	-1.70035e+00	
26	2.700000e-01	-1.65943e+00	
27	2.800000e-01	-1.61998e+00	
28	2.900000e-01	-1.58189e+00	
29	3.000000e-01	-1.54508e+00	
30	3.100000e-01	-1.50946e+00	
31	3.200000e-01	-1.47496e+00	
32	3.300000e-01	-1.44150e+00	
33	3.400000e-01	-1.40903e+00	
34	3.500000e-01	-1.37749e+00	
35	3.600000e-01	-1.34682e+00	
36	3.700000e-01	-1.31699e+00	
37	3.800000e-01	-1.28794e+00	
38	3.900000e-01	-1.25963e+00	
39	4.000000e-01	-1.23203e+00	
40	4.100000e-01	-1.20510e+00	
41	4.200000e-01	-1.17881e+00	
42	4.300000e-01	-1.15313e+00	
43	4.400000e-01	-1.12803e+00	
44	4.500000e-01	-1.10349e+00	
45	4.600000e-01	-1.07948e+00	
46	4.700000e-01	-1.05598e+00	
47	4.800000e-01	-1.03297e+00	
48	4.900000e-01	-1.01042e+00	
49	5.000000e-01	-9.88325e-01	
50	5.100000e-01	-9.66658e-01	
51	5.200000e-01	-9.45405e-01	
52	5.300000e-01	-9.24551e-01	
53	5.400000e-01	-9.04080e-01	
54	5.500000e-01	-8.83979e-01	

Index   v-sweep         v(out)          
--------------------------------------------------------------------------------
55	5.600000e-01	-8.64234e-01	
56	5.700000e-01	-8.44834e-01	
57	5.800000e-01	-8.25765e-01	
58	5.900000e-01	-8.07017e-01	
59	6.000000e-01	-7.88578e-01	
60	6.100000e-01	-7.70439e-01	
61	6.200000e-01	-7.52591e-01	
62	6.300000e-01	-7.35023e-01	
63	6.400000e-01	-7.17727e-01	
64	6.500000e-01	-7.00694e-01	
65	6.600000e-01	-6.83917e-01	
66	6.700000e-01	-6.67388e-01	
67	6.800000e-01	-6.51099e-01	
68	6.900000e-01	-6.35044e-01	
69	7.000000e-01	-6.19216e-01	
70	7.100000e-01	-6.03608e-01	
71	7.200000e-01	-5.88215e-01	
72	7.300000e-01	-5.73030e-01	
73	7.400000e-01	-5.58048e-01	
74	7.500000e-01	-5.43263e-01	
75	7.600000e-01	-5.28670e-01	
76	7.700000e-01	-5.14265e-01	
77	7.800000e-01	-5.00042e-01	
78	7.900000e-01	-4.85996e-01	
79	8.000000e-01	-4.72124e-01	
80	8.100000e-01	-4.58421e-01	
81	8.200000e-01	-4.44883e-01	
82	8.300000e-01	-4.31506e-01	
83	8.400000e-01	-4.18285e-01	
84	8.500000e-01	-4.05218e-01	
85	8.600000e-01	-3.92301e-01	
86	8.700000e-01	-3.79531e-01	
87	8.800000e-01	-3.66903e-01	
88	8.900000e-01	-3.54415e-01	
89	9.000000e-01	-3.42063e-01	
90	9.100000e-01	-3.29846e-01	
91	9.200000e-01	-3.17759e-01	
92	9.300000e-01	-3.05800e-01	
93	9.400000e-01	-2.93966e-01	
94	9.500000e-01	-2.82255e-01	
95	9.600000e-01	-2.70664e-01	
96	9.700000e-01	-2.59191e-01	
97	9.800000e-01	-2.47832e-01	
98	9.900000e-01	-2.36587e-01	
99	1.000000e+00	-2.25452e-01	
100	1.010000e+00	-2.14426e-01	
101	1.020000e+00	-2.03506e-01	
102	1.030000e+00	-1.92690e-01	
103	1.040000e+00	-1.81976e-01	
104	1.050000e+00	-1.71362e-01	
105	1.060000e+00	-1.60847e-01	
106	1.070000e+00	-1.50428e-01	
107	1.080000e+00	-1.40105e-01	
108	1.090000e+00	-1.29874e-01	
109	1.100000e+00	-1.19734e-01	
110	1.110000e+00	-1.09684e-01	
111	1.120000e+00	-9.97225e-02	
112	1.130000e+00	-8.98472e-02	

Index   v-sweep         v(out)          
--------------------------------------------------------------------------------
113	1.140000e+00	-8.00569e-02	
114	1.150000e+00	-7.03501e-02	
115	1.160000e+00	-6.07255e-02	
116	1.170000e+00	-5.11815e-02	
117	1.180000e+00	-4.17168e-02	
118	1.190000e+00	-3.23302e-02	
119	1.200000e+00	-2.30387e-02	
120	1.210000e+00	-1.38060e-02	
121	1.220000e+00	-4.64779e-03	
122	1.230000e+00	4.443103e-03	
123	1.240000e+00	1.345951e-02	
124	1.250000e+00	2.241844e-02	
125	1.260000e+00	3.130036e-02	
126	1.270000e+00	4.010705e-02	
127	1.280000e+00	4.884489e-02	
128	1.290000e+00	5.751733e-02	
129	1.300000e+00	6.612523e-02	
130	1.310000e+00	7.466897e-02	
131	1.320000e+00	8.314924e-02	
132	1.330000e+00	9.156701e-02	
133	1.340000e+00	9.992328e-02	
134	1.350000e+00	1.082190e-01	
135	1.360000e+00	1.164551e-01	
136	1.370000e+00	1.246323e-01	
137	1.380000e+00	1.327516e-01	
138	1.390000e+00	1.408138e-01	
139	1.400000e+00	1.488196e-01	
140	1.410000e+00	1.567699e-01	
141	1.420000e+00	1.646655e-01	
142	1.430000e+00	1.725072e-01	
143	1.440000e+00	1.802956e-01	
144	1.450000e+00	1.880315e-01	
145	1.460000e+00	1.957156e-01	
146	1.470000e+00	2.033486e-01	
147	1.480000e+00	2.109313e-01	
148	1.490000e+00	2.184643e-01	
149	1.500000e+00	2.259482e-01	
150	1.510000e+00	2.333837e-01	
151	1.520000e+00	2.407714e-01	
152	1.530000e+00	2.481120e-01	
153	1.540000e+00	2.554060e-01	
154	1.550000e+00	2.626541e-01	
155	1.560000e+00	2.698569e-01	
156	1.570000e+00	2.770149e-01	
157	1.580000e+00	2.841286e-01	
158	1.590000e+00	2.911988e-01	
159	1.600000e+00	2.982258e-01	
160	1.610000e+00	3.052102e-01	
161	1.620000e+00	3.121526e-01	
162	1.630000e+00	3.190534e-01	
163	1.640000e+00	3.259132e-01	
164	1.650000e+00	3.327325e-01	
165	1.660000e+00	3.395117e-01	
166	1.670000e+00	3.462513e-01	
167	1.680000e+00	3.529518e-01	
168	1.690000e+00	3.596137e-01	
169	1.700000e+00	3.662374e-01	
170	1.710000e+00	3.728233e-01	

Index   v-sweep         v(out)          
--------------------------------------------------------------------------------
171	1.720000e+00	3.793719e-01	
172	1.730000e+00	3.858837e-01	
173	1.740000e+00	3.923590e-01	
174	1.750000e+00	3.987982e-01	
175	1.760000e+00	4.052018e-01	
176	1.770000e+00	4.115702e-01	
177	1.780000e+00	4.179037e-01	
178	1.790000e+00	4.242028e-01	
179	1.800000e+00	4.304678e-01	
180	1.810000e+00	4.366991e-01	
181	1.820000e+00	4.428971e-01	
182	1.830000e+00	4.490621e-01	
183	1.840000e+00	4.551945e-01	
184	1.850000e+00	4.612946e-01	
185	1.860000e+00	4.673629e-01	
186	1.870000e+00	4.733995e-01	
187	1.880000e+00	4.794049e-01	
188	1.890000e+00	4.853794e-01	
189	1.900000e+00	4.913234e-01	
190	1.910000e+00	4.972370e-01	
191	1.920000e+00	5.031207e-01	
192	1.930000e+00	5.089748e-01	
193	1.940000e+00	5.147995e-01	
194	1.950000e+00	5.205952e-01	
195	1.960000e+00	5.263621e-01	
196	1.970000e+00	5.321006e-01	
197	1.980000e+00	5.378109e-01	
198	1.990000e+00	5.434933e-01	
199	2.000000e+00	5.491481e-01	
200	2.010000e+00	5.547755e-01	
201	2.020000e+00	5.603759e-01	
202	2.030000e+00	5.659495e-01	
203	2.040000e+00	5.714966e-01	
204	2.050000e+00	5.770173e-01	
205	2.060000e+00	5.825121e-01	
206	2.070000e+00	5.879810e-01	
207	2.080000e+00	5.934245e-01	
208	2.090000e+00	5.988426e-01	
209	2.100000e+00	6.042357e-01	
210	2.110000e+00	6.096039e-01	
211	2.120000e+00	6.149476e-01	
212	2.130000e+00	6.202670e-01	
213	2.140000e+00	6.255622e-01	
214	2.150000e+00	6.308335e-01	
215	2.160000e+00	6.360811e-01	
216	2.170000e+00	6.413053e-01	
217	2.180000e+00	6.465062e-01	
218	2.190000e+00	6.516840e-01	
219	2.200000e+00	6.568391e-01	
220	2.210000e+00	6.619715e-01	
221	2.220000e+00	6.670814e-01	
222	2.230000e+00	6.721692e-01	
223	2.240000e+00	6.772349e-01	
224	2.250000e+00	6.822788e-01	
225	2.260000e+00	6.873011e-01	
226	2.270000e+00	6.923019e-01	
227	2.280000e+00	6.972814e-01	
228	2.290000e+00	7.022399e-01	

Index   v-sweep         v(out)          
--------------------------------------------------------------------------------
229	2.300000e+00	7.071775e-01	
230	2.310000e+00	7.120943e-01	
231	2.320000e+00	7.169906e-01	
232	2.330000e+00	7.218666e-01	
233	2.340000e+00	7.267223e-01	
234	2.350000e+00	7.315581e-01	
235	2.360000e+00	7.363739e-01	
236	2.370000e+00	7.411701e-01	
237	2.380000e+00	7.459468e-01	
238	2.390000e+00	7.507041e-01	
239	2.400000e+00	7.554422e-01	
240	2.410000e+00	7.601613e-01	
241	2.420000e+00	7.648615e-01	
242	2.430000e+00	7.695430e-01	
243	2.440000e+00	7.742059e-01	
244	2.450000e+00	7.788503e-01	
245	2.460000e+00	7.834765e-01	
246	2.470000e+00	7.880846e-01	
247	2.480000e+00	7.926746e-01	
248	2.490000e+00	7.972469e-01	
249	2.500000e+00	8.018014e-01	
250	2.510000e+00	8.063384e-01	
251	2.520000e+00	8.108579e-01	
252	2.530000e+00	8.153602e-01	
253	2.540000e+00	8.198453e-01	
254	2.550000e+00	8.243134e-01	
255	2.560000e+00	8.287646e-01	
256	2.570000e+00	8.331990e-01	
257	2.580000e+00	8.376169e-01	
258	2.590000e+00	8.420182e-01	
259	2.600000e+00	8.464032e-01	
260	2.610000e+00	8.507719e-01	
261	2.620000e+00	8.551245e-01	
262	2.630000e+00	8.594611e-01	
263	2.640000e+00	8.637818e-01	
264	2.650000e+00	8.680868e-01	
265	2.660000e+00	8.723761e-01	
266	2.670000e+00	8.766498e-01	
267	2.680000e+00	8.809082e-01	
268	2.690000e+00	8.851513e-01	
269	2.700000e+00	8.893792e-01	
270	2.710000e+00	8.935920e-01	
271	2.720000e+00	8.977898e-01	
272	2.730000e+00	9.019728e-01	
273	2.740000e+00	9.061410e-01	
274	2.750000e+00	9.102946e-01	
275	2.760000e+00	9.144337e-01	
276	2.770000e+00	9.185583e-01	
277	2.780000e+00	9.226686e-01	
278	2.790000e+00	9.267647e-01	
279	2.800000e+00	9.308466e-01	
280	2.810000e+00	9.349145e-01	
281	2.820000e+00	9.389685e-01	
282	2.830000e+00	9.430087e-01	
283	2.840000e+00	9.470351e-01	
284	2.850000e+00	9.510479e-01	
285	2.860000e+00	9.550471e-01	
286	2.870000e+00	9.590329e-01	

Index   v-sweep         v(out)          
--------------------------------------------------------------------------------
287	2.880000e+00	9.630053e-01	
288	2.890000e+00	9.669645e-01	
289	2.900000e+00	9.709105e-01	
290	2.910000e+00	9.748434e-01	
291	2.920000e+00	9.787633e-01	
292	2.930000e+00	9.826703e-01	
293	2.940000e+00	9.865644e-01	
294	2.950000e+00	9.904459e-01	
295	2.960000e+00	9.943147e-01	
296	2.970000e+00	9.981709e-01	
297	2.980000e+00	1.002015e+00	
298	2.990000e+00	1.005846e+00	
299	3.000000e+00	1.009665e+00	
300	3.010000e+00	1.013472e+00	
301	3.020000e+00	1.017266e+00	
302	3.030000e+00	1.021049e+00	
303	3.040000e+00	1.024820e+00	
304	3.050000e+00	1.028578e+00	
305	3.060000e+00	1.032325e+00	
306	3.070000e+00	1.036060e+00	
307	3.080000e+00	1.039784e+00	
308	3.090000e+00	1.043495e+00	
309	3.100000e+00	1.047195e+00	
310	3.110000e+00	1.050884e+00	
311	3.120000e+00	1.054562e+00	
312	3.130000e+00	1.058228e+00	
313	3.140000e+00	1.061882e+00	
314	3.150000e+00	1.065526e+00	
315	3.160000e+00	1.069158e+00	
316	3.170000e+00	1.072780e+00	
317	3.180000e+00	1.076390e+00	
318	3.190000e+00	1.079990e+00	
319	3.200000e+00	1.083579e+00	
320	3.210000e+00	1.087157e+00	
321	3.220000e+00	1.090724e+00	
322	3.230000e+00	1.094281e+00	
323	3.240000e+00	1.097827e+00	
324	3.250000e+00	1.101362e+00	
325	3.260000e+00	1.104887e+00	
326	3.270000e+00	1.108402e+00	
327	3.280000e+00	1.111907e+00	
328	3.290000e+00	1.115401e+00	
329	3.300000e+00	1.118885e+00	
330	3.310000e+00	1.122359e+00	
331	3.320000e+00	1.125822e+00	
332	3.330000e+00	1.129276e+00	
333	3.340000e+00	1.132720e+00	
334	3.350000e+00	1.136154e+00	
335	3.360000e+00	1.139578e+00	
336	3.370000e+00	1.142992e+00	
337	3.380000e+00	1.146397e+00	
338	3.390000e+00	1.149792e+00	
339	3.400000e+00	1.153177e+00	
340	3.410000e+00	1.156553e+00	
341	3.420000e+00	1.159919e+00	
342	3.430000e+00	1.163276e+00	
343	3.440000e+00	1.166623e+00	
344	3.450000e+00	1.169962e+00	

Index   v-sweep         v(out)          
--------------------------------------------------------------------------------
345	3.460000e+00	1.173290e+00	
346	3.470000e+00	1.176610e+00	
347	3.480000e+00	1.179921e+00	
348	3.490000e+00	1.183222e+00	
349	3.500000e+00	1.186514e+00	
350	3.510000e+00	1.189797e+00	
351	3.520000e+00	1.193072e+00	
352	3.530000e+00	1.196337e+00	
353	3.540000e+00	1.199594e+00	
354	3.550000e+00	1.202841e+00	
355	3.560000e+00	1.206080e+00	
356	3.570000e+00	1.209310e+00	
357	3.580000e+00	1.212532e+00	
358	3.590000e+00	1.215745e+00	
359	3.600000e+00	1.218949e+00	
360	3.610000e+00	1.222145e+00	
361	3.620000e+00	1.225332e+00	
362	3.630000e+00	1.228511e+00	
363	3.640000e+00	1.231682e+00	
364	3.650000e+00	1.234844e+00	
365	3.660000e+00	1.237998e+00	
366	3.670000e+00	1.241143e+00	
367	3.680000e+00	1.244281e+00	
368	3.690000e+00	1.247410e+00	
369	3.700000e+00	1.250531e+00	
370	3.710000e+00	1.253644e+00	
371	3.720000e+00	1.256749e+00	
372	3.730000e+00	1.259846e+00	
373	3.740000e+00	1.262935e+00	
374	3.750000e+00	1.266016e+00	
375	3.760000e+00	1.269089e+00	
376	3.770000e+00	1.272155e+00	
377	3.780000e+00	1.275213e+00	
378	3.790000e+00	1.278262e+00	
379	3.800000e+00	1.281305e+00	
380	3.810000e+00	1.284339e+00	
381	3.820000e+00	1.287366e+00	
382	3.830000e+00	1.290385e+00	
383	3.840000e+00	1.293397e+00	
384	3.850000e+00	1.296402e+00	
385	3.860000e+00	1.299398e+00	
386	3.870000e+00	1.302388e+00	
387	3.880000e+00	1.305370e+00	
388	3.890000e+00	1.308344e+00	
389	3.900000e+00	1.311312e+00	
390	3.910000e+00	1.314272e+00	
391	3.920000e+00	1.317225e+00	
392	3.930000e+00	1.320170e+00	
393	3.940000e+00	1.323109e+00	
394	3.950000e+00	1.326040e+00	
395	3.960000e+00	1.328964e+00	
396	3.970000e+00	1.331881e+00	
397	3.980000e+00	1.334791e+00	
398	3.990000e+00	1.337694e+00	
399	4.000000e+00	1.340591e+00	
400	4.010000e+00	1.343480e+00	
401	4.020000e+00	1.346362e+00	
402	4.030000e+00	1.349238e+00	

Index   v-sweep         v(out)          
--------------------------------------------------------------------------------
403	4.040000e+00	1.352106e+00	
404	4.050000e+00	1.354968e+00	
405	4.060000e+00	1.357823e+00	
406	4.070000e+00	1.360672e+00	
407	4.080000e+00	1.363513e+00	
408	4.090000e+00	1.366348e+00	
409	4.100000e+00	1.369177e+00	
410	4.110000e+00	1.371999e+00	
411	4.120000e+00	1.374814e+00	
412	4.130000e+00	1.377623e+00	
413	4.140000e+00	1.380425e+00	
414	4.150000e+00	1.383221e+00	
415	4.160000e+00	1.386010e+00	
416	4.170000e+00	1.388793e+00	
417	4.180000e+00	1.391569e+00	
418	4.190000e+00	1.394340e+00	
419	4.200000e+00	1.397103e+00	
420	4.210000e+00	1.399861e+00	
421	4.220000e+00	1.402612e+00	
422	4.230000e+00	1.405357e+00	
423	4.240000e+00	1.408096e+00	
424	4.250000e+00	1.410829e+00	
425	4.260000e+00	1.413556e+00	
426	4.270000e+00	1.416276e+00	
427	4.280000e+00	1.418990e+00	
428	4.290000e+00	1.421699e+00	
429	4.300000e+00	1.424401e+00	
430	4.310000e+00	1.427097e+00	
431	4.320000e+00	1.429788e+00	
432	4.330000e+00	1.432472e+00	
433	4.340000e+00	1.435150e+00	
434	4.350000e+00	1.437823e+00	
435	4.360000e+00	1.440490e+00	
436	4.370000e+00	1.443151e+00	
437	4.380000e+00	1.445806e+00	
438	4.390000e+00	1.448455e+00	
439	4.400000e+00	1.451098e+00	
440	4.410000e+00	1.453736e+00	
441	4.420000e+00	1.456368e+00	
442	4.430000e+00	1.458994e+00	
443	4.440000e+00	1.461615e+00	
444	4.450000e+00	1.464230e+00	
445	4.460000e+00	1.466840e+00	
446	4.470000e+00	1.469443e+00	
447	4.480000e+00	1.472042e+00	
448	4.490000e+00	1.474635e+00	
449	4.500000e+00	1.477222e+00	
450	4.510000e+00	1.479804e+00	
451	4.520000e+00	1.482380e+00	
452	4.530000e+00	1.484951e+00	
453	4.540000e+00	1.487516e+00	
454	4.550000e+00	1.490076e+00	
455	4.560000e+00	1.492631e+00	
456	4.570000e+00	1.495180e+00	
457	4.580000e+00	1.497724e+00	
458	4.590000e+00	1.500263e+00	
459	4.600000e+00	1.502797e+00	
460	4.610000e+00	1.505325e+00	

Index   v-sweep         v(out)          
--------------------------------------------------------------------------------
461	4.620000e+00	1.507848e+00	
462	4.630000e+00	1.510366e+00	
463	4.640000e+00	1.512878e+00	
464	4.650000e+00	1.515386e+00	
465	4.660000e+00	1.517888e+00	
466	4.670000e+00	1.520385e+00	
467	4.680000e+00	1.522877e+00	
468	4.690000e+00	1.525364e+00	
469	4.700000e+00	1.527846e+00	
470	4.710000e+00	1.530323e+00	
471	4.720000e+00	1.532795e+00	
472	4.730000e+00	1.535262e+00	
473	4.740000e+00	1.537723e+00	
474	4.750000e+00	1.540180e+00	
475	4.760000e+00	1.542632e+00	
476	4.770000e+00	1.545080e+00	
477	4.780000e+00	1.547522e+00	
478	4.790000e+00	1.549959e+00	
479	4.800000e+00	1.552392e+00	
480	4.810000e+00	1.554819e+00	
481	4.820000e+00	1.557242e+00	
482	4.830000e+00	1.559660e+00	
483	4.840000e+00	1.562074e+00	
484	4.850000e+00	1.564482e+00	
485	4.860000e+00	1.566886e+00	
486	4.870000e+00	1.569285e+00	
487	4.880000e+00	1.571679e+00	
488	4.890000e+00	1.574069e+00	
489	4.900000e+00	1.576454e+00	
490	4.910000e+00	1.578835e+00	
491	4.920000e+00	1.581210e+00	
492	4.930000e+00	1.583582e+00	
493	4.940000e+00	1.585948e+00	
494	4.950000e+00	1.588310e+00	
495	4.960000e+00	1.590668e+00	
496	4.970000e+00	1.593021e+00	
497	4.980000e+00	1.595369e+00	
498	4.990000e+00	1.597713e+00	
499	5.000000e+00	1.600053e+00	
500	5.010000e+00	1.602388e+00	
501	5.020000e+00	1.604719e+00	
502	5.030000e+00	1.607045e+00	
503	5.040000e+00	1.609367e+00	
504	5.050000e+00	1.611684e+00	
505	5.060000e+00	1.613997e+00	
506	5.070000e+00	1.616306e+00	
507	5.080000e+00	1.618610e+00	
508	5.090000e+00	1.620910e+00	
509	5.100000e+00	1.623206e+00	
510	5.110000e+00	1.625497e+00	
511	5.120000e+00	1.627785e+00	
512	5.130000e+00	1.630068e+00	
513	5.140000e+00	1.632346e+00	
514	5.150000e+00	1.634621e+00	
515	5.160000e+00	1.636891e+00	
516	5.170000e+00	1.639157e+00	
517	5.180000e+00	1.641419e+00	
518	5.190000e+00	1.643677e+00	

Index   v-sweep         v(out)          
--------------------------------------------------------------------------------
519	5.200000e+00	1.645930e+00	
520	5.210000e+00	1.648180e+00	
521	5.220000e+00	1.650425e+00	
522	5.230000e+00	1.652667e+00	
523	5.240000e+00	1.654904e+00	
524	5.250000e+00	1.657137e+00	
525	5.260000e+00	1.659366e+00	
526	5.270000e+00	1.661591e+00	
527	5.280000e+00	1.663812e+00	
528	5.290000e+00	1.666029e+00	
529	5.300000e+00	1.668242e+00	
530	5.310000e+00	1.670451e+00	
531	5.320000e+00	1.672657e+00	
532	5.330000e+00	1.674858e+00	
533	5.340000e+00	1.677055e+00	
534	5.350000e+00	1.679248e+00	
535	5.360000e+00	1.681438e+00	
536	5.370000e+00	1.683623e+00	
537	5.380000e+00	1.685805e+00	
538	5.390000e+00	1.687983e+00	
539	5.400000e+00	1.690157e+00	
540	5.410000e+00	1.692327e+00	
541	5.420000e+00	1.694494e+00	
542	5.430000e+00	1.696656e+00	
543	5.440000e+00	1.698815e+00	
544	5.450000e+00	1.700970e+00	
545	5.460000e+00	1.703121e+00	
546	5.470000e+00	1.705269e+00	
547	5.480000e+00	1.707412e+00	
548	5.490000e+00	1.709552e+00	
549	5.500000e+00	1.711689e+00	
550	5.510000e+00	1.713821e+00	
551	5.520000e+00	1.715950e+00	
552	5.530000e+00	1.718076e+00	
553	5.540000e+00	1.720197e+00	
554	5.550000e+00	1.722315e+00	
555	5.560000e+00	1.724430e+00	
556	5.570000e+00	1.726540e+00	
557	5.580000e+00	1.728648e+00	
558	5.590000e+00	1.730751e+00	
559	5.600000e+00	1.732851e+00	
560	5.610000e+00	1.734948e+00	
561	5.620000e+00	1.737040e+00	
562	5.630000e+00	1.739130e+00	
563	5.640000e+00	1.741216e+00	
564	5.650000e+00	1.743298e+00	
565	5.660000e+00	1.745377e+00	
566	5.670000e+00	1.747452e+00	
567	5.680000e+00	1.749524e+00	
568	5.690000e+00	1.751592e+00	
569	5.700000e+00	1.753657e+00	
570	5.710000e+00	1.755719e+00	
571	5.720000e+00	1.757777e+00	
572	5.730000e+00	1.759831e+00	
573	5.740000e+00	1.761882e+00	
574	5.750000e+00	1.763930e+00	
575	5.760000e+00	1.765975e+00	
576	5.770000e+00	1.768016e+00	

Index   v-sweep         v(out)          
--------------------------------------------------------------------------------
577	5.780000e+00	1.770054e+00	
578	5.790000e+00	1.772088e+00	
579	5.800000e+00	1.774119e+00	
580	5.810000e+00	1.776147e+00	
581	5.820000e+00	1.778171e+00	
582	5.830000e+00	1.780192e+00	
583	5.840000e+00	1.782210e+00	
584	5.850000e+00	1.784224e+00	
585	5.860000e+00	1.786236e+00	
586	5.870000e+00	1.788244e+00	
587	5.880000e+00	1.790248e+00	
588	5.890000e+00	1.792250e+00	
589	5.900000e+00	1.794248e+00	
590	5.910000e+00	1.796243e+00	
591	5.920000e+00	1.798235e+00	
592	5.930000e+00	1.800224e+00	
593	5.940000e+00	1.802209e+00	
594	5.950000e+00	1.804191e+00	
595	5.960000e+00	1.806171e+00	
596	5.970000e+00	1.808147e+00	
597	5.980000e+00	1.810119e+00	
598	5.990000e+00	1.812089e+00	
599	6.000000e+00	1.814056e+00	
600	6.010000e+00	1.816019e+00	
601	6.020000e+00	1.817980e+00	
602	6.030000e+00	1.819937e+00	
603	6.040000e+00	1.821891e+00	
604	6.050000e+00	1.823842e+00	
605	6.060000e+00	1.825790e+00	
606	6.070000e+00	1.827735e+00	
607	6.080000e+00	1.829677e+00	
608	6.090000e+00	1.831616e+00	
609	6.100000e+00	1.833552e+00	
610	6.110000e+00	1.835485e+00	
611	6.120000e+00	1.837415e+00	
612	6.130000e+00	1.839342e+00	
613	6.140000e+00	1.841266e+00	
614	6.150000e+00	1.843187e+00	
615	6.160000e+00	1.845105e+00	
616	6.170000e+00	1.847020e+00	
617	6.180000e+00	1.848932e+00	
618	6.190000e+00	1.850841e+00	
619	6.200000e+00	1.852748e+00	
620	6.210000e+00	1.854651e+00	
621	6.220000e+00	1.856551e+00	
622	6.230000e+00	1.858449e+00	
623	6.240000e+00	1.860344e+00	
624	6.250000e+00	1.862235e+00	
625	6.260000e+00	1.864124e+00	
626	6.270000e+00	1.866010e+00	
627	6.280000e+00	1.867894e+00	
628	6.290000e+00	1.869774e+00	
629	6.300000e+00	1.871651e+00	
630	6.310000e+00	1.873526e+00	
631	6.320000e+00	1.875398e+00	
632	6.330000e+00	1.877267e+00	
633	6.340000e+00	1.879133e+00	
634	6.350000e+00	1.880997e+00	

Index   v-sweep         v(out)          
--------------------------------------------------------------------------------
635	6.360000e+00	1.882857e+00	
636	6.370000e+00	1.884715e+00	
637	6.380000e+00	1.886570e+00	
638	6.390000e+00	1.888423e+00	
639	6.400000e+00	1.890273e+00	
640	6.410000e+00	1.892119e+00	
641	6.420000e+00	1.893964e+00	
642	6.430000e+00	1.895805e+00	
643	6.440000e+00	1.897644e+00	
644	6.450000e+00	1.899480e+00	
645	6.460000e+00	1.901313e+00	
646	6.470000e+00	1.903144e+00	
647	6.480000e+00	1.904972e+00	
648	6.490000e+00	1.906797e+00	
649	6.500000e+00	1.908620e+00	
650	6.510000e+00	1.910440e+00	
651	6.520000e+00	1.912257e+00	
652	6.530000e+00	1.914072e+00	
653	6.540000e+00	1.915884e+00	
654	6.550000e+00	1.917693e+00	
655	6.560000e+00	1.919500e+00	
656	6.570000e+00	1.921304e+00	
657	6.580000e+00	1.923106e+00	
658	6.590000e+00	1.924905e+00	
659	6.600000e+00	1.926701e+00	
660	6.610000e+00	1.928495e+00	
661	6.620000e+00	1.930286e+00	
662	6.630000e+00	1.932075e+00	
663	6.640000e+00	1.933861e+00	
664	6.650000e+00	1.935645e+00	
665	6.660000e+00	1.937426e+00	
666	6.670000e+00	1.939204e+00	
667	6.680000e+00	1.940980e+00	
668	6.690000e+00	1.942754e+00	
669	6.700000e+00	1.944525e+00	
670	6.710000e+00	1.946293e+00	
671	6.720000e+00	1.948059e+00	
672	6.730000e+00	1.949823e+00	
673	6.740000e+00	1.951584e+00	
674	6.750000e+00	1.953342e+00	
675	6.760000e+00	1.955098e+00	
676	6.770000e+00	1.956852e+00	
677	6.780000e+00	1.958603e+00	
678	6.790000e+00	1.960352e+00	
679	6.800000e+00	1.962098e+00	
680	6.810000e+00	1.963842e+00	
681	6.820000e+00	1.965583e+00	
682	6.830000e+00	1.967322e+00	
683	6.840000e+00	1.969059e+00	
684	6.850000e+00	1.970793e+00	
685	6.860000e+00	1.972525e+00	
686	6.870000e+00	1.974254e+00	
687	6.880000e+00	1.975981e+00	
688	6.890000e+00	1.977706e+00	
689	6.900000e+00	1.979428e+00	
690	6.910000e+00	1.981148e+00	
691	6.920000e+00	1.982865e+00	
692	6.930000e+00	1.984580e+00	

Index   v-sweep         v(out)          
--------------------------------------------------------------------------------
693	6.940000e+00	1.986293e+00	
694	6.950000e+00	1.988004e+00	
695	6.960000e+00	1.989712e+00	
696	6.970000e+00	1.991418e+00	
697	6.980000e+00	1.993121e+00	
698	6.990000e+00	1.994823e+00	
699	7.000000e+00	1.996522e+00	
700	7.010000e+00	1.998218e+00	
701	7.020000e+00	1.999913e+00	
702	7.030000e+00	2.001605e+00	
703	7.040000e+00	2.003294e+00	
704	7.050000e+00	2.004982e+00	
705	7.060000e+00	2.006667e+00	
706	7.070000e+00	2.008350e+00	
707	7.080000e+00	2.010031e+00	
708	7.090000e+00	2.011709e+00	
709	7.100000e+00	2.013386e+00	
710	7.110000e+00	2.015060e+00	
711	7.120000e+00	2.016731e+00	
712	7.130000e+00	2.018401e+00	
713	7.140000e+00	2.020068e+00	
714	7.150000e+00	2.021733e+00	
715	7.160000e+00	2.023396e+00	
716	7.170000e+00	2.025057e+00	
717	7.180000e+00	2.026716e+00	
718	7.190000e+00	2.028372e+00	
719	7.200000e+00	2.030026e+00	
720	7.210000e+00	2.031678e+00	
721	7.220000e+00	2.033328e+00	
722	7.230000e+00	2.034976e+00	
723	7.240000e+00	2.036621e+00	
724	7.250000e+00	2.038265e+00	
725	7.260000e+00	2.039906e+00	
726	7.270000e+00	2.041545e+00	
727	7.280000e+00	2.043182e+00	
728	7.290000e+00	2.044817e+00	
729	7.300000e+00	2.046450e+00	
730	7.310000e+00	2.048080e+00	
731	7.320000e+00	2.049709e+00	
732	7.330000e+00	2.051335e+00	
733	7.340000e+00	2.052959e+00	
734	7.350000e+00	2.054582e+00	
735	7.360000e+00	2.056202e+00	
736	7.370000e+00	2.057820e+00	
737	7.380000e+00	2.059436e+00	
738	7.390000e+00	2.061050e+00	
739	7.400000e+00	2.062661e+00	
740	7.410000e+00	2.064271e+00	
741	7.420000e+00	2.065879e+00	
742	7.430000e+00	2.067485e+00	
743	7.440000e+00	2.069088e+00	
744	7.450000e+00	2.070690e+00	
745	7.460000e+00	2.072289e+00	
746	7.470000e+00	2.073887e+00	
747	7.480000e+00	2.075482e+00	
748	7.490000e+00	2.077076e+00	
749	7.500000e+00	2.078667e+00	
750	7.510000e+00	2.080257e+00	

Index   v-sweep         v(out)          
--------------------------------------------------------------------------------
751	7.520000e+00	2.081844e+00	
752	7.530000e+00	2.083430e+00	
753	7.540000e+00	2.085013e+00	
754	7.550000e+00	2.086595e+00	
755	7.560000e+00	2.088174e+00	
756	7.570000e+00	2.089752e+00	
757	7.580000e+00	2.091327e+00	
758	7.590000e+00	2.092901e+00	
759	7.600000e+00	2.094473e+00	
760	7.610000e+00	2.096042e+00	
761	7.620000e+00	2.097610e+00	
762	7.630000e+00	2.099176e+00	
763	7.640000e+00	2.100740e+00	
764	7.650000e+00	2.102302e+00	
765	7.660000e+00	2.103862e+00	
766	7.670000e+00	2.105420e+00	
767	7.680000e+00	2.106976e+00	
768	7.690000e+00	2.108530e+00	
769	7.700000e+00	2.110083e+00	
770	7.710000e+00	2.111633e+00	
771	7.720000e+00	2.113182e+00	
772	7.730000e+00	2.114728e+00	
773	7.740000e+00	2.116273e+00	
774	7.750000e+00	2.117816e+00	
775	7.760000e+00	2.119357e+00	
776	7.770000e+00	2.120896e+00	
777	7.780000e+00	2.122433e+00	
778	7.790000e+00	2.123969e+00	
779	7.800000e+00	2.125502e+00	
780	7.810000e+00	2.127034e+00	
781	7.820000e+00	2.128564e+00	
782	7.830000e+00	2.130092e+00	
783	7.840000e+00	2.131618e+00	
784	7.850000e+00	2.133142e+00	
785	7.860000e+00	2.134664e+00	
786	7.870000e+00	2.136185e+00	
787	7.880000e+00	2.137704e+00	
788	7.890000e+00	2.139221e+00	
789	7.900000e+00	2.140736e+00	
790	7.910000e+00	2.142249e+00	
791	7.920000e+00	2.143761e+00	
792	7.930000e+00	2.145271e+00	
793	7.940000e+00	2.146778e+00	
794	7.950000e+00	2.148285e+00	
795	7.960000e+00	2.149789e+00	
796	7.970000e+00	2.151292e+00	
797	7.980000e+00	2.152792e+00	
798	7.990000e+00	2.154291e+00	
799	8.000000e+00	2.155789e+00	
800	8.010000e+00	2.157284e+00	
801	8.020000e+00	2.158778e+00	
802	8.030000e+00	2.160270e+00	
803	8.040000e+00	2.161760e+00	
804	8.050000e+00	2.163248e+00	
805	8.060000e+00	2.164735e+00	
806	8.070000e+00	2.166220e+00	
807	8.080000e+00	2.167703e+00	
808	8.090000e+00	2.169185e+00	

Index   v-sweep         v(out)          
--------------------------------------------------------------------------------
809	8.100000e+00	2.170665e+00	
810	8.110000e+00	2.172143e+00	
811	8.120000e+00	2.173619e+00	
812	8.130000e+00	2.175094e+00	
813	8.140000e+00	2.176566e+00	
814	8.150000e+00	2.178038e+00	
815	8.160000e+00	2.179507e+00	
816	8.170000e+00	2.180975e+00	
817	8.180000e+00	2.182441e+00	
818	8.190000e+00	2.183905e+00	
819	8.200000e+00	2.185368e+00	
820	8.210000e+00	2.186829e+00	
821	8.220000e+00	2.188288e+00	
822	8.230000e+00	2.189746e+00	
823	8.240000e+00	2.191202e+00	
824	8.250000e+00	2.192656e+00	
825	8.260000e+00	2.194109e+00	
826	8.270000e+00	2.195560e+00	
827	8.280000e+00	2.197009e+00	
828	8.290000e+00	2.198457e+00	
829	8.300000e+00	2.199903e+00	
830	8.310000e+00	2.201348e+00	
831	8.320000e+00	2.202790e+00	
832	8.330000e+00	2.204232e+00	
833	8.340000e+00	2.205671e+00	
834	8.350000e+00	2.207109e+00	
835	8.360000e+00	2.208545e+00	
836	8.370000e+00	2.209980e+00	
837	8.380000e+00	2.211413e+00	
838	8.390000e+00	2.212844e+00	
839	8.400000e+00	2.214274e+00	
840	8.410000e+00	2.215702e+00	
841	8.420000e+00	2.217129e+00	
842	8.430000e+00	2.218554e+00	
843	8.440000e+00	2.219977e+00	
844	8.450000e+00	2.221399e+00	
845	8.460000e+00	2.222819e+00	
846	8.470000e+00	2.224238e+00	
847	8.480000e+00	2.225655e+00	
848	8.490000e+00	2.227070e+00	
849	8.500000e+00	2.228484e+00	
850	8.510000e+00	2.229897e+00	
851	8.520000e+00	2.231307e+00	
852	8.530000e+00	2.232716e+00	
853	8.540000e+00	2.234124e+00	
854	8.550000e+00	2.235530e+00	
855	8.560000e+00	2.236935e+00	
856	8.570000e+00	2.238338e+00	
857	8.580000e+00	2.239739e+00	
858	8.590000e+00	2.241139e+00	
859	8.600000e+00	2.242538e+00	
860	8.610000e+00	2.243934e+00	
861	8.620000e+00	2.245330e+00	
862	8.630000e+00	2.246723e+00	
863	8.640000e+00	2.248116e+00	
864	8.650000e+00	2.249506e+00	
865	8.660000e+00	2.250896e+00	
866	8.670000e+00	2.252283e+00	

Index   v-sweep         v(out)          
--------------------------------------------------------------------------------
867	8.680000e+00	2.253670e+00	
868	8.690000e+00	2.255054e+00	
869	8.700000e+00	2.256437e+00	
870	8.710000e+00	2.257819e+00	
871	8.720000e+00	2.259199e+00	
872	8.730000e+00	2.260578e+00	
873	8.740000e+00	2.261955e+00	
874	8.750000e+00	2.263331e+00	
875	8.760000e+00	2.264705e+00	
876	8.770000e+00	2.266078e+00	
877	8.780000e+00	2.267449e+00	
878	8.790000e+00	2.268819e+00	
879	8.800000e+00	2.270188e+00	
880	8.810000e+00	2.271554e+00	
881	8.820000e+00	2.272920e+00	
882	8.830000e+00	2.274284e+00	
883	8.840000e+00	2.275646e+00	
884	8.850000e+00	2.277007e+00	
885	8.860000e+00	2.278367e+00	
886	8.870000e+00	2.279725e+00	
887	8.880000e+00	2.281082e+00	
888	8.890000e+00	2.282437e+00	
889	8.900000e+00	2.283791e+00	
890	8.910000e+00	2.285143e+00	
891	8.920000e+00	2.286494e+00	
892	8.930000e+00	2.287844e+00	
893	8.940000e+00	2.289192e+00	
894	8.950000e+00	2.290539e+00	
895	8.960000e+00	2.291884e+00	
896	8.970000e+00	2.293228e+00	
897	8.980000e+00	2.294570e+00	
898	8.990000e+00	2.295911e+00	
899	9.000000e+00	2.297251e+00	
900	9.010000e+00	2.298589e+00	
901	9.020000e+00	2.299926e+00	
902	9.030000e+00	2.301262e+00	
903	9.040000e+00	2.302596e+00	
904	9.050000e+00	2.303928e+00	
905	9.060000e+00	2.305260e+00	
906	9.070000e+00	2.306590e+00	
907	9.080000e+00	2.307918e+00	
908	9.090000e+00	2.309245e+00	
909	9.100000e+00	2.310571e+00	
910	9.110000e+00	2.311895e+00	
911	9.120000e+00	2.313218e+00	
912	9.130000e+00	2.314540e+00	
913	9.140000e+00	2.315860e+00	
914	9.150000e+00	2.317179e+00	
915	9.160000e+00	2.318497e+00	
916	9.170000e+00	2.319813e+00	
917	9.180000e+00	2.321128e+00	
918	9.190000e+00	2.322441e+00	
919	9.200000e+00	2.323754e+00	
920	9.210000e+00	2.325064e+00	
921	9.220000e+00	2.326374e+00	
922	9.230000e+00	2.327682e+00	
923	9.240000e+00	2.328989e+00	
924	9.250000e+00	2.330294e+00	

Index   v-sweep         v(out)          
--------------------------------------------------------------------------------
925	9.260000e+00	2.331598e+00	
926	9.270000e+00	2.332901e+00	
927	9.280000e+00	2.334203e+00	
928	9.290000e+00	2.335503e+00	
929	9.300000e+00	2.336802e+00	
930	9.310000e+00	2.338099e+00	
931	9.320000e+00	2.339396e+00	
932	9.330000e+00	2.340690e+00	
933	9.340000e+00	2.341984e+00	
934	9.350000e+00	2.343276e+00	
935	9.360000e+00	2.344567e+00	
936	9.370000e+00	2.345857e+00	
937	9.380000e+00	2.347145e+00	
938	9.390000e+00	2.348433e+00	
939	9.400000e+00	2.349718e+00	
940	9.410000e+00	2.351003e+00	
941	9.420000e+00	2.352286e+00	
942	9.430000e+00	2.353568e+00	
943	9.440000e+00	2.354849e+00	
944	9.450000e+00	2.356128e+00	
945	9.460000e+00	2.357406e+00	
946	9.470000e+00	2.358683e+00	
947	9.480000e+00	2.359959e+00	
948	9.490000e+00	2.361233e+00	
949	9.500000e+00	2.362506e+00	
950	9.510000e+00	2.363778e+00	
951	9.520000e+00	2.365049e+00	
952	9.530000e+00	2.366318e+00	
953	9.540000e+00	2.367586e+00	
954	9.550000e+00	2.368853e+00	
955	9.560000e+00	2.370118e+00	
956	9.570000e+00	2.371382e+00	
957	9.580000e+00	2.372645e+00	
958	9.590000e+00	2.373907e+00	
959	9.600000e+00	2.375168e+00	
960	9.610000e+00	2.376427e+00	
961	9.620000e+00	2.377685e+00	
962	9.630000e+00	2.378942e+00	
963	9.640000e+00	2.380198e+00	
964	9.650000e+00	2.381452e+00	
965	9.660000e+00	2.382705e+00	
966	9.670000e+00	2.383957e+00	
967	9.680000e+00	2.385208e+00	
968	9.690000e+00	2.386458e+00	
969	9.700000e+00	2.387706e+00	
970	9.710000e+00	2.388953e+00	
971	9.720000e+00	2.390199e+00	
972	9.730000e+00	2.391444e+00	
973	9.740000e+00	2.392687e+00	
974	9.750000e+00	2.393929e+00	
975	9.760000e+00	2.395170e+00	
976	9.770000e+00	2.396410e+00	
977	9.780000e+00	2.397649e+00	
978	9.790000e+00	2.398886e+00	
979	9.800000e+00	2.400123e+00	
980	9.810000e+00	2.401358e+00	
981	9.820000e+00	2.402592e+00	
982	9.830000e+00	2.403824e+00	

Index   v-sweep         v(out)          
--------------------------------------------------------------------------------
983	9.840000e+00	2.405056e+00	
984	9.850000e+00	2.406286e+00	
985	9.860000e+00	2.407516e+00	
986	9.870000e+00	2.408744e+00	
987	9.880000e+00	2.409971e+00	
988	9.890000e+00	2.411196e+00	
989	9.900000e+00	2.412421e+00	
990	9.910000e+00	2.413644e+00	
991	9.920000e+00	2.414866e+00	
992	9.930000e+00	2.416087e+00	
993	9.940000e+00	2.417307e+00	
994	9.950000e+00	2.418526e+00	
995	9.960000e+00	2.419744e+00	
996	9.970000e+00	2.420960e+00	
997	9.980000e+00	2.422175e+00	
998	9.990000e+00	2.423389e+00	
999	1.000000e+01	2.424602e+00	
