
Circuit: bridge rectifier

                                bridge rectifier
                                Transient Analysis  Mon Jan 17 01:41:28  2022
--------------------------------------------------------------------------------
Index   time            i(vd1)          i(vd2)          
--------------------------------------------------------------------------------
0	0.000000e+00	-7.32338e-32	-7.32338e-32	
1	1.000000e-06	4.619759e-15	-4.61976e-15	
2	2.000000e-06	9.601787e-15	-8.93443e-15	
3	4.000000e-06	2.006703e-14	-1.73531e-14	
4	8.000000e-06	4.467731e-14	-3.30849e-14	
5	1.600000e-05	1.218406e-13	-6.20330e-14	
6	3.200000e-05	7.133432e-13	-1.16419e-13	
7	6.400000e-05	3.822320e-11	-2.23188e-13	
8	9.961469e-05	3.730085e-09	-3.41822e-13	
9	1.345743e-04	3.357664e-07	-4.58219e-13	
10	1.697060e-04	3.083881e-05	-5.75134e-13	
11	2.051817e-04	2.949595e-03	-6.93148e-13	
12	2.407585e-04	2.602752e-01	-8.13728e-13	
13	2.765674e-04	4.677161e+00	-9.76837e-13	
14	3.134234e-04	7.332000e+00	-1.20975e-12	
15	3.702818e-04	6.218103e+00	-1.59068e-12	
16	4.278185e-04	6.835206e+00	-1.96861e-12	
17	5.278185e-04	6.410380e+00	-2.62908e-12	
18	6.278185e-04	6.656581e+00	-3.28333e-12	
19	7.278185e-04	6.414209e+00	-3.93559e-12	
20	8.278185e-04	6.509762e+00	-4.58178e-12	
21	9.278185e-04	6.347478e+00	-5.22357e-12	
22	1.027819e-03	6.362083e+00	-5.85863e-12	
23	1.127819e-03	6.238353e+00	-6.48762e-12	
24	1.227819e-03	6.203561e+00	-7.10897e-12	
25	1.327819e-03	6.094523e+00	-7.72276e-12	
26	1.427819e-03	6.028174e+00	-8.32790e-12	
27	1.527819e-03	5.921304e+00	-8.92414e-12	
28	1.627819e-03	5.833093e+00	-9.51064e-12	
29	1.727819e-03	5.721942e+00	-1.00870e-11	
30	1.827819e-03	5.617214e+00	-1.06525e-11	
31	1.927819e-03	5.498620e+00	-1.12068e-11	
32	2.027819e-03	5.380404e+00	-1.17491e-11	
33	2.127819e-03	5.252980e+00	-1.22790e-11	
34	2.227819e-03	5.123097e+00	-1.27960e-11	
35	2.327819e-03	4.986417e+00	-1.32996e-11	
36	2.427819e-03	4.846072e+00	-1.37892e-11	
37	2.527819e-03	4.700229e+00	-1.42644e-11	
38	2.627819e-03	4.550333e+00	-1.47247e-11	
39	2.727819e-03	4.395707e+00	-1.51697e-11	
40	2.827819e-03	4.237046e+00	-1.55990e-11	
41	2.927819e-03	4.074185e+00	-1.60120e-11	
42	3.027819e-03	3.907507e+00	-1.64085e-11	
43	3.127819e-03	3.737068e+00	-1.67880e-11	
44	3.227819e-03	3.563133e+00	-1.71502e-11	
45	3.327819e-03	3.385855e+00	-1.74947e-11	
46	3.427819e-03	3.205466e+00	-1.78211e-11	
47	3.527819e-03	3.022168e+00	-1.81293e-11	
48	3.627819e-03	2.836200e+00	-1.84188e-11	
49	3.727819e-03	2.647803e+00	-1.86895e-11	
50	3.827819e-03	2.457244e+00	-1.89410e-11	
51	3.927819e-03	2.264815e+00	-1.91732e-11	
52	4.027819e-03	2.070846e+00	-1.93858e-11	
53	4.127819e-03	1.875717e+00	-1.95787e-11	
54	4.227819e-03	1.679884e+00	-1.97518e-11	

Index   time            i(vd1)          i(vd2)          
--------------------------------------------------------------------------------
55	4.327819e-03	1.483914e+00	-1.99048e-11	
56	4.427819e-03	1.288543e+00	-2.00379e-11	
57	4.527819e-03	1.094779e+00	-2.01509e-11	
58	4.627819e-03	9.040685e-01	-2.02440e-11	
59	4.727819e-03	7.185714e-01	-2.03172e-11	
60	4.827819e-03	5.416220e-01	-2.03710e-11	
61	4.927819e-03	3.792065e-01	-2.04058e-11	
62	5.027819e-03	2.373992e-01	-2.04226e-11	
63	5.127819e-03	1.265951e-01	-2.04226e-11	
64	5.227819e-03	5.380737e-02	-2.04075e-11	
65	5.327819e-03	1.698252e-02	-2.03792e-11	
66	5.427819e-03	3.761581e-03	-2.03393e-11	
67	5.527819e-03	5.668688e-04	-2.02886e-11	
68	5.627819e-03	5.752114e-05	-2.02275e-11	
69	5.727819e-03	3.927203e-06	-2.01561e-11	
70	5.827819e-03	1.808029e-07	-2.00746e-11	
71	5.927819e-03	5.630278e-09	-1.99829e-11	
72	6.027819e-03	1.192155e-10	-1.98811e-11	
73	6.127819e-03	1.672699e-12	-1.97695e-11	
74	6.227819e-03	1.884533e-14	-1.96480e-11	
75	6.327819e-03	-1.25515e-13	-1.95169e-11	
76	6.427819e-03	-2.64407e-13	-1.93761e-11	
77	6.527819e-03	-4.12612e-13	-1.92260e-11	
78	6.627819e-03	-5.70093e-13	-1.90666e-11	
79	6.727819e-03	-7.36699e-13	-1.88980e-11	
80	6.827819e-03	-9.12266e-13	-1.87205e-11	
81	6.927819e-03	-1.09662e-12	-1.85341e-11	
82	7.027819e-03	-1.28958e-12	-1.83392e-11	
83	7.127819e-03	-1.49095e-12	-1.81359e-11	
84	7.227819e-03	-1.70053e-12	-1.79243e-11	
85	7.327819e-03	-1.91813e-12	-1.77048e-11	
86	7.427819e-03	-2.14351e-12	-1.74775e-11	
87	7.527819e-03	-2.37645e-12	-1.72425e-11	
88	7.627819e-03	-2.61674e-12	-1.70003e-11	
89	7.727819e-03	-2.86412e-12	-1.67510e-11	
90	7.827819e-03	-3.11835e-12	-1.64948e-11	
91	7.927819e-03	-3.37918e-12	-1.62320e-11	
92	8.027819e-03	-3.64636e-12	-1.59628e-11	
93	8.127819e-03	-3.91961e-12	-1.56876e-11	
94	8.227819e-03	-4.19867e-12	-1.54066e-11	
95	8.327819e-03	-4.48326e-12	-1.51201e-11	
96	8.427819e-03	-4.77310e-12	-1.48283e-11	
97	8.527819e-03	-5.06790e-12	-1.45315e-11	
98	8.627819e-03	-5.36737e-12	-1.42301e-11	
99	8.727819e-03	-5.67121e-12	-1.39243e-11	
100	8.827819e-03	-5.97913e-12	-1.36144e-11	
101	8.927819e-03	-6.29081e-12	-1.33008e-11	
102	9.027819e-03	-6.60595e-12	-1.29837e-11	
103	9.127819e-03	-6.92425e-12	-1.26634e-11	
104	9.227819e-03	-7.24537e-12	-1.23403e-11	
105	9.327819e-03	-7.56900e-12	-1.20147e-11	
106	9.427819e-03	-7.89483e-12	-1.16870e-11	
107	9.527819e-03	-8.22253e-12	-1.13573e-11	
108	9.627819e-03	-8.55178e-12	-1.10261e-11	
109	9.727819e-03	-8.88225e-12	-1.06937e-11	
110	9.827819e-03	-9.21362e-12	-1.03604e-11	
111	9.927819e-03	-9.54554e-12	-1.00265e-11	
112	1.002782e-02	-9.87771e-12	-9.69235e-12	

Index   time            i(vd1)          i(vd2)          
--------------------------------------------------------------------------------
113	1.012782e-02	-1.02098e-11	-9.35832e-12	
114	1.022782e-02	-1.05414e-11	-9.02471e-12	
115	1.032782e-02	-1.08723e-11	-8.69185e-12	
116	1.042782e-02	-1.12022e-11	-8.36006e-12	
117	1.052782e-02	-1.15306e-11	-8.02968e-12	
118	1.062782e-02	-1.18573e-11	-7.70103e-12	
119	1.072782e-02	-1.21820e-11	-7.37442e-12	
120	1.082782e-02	-1.25042e-11	-7.05019e-12	
121	1.092782e-02	-1.28238e-11	-6.72865e-12	
122	1.102782e-02	-1.31404e-11	-6.41012e-12	
123	1.112782e-02	-1.34537e-11	-6.09490e-12	
124	1.122782e-02	-1.37633e-11	-5.78332e-12	
125	1.132782e-02	-1.40690e-11	-5.47568e-12	
126	1.142782e-02	-1.43704e-11	-5.17228e-12	
127	1.152782e-02	-1.46673e-11	-4.87341e-12	
128	1.162782e-02	-1.49594e-11	-4.57938e-12	
129	1.172782e-02	-1.52464e-11	-4.29048e-12	
130	1.182782e-02	-1.55279e-11	-4.00697e-12	
131	1.192782e-02	-1.58038e-11	-3.72915e-12	
132	1.202782e-02	-1.60737e-11	-3.45730e-12	
133	1.212782e-02	-1.63374e-11	-3.19166e-12	
134	1.222782e-02	-1.65946e-11	-2.93251e-12	
135	1.232782e-02	-1.68450e-11	-2.68011e-12	
136	1.242782e-02	-1.70885e-11	-2.43469e-12	
137	1.252782e-02	-1.73247e-11	-2.19651e-12	
138	1.262782e-02	-1.75535e-11	-1.96579e-12	
139	1.272782e-02	-1.77746e-11	-1.74276e-12	
140	1.282782e-02	-1.79878e-11	-1.52764e-12	
141	1.292782e-02	-1.81928e-11	-1.32065e-12	
142	1.302782e-02	-1.83895e-11	-1.12198e-12	
143	1.312782e-02	-1.85777e-11	-9.31826e-13	
144	1.322782e-02	-1.87572e-11	-7.50384e-13	
145	1.332782e-02	-1.89278e-11	-5.77826e-13	
146	1.342782e-02	-1.90894e-11	-4.14322e-13	
147	1.352782e-02	-1.92417e-11	-2.60024e-13	
148	1.362782e-02	-1.93847e-11	-1.14931e-13	
149	1.372782e-02	-1.95182e-11	4.975867e-14	
150	1.382782e-02	-1.96420e-11	3.946144e-12	
151	1.392782e-02	-1.97560e-11	3.703632e-10	
152	1.402782e-02	-1.98602e-11	2.240382e-08	
153	1.412782e-02	-1.99544e-11	9.219548e-07	
154	1.422782e-02	-2.00385e-11	2.569900e-05	
155	1.432782e-02	-2.01125e-11	4.834298e-04	
156	1.442782e-02	-2.01764e-11	6.086643e-03	
157	1.452782e-02	-2.02309e-11	4.910227e-02	
158	1.462782e-02	-2.02807e-11	2.164192e-01	
159	1.472782e-02	-2.03286e-11	4.388327e-01	
160	1.482782e-02	-2.03784e-11	4.664636e-01	
161	1.492782e-02	-2.04068e-11	3.579345e-01	
162	1.502782e-02	-2.04228e-11	2.303325e-01	
163	1.512782e-02	-2.04228e-11	1.239820e-01	
164	1.522782e-02	-2.04081e-11	5.287761e-02	
165	1.532782e-02	-2.03797e-11	1.670853e-02	
166	1.542782e-02	-2.03397e-11	3.702093e-03	
167	1.552782e-02	-2.02891e-11	5.579416e-04	
168	1.562782e-02	-2.02279e-11	5.661591e-05	
169	1.572782e-02	-2.01565e-11	3.865409e-06	
170	1.582782e-02	-2.00750e-11	1.779583e-07	

Index   time            i(vd1)          i(vd2)          
--------------------------------------------------------------------------------
171	1.592782e-02	-1.99833e-11	5.541710e-09	
172	1.602782e-02	-1.98815e-11	1.173435e-10	
173	1.612782e-02	-1.97699e-11	1.647915e-12	
174	1.622782e-02	-1.96484e-11	1.819459e-14	
175	1.632782e-02	-1.95173e-11	-1.25927e-13	
176	1.642782e-02	-1.93766e-11	-2.64817e-13	
177	1.652782e-02	-1.92264e-11	-4.13022e-13	
178	1.662782e-02	-1.90670e-11	-5.70503e-13	
179	1.672782e-02	-1.88984e-11	-7.37108e-13	
180	1.682782e-02	-1.87209e-11	-9.12675e-13	
181	1.692782e-02	-1.85346e-11	-1.09703e-12	
182	1.702782e-02	-1.83396e-11	-1.28999e-12	
183	1.712782e-02	-1.81363e-11	-1.49136e-12	
184	1.722782e-02	-1.79248e-11	-1.70094e-12	
185	1.732782e-02	-1.77052e-11	-1.91854e-12	
186	1.742782e-02	-1.74779e-11	-2.14392e-12	
187	1.752782e-02	-1.72430e-11	-2.37686e-12	
188	1.762782e-02	-1.70007e-11	-2.61714e-12	
189	1.772782e-02	-1.67514e-11	-2.86452e-12	
190	1.782782e-02	-1.64952e-11	-3.11876e-12	
191	1.792782e-02	-1.62324e-11	-3.37959e-12	
192	1.802782e-02	-1.59633e-11	-3.64677e-12	
193	1.812782e-02	-1.56880e-11	-3.92002e-12	
194	1.822782e-02	-1.54070e-11	-4.19908e-12	
195	1.832782e-02	-1.51205e-11	-4.48367e-12	
196	1.842782e-02	-1.48287e-11	-4.77351e-12	
197	1.852782e-02	-1.45319e-11	-5.06831e-12	
198	1.862782e-02	-1.42305e-11	-5.36778e-12	
199	1.872782e-02	-1.39247e-11	-5.67162e-12	
200	1.882782e-02	-1.36148e-11	-5.97954e-12	
201	1.892782e-02	-1.33012e-11	-6.29122e-12	
202	1.902782e-02	-1.29841e-11	-6.60636e-12	
203	1.912782e-02	-1.26638e-11	-6.92465e-12	
204	1.922782e-02	-1.23407e-11	-7.24578e-12	
205	1.932782e-02	-1.20152e-11	-7.56941e-12	
206	1.942782e-02	-1.16874e-11	-7.89524e-12	
207	1.952782e-02	-1.13577e-11	-8.22294e-12	
208	1.962782e-02	-1.10265e-11	-8.55219e-12	
209	1.972782e-02	-1.06941e-11	-8.88266e-12	
210	1.982782e-02	-1.03608e-11	-9.21402e-12	
211	1.992782e-02	-1.00269e-11	-9.54595e-12	
212	2.002782e-02	-9.69276e-12	-9.87812e-12	
213	2.012782e-02	-9.35873e-12	-1.02102e-11	
214	2.022782e-02	-9.02512e-12	-1.05418e-11	
215	2.032782e-02	-8.69226e-12	-1.08728e-11	
216	2.042782e-02	-8.36047e-12	-1.12026e-11	
217	2.052782e-02	-8.03009e-12	-1.15310e-11	
218	2.062782e-02	-7.70143e-12	-1.18577e-11	
219	2.072782e-02	-7.37483e-12	-1.21824e-11	
220	2.082782e-02	-7.05060e-12	-1.25046e-11	
221	2.092782e-02	-6.72906e-12	-1.28242e-11	
222	2.102782e-02	-6.41052e-12	-1.31408e-11	
223	2.112782e-02	-6.09531e-12	-1.34541e-11	
224	2.122782e-02	-5.78373e-12	-1.37637e-11	
225	2.132782e-02	-5.47609e-12	-1.40694e-11	
226	2.142782e-02	-5.17269e-12	-1.43708e-11	
227	2.152782e-02	-4.87382e-12	-1.46678e-11	
228	2.162782e-02	-4.57979e-12	-1.49598e-11	

Index   time            i(vd1)          i(vd2)          
--------------------------------------------------------------------------------
229	2.172782e-02	-4.29088e-12	-1.52468e-11	
230	2.182782e-02	-4.00738e-12	-1.55283e-11	
231	2.192782e-02	-3.72956e-12	-1.58042e-11	
232	2.202782e-02	-3.45770e-12	-1.60741e-11	
233	2.212782e-02	-3.19207e-12	-1.63378e-11	
234	2.222782e-02	-2.93292e-12	-1.65950e-11	
235	2.232782e-02	-2.68052e-12	-1.68454e-11	
236	2.242782e-02	-2.43510e-12	-1.70889e-11	
237	2.252782e-02	-2.19691e-12	-1.73251e-11	
238	2.262782e-02	-1.96619e-12	-1.75539e-11	
239	2.272782e-02	-1.74317e-12	-1.77750e-11	
240	2.282782e-02	-1.52805e-12	-1.79882e-11	
241	2.292782e-02	-1.32105e-12	-1.81932e-11	
242	2.302782e-02	-1.12238e-12	-1.83899e-11	
243	2.312782e-02	-9.32233e-13	-1.85781e-11	
244	2.322782e-02	-7.50791e-13	-1.87576e-11	
245	2.332782e-02	-5.78233e-13	-1.89282e-11	
246	2.342782e-02	-4.14729e-13	-1.90898e-11	
247	2.352782e-02	-2.60431e-13	-1.92421e-11	
248	2.362782e-02	-1.15340e-13	-1.93851e-11	
249	2.372782e-02	4.889178e-14	-1.95186e-11	
250	2.382782e-02	3.886422e-12	-1.96424e-11	
251	2.392782e-02	3.645866e-10	-1.97564e-11	
252	2.402782e-02	2.205420e-08	-1.98606e-11	
253	2.412782e-02	9.075685e-07	-1.99548e-11	
254	2.422782e-02	2.529804e-05	-2.00389e-11	
255	2.432782e-02	4.758917e-04	-2.01129e-11	
256	2.442782e-02	5.992333e-03	-2.01768e-11	
257	2.452782e-02	4.837974e-02	-2.02316e-11	
258	2.462782e-02	2.140938e-01	-2.02813e-11	
259	2.472782e-02	4.358727e-01	-2.03302e-11	
260	2.482782e-02	4.652088e-01	-2.03750e-11	
261	2.492782e-02	3.575399e-01	-2.04074e-11	
262	2.502782e-02	2.301973e-01	-2.04234e-11	
263	2.512782e-02	1.239315e-01	-2.04231e-11	
264	2.522782e-02	5.285957e-02	-2.04080e-11	
265	2.532782e-02	1.670320e-02	-2.03797e-11	
266	2.542782e-02	3.700937e-03	-2.03398e-11	
267	2.552782e-02	5.577681e-04	-2.02891e-11	
268	2.562782e-02	5.659832e-05	-2.02279e-11	
269	2.572782e-02	3.864208e-06	-2.01566e-11	
270	2.582782e-02	1.779031e-07	-2.00750e-11	
271	2.592782e-02	5.539988e-09	-1.99833e-11	
272	2.602782e-02	1.173071e-10	-1.98816e-11	
273	2.612782e-02	1.647433e-12	-1.97699e-11	
274	2.622782e-02	1.818188e-14	-1.96484e-11	
275	2.632782e-02	-1.25935e-13	-1.95173e-11	
276	2.642782e-02	-2.64825e-13	-1.93766e-11	
277	2.652782e-02	-4.13030e-13	-1.92264e-11	
278	2.662782e-02	-5.70511e-13	-1.90670e-11	
279	2.672782e-02	-7.37116e-13	-1.88984e-11	
280	2.682782e-02	-9.12683e-13	-1.87209e-11	
281	2.692782e-02	-1.09704e-12	-1.85346e-11	
282	2.702782e-02	-1.29000e-12	-1.83396e-11	
283	2.712782e-02	-1.49137e-12	-1.81363e-11	
284	2.722782e-02	-1.70095e-12	-1.79248e-11	
285	2.732782e-02	-1.91854e-12	-1.77052e-11	
286	2.742782e-02	-2.14392e-12	-1.74779e-11	

Index   time            i(vd1)          i(vd2)          
--------------------------------------------------------------------------------
287	2.752782e-02	-2.37687e-12	-1.72430e-11	
288	2.762782e-02	-2.61715e-12	-1.70007e-11	
289	2.772782e-02	-2.86453e-12	-1.67514e-11	
290	2.782782e-02	-3.11877e-12	-1.64952e-11	
291	2.792782e-02	-3.37960e-12	-1.62324e-11	
292	2.802782e-02	-3.64677e-12	-1.59633e-11	
293	2.812782e-02	-3.92003e-12	-1.56881e-11	
294	2.822782e-02	-4.19909e-12	-1.54070e-11	
295	2.832782e-02	-4.48368e-12	-1.51205e-11	
296	2.842782e-02	-4.77351e-12	-1.48287e-11	
297	2.852782e-02	-5.06831e-12	-1.45319e-11	
298	2.862782e-02	-5.36779e-12	-1.42305e-11	
299	2.872782e-02	-5.67163e-12	-1.39247e-11	
300	2.882782e-02	-5.97955e-12	-1.36148e-11	
301	2.892782e-02	-6.29123e-12	-1.33012e-11	
302	2.902782e-02	-6.60637e-12	-1.29841e-11	
303	2.912782e-02	-6.92466e-12	-1.26638e-11	
304	2.922782e-02	-7.24578e-12	-1.23408e-11	
305	2.932782e-02	-7.56942e-12	-1.20152e-11	
306	2.942782e-02	-7.89525e-12	-1.16874e-11	
307	2.952782e-02	-8.22295e-12	-1.13577e-11	
308	2.962782e-02	-8.55220e-12	-1.10265e-11	
309	2.972782e-02	-8.88267e-12	-1.06941e-11	
310	2.982782e-02	-9.21403e-12	-1.03608e-11	
311	2.992782e-02	-9.54596e-12	-1.00269e-11	
312	3.002782e-02	-9.87813e-12	-9.69277e-12	
313	3.012782e-02	-1.02102e-11	-9.35874e-12	
314	3.022782e-02	-1.05419e-11	-9.02513e-12	
315	3.032782e-02	-1.08728e-11	-8.69227e-12	
316	3.042782e-02	-1.12026e-11	-8.36048e-12	
317	3.052782e-02	-1.15310e-11	-8.03010e-12	
318	3.062782e-02	-1.18577e-11	-7.70144e-12	
319	3.072782e-02	-1.21824e-11	-7.37484e-12	
320	3.082782e-02	-1.25047e-11	-7.05061e-12	
321	3.092782e-02	-1.28242e-11	-6.72906e-12	
322	3.102782e-02	-1.31408e-11	-6.41053e-12	
323	3.112782e-02	-1.34541e-11	-6.09532e-12	
324	3.122782e-02	-1.37637e-11	-5.78374e-12	
325	3.132782e-02	-1.40694e-11	-5.47610e-12	
326	3.142782e-02	-1.43708e-11	-5.17269e-12	
327	3.152782e-02	-1.46678e-11	-4.87383e-12	
328	3.162782e-02	-1.49598e-11	-4.57980e-12	
329	3.172782e-02	-1.52468e-11	-4.29089e-12	
330	3.182782e-02	-1.55283e-11	-4.00739e-12	
331	3.192782e-02	-1.58042e-11	-3.72957e-12	
332	3.202782e-02	-1.60741e-11	-3.45771e-12	
333	3.212782e-02	-1.63378e-11	-3.19208e-12	
334	3.222782e-02	-1.65950e-11	-2.93293e-12	
335	3.232782e-02	-1.68455e-11	-2.68052e-12	
336	3.242782e-02	-1.70889e-11	-2.43511e-12	
337	3.252782e-02	-1.73252e-11	-2.19692e-12	
338	3.262782e-02	-1.75539e-11	-1.96620e-12	
339	3.272782e-02	-1.77750e-11	-1.74317e-12	
340	3.282782e-02	-1.79882e-11	-1.52806e-12	
341	3.292782e-02	-1.81932e-11	-1.32106e-12	
342	3.302782e-02	-1.83899e-11	-1.12239e-12	
343	3.312782e-02	-1.85781e-11	-9.32241e-13	
344	3.322782e-02	-1.87576e-11	-7.50799e-13	

Index   time            i(vd1)          i(vd2)          
--------------------------------------------------------------------------------
345	3.332782e-02	-1.89282e-11	-5.78241e-13	
346	3.342782e-02	-1.90898e-11	-4.14737e-13	
347	3.352782e-02	-1.92421e-11	-2.60439e-13	
348	3.362782e-02	-1.93851e-11	-1.15348e-13	
349	3.372782e-02	-1.95186e-11	4.887487e-14	
350	3.382782e-02	-1.96424e-11	3.885262e-12	
351	3.392782e-02	-1.97565e-11	3.644743e-10	
352	3.402782e-02	-1.98606e-11	2.204741e-08	
353	3.412782e-02	-1.99548e-11	9.072889e-07	
354	3.422782e-02	-2.00390e-11	2.529024e-05	
355	3.432782e-02	-2.01129e-11	4.757452e-04	
356	3.442782e-02	-2.01769e-11	5.990500e-03	
357	3.452782e-02	-2.02318e-11	4.836569e-02	
358	3.462782e-02	-2.02824e-11	2.140447e-01	
359	3.472782e-02	-2.03286e-11	4.358169e-01	
360	3.482782e-02	-2.03713e-11	4.651851e-01	
361	3.492782e-02	-2.04068e-11	3.575324e-01	
362	3.502782e-02	-2.04228e-11	2.301947e-01	
363	3.512782e-02	-2.04228e-11	1.239305e-01	
364	3.522782e-02	-2.04081e-11	5.285923e-02	
365	3.532782e-02	-2.03796e-11	1.670310e-02	
366	3.542782e-02	-2.03398e-11	3.700915e-03	
367	3.552782e-02	-2.02891e-11	5.577648e-04	
368	3.562782e-02	-2.02279e-11	5.659798e-05	
369	3.572782e-02	-2.01566e-11	3.864186e-06	
370	3.582782e-02	-2.00750e-11	1.779020e-07	
371	3.592782e-02	-1.99833e-11	5.539956e-09	
372	3.602782e-02	-1.98816e-11	1.173064e-10	
373	3.612782e-02	-1.97699e-11	1.647424e-12	
374	3.622782e-02	-1.96484e-11	1.818164e-14	
375	3.632782e-02	-1.95173e-11	-1.25935e-13	
376	3.642782e-02	-1.93766e-11	-2.64825e-13	
377	3.652782e-02	-1.92264e-11	-4.13030e-13	
378	3.662782e-02	-1.90670e-11	-5.70511e-13	
379	3.672782e-02	-1.88984e-11	-7.37117e-13	
380	3.682782e-02	-1.87209e-11	-9.12684e-13	
381	3.692782e-02	-1.85346e-11	-1.09704e-12	
382	3.702782e-02	-1.83396e-11	-1.29000e-12	
383	3.712782e-02	-1.81363e-11	-1.49137e-12	
384	3.722782e-02	-1.79248e-11	-1.70095e-12	
385	3.732782e-02	-1.77052e-11	-1.91854e-12	
386	3.742782e-02	-1.74779e-11	-2.14392e-12	
387	3.752782e-02	-1.72430e-11	-2.37687e-12	
388	3.762782e-02	-1.70007e-11	-2.61715e-12	
389	3.772782e-02	-1.67514e-11	-2.86453e-12	
390	3.782782e-02	-1.64952e-11	-3.11877e-12	
391	3.792782e-02	-1.62324e-11	-3.37960e-12	
392	3.802782e-02	-1.59633e-11	-3.64677e-12	
393	3.812782e-02	-1.56881e-11	-3.92003e-12	
394	3.822782e-02	-1.54070e-11	-4.19909e-12	
395	3.832782e-02	-1.51205e-11	-4.48368e-12	
396	3.842782e-02	-1.48287e-11	-4.77351e-12	
397	3.852782e-02	-1.45319e-11	-5.06832e-12	
398	3.862782e-02	-1.42305e-11	-5.36779e-12	
399	3.872782e-02	-1.39247e-11	-5.67163e-12	
400	3.882782e-02	-1.36148e-11	-5.97955e-12	
401	3.892782e-02	-1.33012e-11	-6.29123e-12	
402	3.902782e-02	-1.29841e-11	-6.60637e-12	

Index   time            i(vd1)          i(vd2)          
--------------------------------------------------------------------------------
403	3.912782e-02	-1.26638e-11	-6.92466e-12	
404	3.922782e-02	-1.23408e-11	-7.24578e-12	
405	3.932782e-02	-1.20152e-11	-7.56942e-12	
406	3.942782e-02	-1.16874e-11	-7.89525e-12	
407	3.952782e-02	-1.13577e-11	-8.22295e-12	
408	3.962782e-02	-1.10265e-11	-8.55220e-12	
409	3.972782e-02	-1.06941e-11	-8.88267e-12	
410	3.982782e-02	-1.03608e-11	-9.21403e-12	
411	3.992782e-02	-1.00269e-11	-9.54596e-12	
412	4.002782e-02	-9.69277e-12	-9.87813e-12	
413	4.012782e-02	-9.35874e-12	-1.02102e-11	
414	4.022782e-02	-9.02513e-12	-1.05419e-11	
415	4.032782e-02	-8.69227e-12	-1.08728e-11	
416	4.042782e-02	-8.36048e-12	-1.12026e-11	
417	4.052782e-02	-8.03010e-12	-1.15310e-11	
418	4.062782e-02	-7.70144e-12	-1.18577e-11	
419	4.072782e-02	-7.37484e-12	-1.21824e-11	
420	4.082782e-02	-7.05061e-12	-1.25047e-11	
421	4.092782e-02	-6.72907e-12	-1.28242e-11	
422	4.102782e-02	-6.41053e-12	-1.31408e-11	
423	4.112782e-02	-6.09532e-12	-1.34541e-11	
424	4.122782e-02	-5.78374e-12	-1.37637e-11	
425	4.132782e-02	-5.47610e-12	-1.40694e-11	
426	4.142782e-02	-5.17269e-12	-1.43708e-11	
427	4.152782e-02	-4.87383e-12	-1.46678e-11	
428	4.162782e-02	-4.57980e-12	-1.49598e-11	
429	4.172782e-02	-4.29089e-12	-1.52468e-11	
430	4.182782e-02	-4.00739e-12	-1.55283e-11	
431	4.192782e-02	-3.72957e-12	-1.58042e-11	
432	4.202782e-02	-3.45771e-12	-1.60741e-11	
433	4.212782e-02	-3.19208e-12	-1.63378e-11	
434	4.222782e-02	-2.93293e-12	-1.65950e-11	
435	4.232782e-02	-2.68052e-12	-1.68455e-11	
436	4.242782e-02	-2.43511e-12	-1.70889e-11	
437	4.252782e-02	-2.19692e-12	-1.73252e-11	
438	4.262782e-02	-1.96620e-12	-1.75539e-11	
439	4.272782e-02	-1.74317e-12	-1.77750e-11	
440	4.282782e-02	-1.52806e-12	-1.79882e-11	
441	4.292782e-02	-1.32106e-12	-1.81932e-11	
442	4.302782e-02	-1.12239e-12	-1.83899e-11	
443	4.312782e-02	-9.32241e-13	-1.85781e-11	
444	4.322782e-02	-7.50799e-13	-1.87576e-11	
445	4.332782e-02	-5.78241e-13	-1.89282e-11	
446	4.342782e-02	-4.14737e-13	-1.90898e-11	
447	4.352782e-02	-2.60439e-13	-1.92421e-11	
448	4.362782e-02	-1.15348e-13	-1.93851e-11	
449	4.372782e-02	4.887454e-14	-1.95186e-11	
450	4.382782e-02	3.885239e-12	-1.96424e-11	
451	4.392782e-02	3.644722e-10	-1.97565e-11	
452	4.402782e-02	2.204728e-08	-1.98606e-11	
453	4.412782e-02	9.072836e-07	-1.99548e-11	
454	4.422782e-02	2.529010e-05	-2.00390e-11	
455	4.432782e-02	4.757424e-04	-2.01129e-11	
456	4.442782e-02	5.990465e-03	-2.01768e-11	
457	4.452782e-02	4.836542e-02	-2.02316e-11	
458	4.462782e-02	2.140437e-01	-2.02813e-11	
459	4.472782e-02	4.358159e-01	-2.03302e-11	
460	4.482782e-02	4.651846e-01	-2.03750e-11	

Index   time            i(vd1)          i(vd2)          
--------------------------------------------------------------------------------
461	4.492782e-02	3.575323e-01	-2.04074e-11	
462	4.502782e-02	2.301947e-01	-2.04234e-11	
463	4.512782e-02	1.239305e-01	-2.04231e-11	
464	4.522782e-02	5.285922e-02	-2.04080e-11	
465	4.532782e-02	1.670310e-02	-2.03797e-11	
466	4.542782e-02	3.700914e-03	-2.03398e-11	
467	4.552782e-02	5.577647e-04	-2.02891e-11	
468	4.562782e-02	5.659798e-05	-2.02279e-11	
469	4.572782e-02	3.864185e-06	-2.01566e-11	
470	4.582782e-02	1.779020e-07	-2.00750e-11	
471	4.592782e-02	5.539955e-09	-1.99833e-11	
472	4.602782e-02	1.173064e-10	-1.98816e-11	
473	4.612782e-02	1.647424e-12	-1.97699e-11	
474	4.622782e-02	1.818163e-14	-1.96484e-11	
475	4.632782e-02	-1.25935e-13	-1.95173e-11	
476	4.642782e-02	-2.64825e-13	-1.93766e-11	
477	4.652782e-02	-4.13031e-13	-1.92264e-11	
478	4.662782e-02	-5.70511e-13	-1.90670e-11	
479	4.672782e-02	-7.37117e-13	-1.88984e-11	
480	4.682782e-02	-9.12684e-13	-1.87209e-11	
481	4.692782e-02	-1.09704e-12	-1.85346e-11	
482	4.702782e-02	-1.29000e-12	-1.83396e-11	
483	4.712782e-02	-1.49137e-12	-1.81363e-11	
484	4.722782e-02	-1.70095e-12	-1.79248e-11	
485	4.732782e-02	-1.91854e-12	-1.77052e-11	
486	4.742782e-02	-2.14392e-12	-1.74779e-11	
487	4.752782e-02	-2.37687e-12	-1.72430e-11	
488	4.762782e-02	-2.61715e-12	-1.70007e-11	
489	4.772782e-02	-2.86453e-12	-1.67514e-11	
490	4.782782e-02	-3.11877e-12	-1.64952e-11	
491	4.792782e-02	-3.37960e-12	-1.62324e-11	
492	4.802782e-02	-3.64677e-12	-1.59633e-11	
493	4.812782e-02	-3.92003e-12	-1.56881e-11	
494	4.822782e-02	-4.19909e-12	-1.54070e-11	
495	4.832782e-02	-4.48368e-12	-1.51205e-11	
496	4.842782e-02	-4.77351e-12	-1.48287e-11	
497	4.852782e-02	-5.06832e-12	-1.45319e-11	
498	4.862782e-02	-5.36779e-12	-1.42305e-11	
499	4.872782e-02	-5.67163e-12	-1.39247e-11	
500	4.882782e-02	-5.97955e-12	-1.36148e-11	
501	4.892782e-02	-6.29123e-12	-1.33012e-11	
502	4.902782e-02	-6.60637e-12	-1.29841e-11	
503	4.912782e-02	-6.92466e-12	-1.26638e-11	
504	4.922782e-02	-7.24578e-12	-1.23408e-11	
505	4.932782e-02	-7.56942e-12	-1.20152e-11	
506	4.942782e-02	-7.89525e-12	-1.16874e-11	
507	4.952782e-02	-8.22295e-12	-1.13577e-11	
508	4.962782e-02	-8.55220e-12	-1.10265e-11	
509	4.972782e-02	-8.88267e-12	-1.06941e-11	
510	4.982782e-02	-9.21403e-12	-1.03608e-11	
511	4.992782e-02	-9.54596e-12	-1.00269e-11	
512	5.002782e-02	-9.87813e-12	-9.69277e-12	
513	5.012782e-02	-1.02102e-11	-9.35874e-12	
514	5.022782e-02	-1.05419e-11	-9.02513e-12	
515	5.032782e-02	-1.08728e-11	-8.69227e-12	
516	5.042782e-02	-1.12026e-11	-8.36048e-12	
517	5.052782e-02	-1.15310e-11	-8.03010e-12	
518	5.062782e-02	-1.18577e-11	-7.70144e-12	

Index   time            i(vd1)          i(vd2)          
--------------------------------------------------------------------------------
519	5.072782e-02	-1.21824e-11	-7.37484e-12	
520	5.082782e-02	-1.25047e-11	-7.05061e-12	
521	5.092782e-02	-1.28242e-11	-6.72907e-12	
522	5.102782e-02	-1.31408e-11	-6.41053e-12	
523	5.112782e-02	-1.34541e-11	-6.09532e-12	
524	5.122782e-02	-1.37637e-11	-5.78374e-12	
525	5.132782e-02	-1.40694e-11	-5.47610e-12	
526	5.142782e-02	-1.43708e-11	-5.17269e-12	
527	5.152782e-02	-1.46678e-11	-4.87383e-12	
528	5.162782e-02	-1.49598e-11	-4.57980e-12	
529	5.172782e-02	-1.52468e-11	-4.29089e-12	
530	5.182782e-02	-1.55283e-11	-4.00739e-12	
531	5.192782e-02	-1.58042e-11	-3.72957e-12	
532	5.202782e-02	-1.60741e-11	-3.45771e-12	
533	5.212782e-02	-1.63378e-11	-3.19208e-12	
534	5.222782e-02	-1.65950e-11	-2.93293e-12	
535	5.232782e-02	-1.68455e-11	-2.68052e-12	
536	5.242782e-02	-1.70889e-11	-2.43511e-12	
537	5.252782e-02	-1.73252e-11	-2.19692e-12	
538	5.262782e-02	-1.75539e-11	-1.96620e-12	
539	5.272782e-02	-1.77750e-11	-1.74317e-12	
540	5.282782e-02	-1.79882e-11	-1.52806e-12	
541	5.292782e-02	-1.81932e-11	-1.32106e-12	
542	5.302782e-02	-1.83899e-11	-1.12239e-12	
543	5.312782e-02	-1.85781e-11	-9.32241e-13	
544	5.322782e-02	-1.87576e-11	-7.50799e-13	
545	5.332782e-02	-1.89282e-11	-5.78241e-13	
546	5.342782e-02	-1.90898e-11	-4.14737e-13	
547	5.352782e-02	-1.92421e-11	-2.60439e-13	
548	5.362782e-02	-1.93851e-11	-1.15348e-13	
549	5.372782e-02	-1.95186e-11	4.887454e-14	
550	5.382782e-02	-1.96424e-11	3.885239e-12	
551	5.392782e-02	-1.97565e-11	3.644721e-10	
552	5.402782e-02	-1.98606e-11	2.204728e-08	
553	5.412782e-02	-1.99548e-11	9.072835e-07	
554	5.422782e-02	-2.00390e-11	2.529009e-05	
555	5.432782e-02	-2.01129e-11	4.757423e-04	
556	5.442782e-02	-2.01769e-11	5.990464e-03	
557	5.452782e-02	-2.02318e-11	4.836542e-02	
558	5.462782e-02	-2.02807e-11	2.140437e-01	
559	5.472782e-02	-2.03286e-11	4.358158e-01	
560	5.482782e-02	-2.03748e-11	4.651846e-01	
561	5.492782e-02	-2.04068e-11	3.575323e-01	
562	5.502782e-02	-2.04228e-11	2.301947e-01	
563	5.512782e-02	-2.04237e-11	1.239305e-01	
564	5.522782e-02	-2.04081e-11	5.285922e-02	
565	5.532782e-02	-2.03797e-11	1.670310e-02	
566	5.542782e-02	-2.03398e-11	3.700914e-03	
567	5.552782e-02	-2.02891e-11	5.577647e-04	
568	5.562782e-02	-2.02279e-11	5.659798e-05	
569	5.572782e-02	-2.01566e-11	3.864185e-06	
570	5.582782e-02	-2.00750e-11	1.779020e-07	
571	5.592782e-02	-1.99833e-11	5.539955e-09	
572	5.602782e-02	-1.98816e-11	1.173064e-10	
573	5.612782e-02	-1.97699e-11	1.647424e-12	
574	5.622782e-02	-1.96484e-11	1.818163e-14	
575	5.632782e-02	-1.95173e-11	-1.25935e-13	
576	5.642782e-02	-1.93766e-11	-2.64825e-13	

Index   time            i(vd1)          i(vd2)          
--------------------------------------------------------------------------------
577	5.652782e-02	-1.92264e-11	-4.13031e-13	
578	5.662782e-02	-1.90670e-11	-5.70511e-13	
579	5.672782e-02	-1.88984e-11	-7.37117e-13	
580	5.682782e-02	-1.87209e-11	-9.12684e-13	
581	5.692782e-02	-1.85346e-11	-1.09704e-12	
582	5.702782e-02	-1.83396e-11	-1.29000e-12	
583	5.712782e-02	-1.81363e-11	-1.49137e-12	
584	5.722782e-02	-1.79248e-11	-1.70095e-12	
585	5.732782e-02	-1.77052e-11	-1.91854e-12	
586	5.742782e-02	-1.74779e-11	-2.14392e-12	
587	5.752782e-02	-1.72430e-11	-2.37687e-12	
588	5.762782e-02	-1.70007e-11	-2.61715e-12	
589	5.772782e-02	-1.67514e-11	-2.86453e-12	
590	5.782782e-02	-1.64952e-11	-3.11877e-12	
591	5.792782e-02	-1.62324e-11	-3.37960e-12	
592	5.802782e-02	-1.59633e-11	-3.64677e-12	
593	5.812782e-02	-1.56881e-11	-3.92003e-12	
594	5.822782e-02	-1.54070e-11	-4.19909e-12	
595	5.832782e-02	-1.51205e-11	-4.48368e-12	
596	5.842782e-02	-1.48287e-11	-4.77351e-12	
597	5.852782e-02	-1.45319e-11	-5.06832e-12	
598	5.862782e-02	-1.42305e-11	-5.36779e-12	
599	5.872782e-02	-1.39247e-11	-5.67163e-12	
600	5.882782e-02	-1.36148e-11	-5.97955e-12	
601	5.892782e-02	-1.33012e-11	-6.29123e-12	
602	5.902782e-02	-1.29841e-11	-6.60637e-12	
603	5.912782e-02	-1.26638e-11	-6.92466e-12	
604	5.922782e-02	-1.23408e-11	-7.24578e-12	
605	5.932782e-02	-1.20152e-11	-7.56942e-12	
606	5.942782e-02	-1.16874e-11	-7.89525e-12	
607	5.952782e-02	-1.13577e-11	-8.22295e-12	
608	5.962782e-02	-1.10265e-11	-8.55220e-12	
609	5.972782e-02	-1.06941e-11	-8.88267e-12	
610	5.982782e-02	-1.03608e-11	-9.21403e-12	
611	5.992782e-02	-1.00269e-11	-9.54596e-12	
612	6.002782e-02	-9.69277e-12	-9.87813e-12	
613	6.012782e-02	-9.35874e-12	-1.02102e-11	
614	6.022782e-02	-9.02513e-12	-1.05419e-11	
615	6.032782e-02	-8.69227e-12	-1.08728e-11	
616	6.042782e-02	-8.36048e-12	-1.12026e-11	
617	6.052782e-02	-8.03010e-12	-1.15310e-11	
618	6.062782e-02	-7.70144e-12	-1.18577e-11	
619	6.072782e-02	-7.37484e-12	-1.21824e-11	
620	6.082782e-02	-7.05061e-12	-1.25047e-11	
621	6.092782e-02	-6.72907e-12	-1.28242e-11	
622	6.102782e-02	-6.41053e-12	-1.31408e-11	
623	6.112782e-02	-6.09532e-12	-1.34541e-11	
624	6.122782e-02	-5.78374e-12	-1.37637e-11	
625	6.132782e-02	-5.47610e-12	-1.40694e-11	
626	6.142782e-02	-5.17269e-12	-1.43708e-11	
627	6.152782e-02	-4.87383e-12	-1.46678e-11	
628	6.162782e-02	-4.57980e-12	-1.49598e-11	
629	6.172782e-02	-4.29089e-12	-1.52468e-11	
630	6.182782e-02	-4.00739e-12	-1.55283e-11	
631	6.192782e-02	-3.72957e-12	-1.58042e-11	
632	6.202782e-02	-3.45771e-12	-1.60741e-11	
633	6.212782e-02	-3.19208e-12	-1.63378e-11	
634	6.222782e-02	-2.93293e-12	-1.65950e-11	

Index   time            i(vd1)          i(vd2)          
--------------------------------------------------------------------------------
635	6.232782e-02	-2.68052e-12	-1.68455e-11	
636	6.242782e-02	-2.43511e-12	-1.70889e-11	
637	6.252782e-02	-2.19692e-12	-1.73252e-11	
638	6.262782e-02	-1.96620e-12	-1.75539e-11	
639	6.272782e-02	-1.74317e-12	-1.77750e-11	
640	6.282782e-02	-1.52806e-12	-1.79882e-11	
641	6.292782e-02	-1.32106e-12	-1.81932e-11	
642	6.302782e-02	-1.12239e-12	-1.83899e-11	
643	6.312782e-02	-9.32241e-13	-1.85781e-11	
644	6.322782e-02	-7.50799e-13	-1.87576e-11	
645	6.332782e-02	-5.78241e-13	-1.89282e-11	
646	6.342782e-02	-4.14737e-13	-1.90898e-11	
647	6.352782e-02	-2.60439e-13	-1.92421e-11	
648	6.362782e-02	-1.15348e-13	-1.93851e-11	
649	6.372782e-02	4.887454e-14	-1.95186e-11	
650	6.382782e-02	3.885239e-12	-1.96424e-11	
651	6.392782e-02	3.644721e-10	-1.97565e-11	
652	6.402782e-02	2.204728e-08	-1.98606e-11	
653	6.412782e-02	9.072835e-07	-1.99548e-11	
654	6.422782e-02	2.529009e-05	-2.00390e-11	
655	6.432782e-02	4.757423e-04	-2.01129e-11	
656	6.442782e-02	5.990464e-03	-2.01768e-11	
657	6.452782e-02	4.836542e-02	-2.02316e-11	
658	6.462782e-02	2.140437e-01	-2.02813e-11	
659	6.472782e-02	4.358158e-01	-2.03302e-11	
660	6.482782e-02	4.651846e-01	-2.03750e-11	
661	6.492782e-02	3.575323e-01	-2.04074e-11	
662	6.502782e-02	2.301947e-01	-2.04234e-11	
663	6.512782e-02	1.239305e-01	-2.04231e-11	
664	6.522782e-02	5.285922e-02	-2.04080e-11	
665	6.532782e-02	1.670310e-02	-2.03797e-11	
666	6.542782e-02	3.700914e-03	-2.03398e-11	
667	6.552782e-02	5.577647e-04	-2.02891e-11	
668	6.562782e-02	5.659798e-05	-2.02279e-11	
669	6.572782e-02	3.864185e-06	-2.01566e-11	
670	6.582782e-02	1.779020e-07	-2.00750e-11	
671	6.592782e-02	5.539955e-09	-1.99833e-11	
672	6.602782e-02	1.173064e-10	-1.98816e-11	
673	6.612782e-02	1.647424e-12	-1.97699e-11	
674	6.622782e-02	1.818163e-14	-1.96484e-11	
675	6.632782e-02	-1.25935e-13	-1.95173e-11	
676	6.642782e-02	-2.64825e-13	-1.93766e-11	
677	6.652782e-02	-4.13031e-13	-1.92264e-11	
678	6.662782e-02	-5.70511e-13	-1.90670e-11	
679	6.672782e-02	-7.37117e-13	-1.88984e-11	
680	6.682782e-02	-9.12684e-13	-1.87209e-11	
681	6.692782e-02	-1.09704e-12	-1.85346e-11	
682	6.702782e-02	-1.29000e-12	-1.83396e-11	
683	6.712782e-02	-1.49137e-12	-1.81363e-11	
684	6.722782e-02	-1.70095e-12	-1.79248e-11	
685	6.732782e-02	-1.91854e-12	-1.77052e-11	
686	6.742782e-02	-2.14392e-12	-1.74779e-11	
687	6.752782e-02	-2.37687e-12	-1.72430e-11	
688	6.762782e-02	-2.61715e-12	-1.70007e-11	
689	6.772782e-02	-2.86453e-12	-1.67514e-11	
690	6.782782e-02	-3.11877e-12	-1.64952e-11	
691	6.792782e-02	-3.37960e-12	-1.62324e-11	
692	6.802782e-02	-3.64677e-12	-1.59633e-11	

Index   time            i(vd1)          i(vd2)          
--------------------------------------------------------------------------------
693	6.812782e-02	-3.92003e-12	-1.56881e-11	
694	6.822782e-02	-4.19909e-12	-1.54070e-11	
695	6.832782e-02	-4.48368e-12	-1.51205e-11	
696	6.842782e-02	-4.77351e-12	-1.48287e-11	
697	6.852782e-02	-5.06832e-12	-1.45319e-11	
698	6.862782e-02	-5.36779e-12	-1.42305e-11	
699	6.872782e-02	-5.67163e-12	-1.39247e-11	
700	6.882782e-02	-5.97955e-12	-1.36148e-11	
701	6.892782e-02	-6.29123e-12	-1.33012e-11	
702	6.902782e-02	-6.60637e-12	-1.29841e-11	
703	6.912782e-02	-6.92466e-12	-1.26638e-11	
704	6.922782e-02	-7.24578e-12	-1.23408e-11	
705	6.932782e-02	-7.56942e-12	-1.20152e-11	
706	6.942782e-02	-7.89525e-12	-1.16874e-11	
707	6.952782e-02	-8.22295e-12	-1.13577e-11	
708	6.962782e-02	-8.55220e-12	-1.10265e-11	
709	6.972782e-02	-8.88267e-12	-1.06941e-11	
710	6.982782e-02	-9.21403e-12	-1.03608e-11	
711	6.992782e-02	-9.54596e-12	-1.00269e-11	
712	7.002782e-02	-9.87813e-12	-9.69277e-12	
713	7.012782e-02	-1.02102e-11	-9.35874e-12	
714	7.022782e-02	-1.05419e-11	-9.02513e-12	
715	7.032782e-02	-1.08728e-11	-8.69227e-12	
716	7.042782e-02	-1.12026e-11	-8.36048e-12	
717	7.052782e-02	-1.15310e-11	-8.03010e-12	
718	7.062782e-02	-1.18577e-11	-7.70144e-12	
719	7.072782e-02	-1.21824e-11	-7.37484e-12	
720	7.082782e-02	-1.25047e-11	-7.05061e-12	
721	7.092782e-02	-1.28242e-11	-6.72907e-12	
722	7.102782e-02	-1.31408e-11	-6.41053e-12	
723	7.112782e-02	-1.34541e-11	-6.09532e-12	
724	7.122782e-02	-1.37637e-11	-5.78374e-12	
725	7.132782e-02	-1.40694e-11	-5.47610e-12	
726	7.142782e-02	-1.43708e-11	-5.17269e-12	
727	7.152782e-02	-1.46678e-11	-4.87383e-12	
728	7.162782e-02	-1.49598e-11	-4.57980e-12	
729	7.172782e-02	-1.52468e-11	-4.29089e-12	
730	7.182782e-02	-1.55283e-11	-4.00739e-12	
731	7.192782e-02	-1.58042e-11	-3.72957e-12	
732	7.202782e-02	-1.60741e-11	-3.45771e-12	
733	7.212782e-02	-1.63378e-11	-3.19208e-12	
734	7.222782e-02	-1.65950e-11	-2.93293e-12	
735	7.232782e-02	-1.68455e-11	-2.68052e-12	
736	7.242782e-02	-1.70889e-11	-2.43511e-12	
737	7.252782e-02	-1.73252e-11	-2.19692e-12	
738	7.262782e-02	-1.75539e-11	-1.96620e-12	
739	7.272782e-02	-1.77750e-11	-1.74317e-12	
740	7.282782e-02	-1.79882e-11	-1.52806e-12	
741	7.292782e-02	-1.81932e-11	-1.32106e-12	
742	7.302782e-02	-1.83899e-11	-1.12239e-12	
743	7.312782e-02	-1.85781e-11	-9.32241e-13	
744	7.322782e-02	-1.87576e-11	-7.50799e-13	
745	7.332782e-02	-1.89282e-11	-5.78241e-13	
746	7.342782e-02	-1.90898e-11	-4.14737e-13	
747	7.352782e-02	-1.92421e-11	-2.60439e-13	
748	7.362782e-02	-1.93851e-11	-1.15348e-13	
749	7.372782e-02	-1.95186e-11	4.887454e-14	
750	7.382782e-02	-1.96424e-11	3.885239e-12	

Index   time            i(vd1)          i(vd2)          
--------------------------------------------------------------------------------
751	7.392782e-02	-1.97565e-11	3.644721e-10	
752	7.402782e-02	-1.98606e-11	2.204728e-08	
753	7.412782e-02	-1.99548e-11	9.072835e-07	
754	7.422782e-02	-2.00390e-11	2.529009e-05	
755	7.432782e-02	-2.01129e-11	4.757423e-04	
756	7.442782e-02	-2.01769e-11	5.990464e-03	
757	7.452782e-02	-2.02318e-11	4.836542e-02	
758	7.462782e-02	-2.02807e-11	2.140437e-01	
759	7.472782e-02	-2.03322e-11	4.358158e-01	
760	7.482782e-02	-2.03748e-11	4.651846e-01	
761	7.492782e-02	-2.04103e-11	3.575323e-01	
762	7.502782e-02	-2.04263e-11	2.301947e-01	
763	7.512782e-02	-2.04228e-11	1.239305e-01	
764	7.522782e-02	-2.04086e-11	5.285922e-02	
765	7.532782e-02	-2.03796e-11	1.670310e-02	
766	7.542782e-02	-2.03397e-11	3.700914e-03	
767	7.552782e-02	-2.02891e-11	5.577647e-04	
768	7.562782e-02	-2.02279e-11	5.659798e-05	
769	7.572782e-02	-2.01566e-11	3.864185e-06	
770	7.582782e-02	-2.00750e-11	1.779020e-07	
771	7.592782e-02	-1.99833e-11	5.539955e-09	
772	7.602782e-02	-1.98816e-11	1.173064e-10	
773	7.612782e-02	-1.97699e-11	1.647424e-12	
774	7.622782e-02	-1.96484e-11	1.818163e-14	
775	7.632782e-02	-1.95173e-11	-1.25935e-13	
776	7.642782e-02	-1.93766e-11	-2.64825e-13	
777	7.652782e-02	-1.92264e-11	-4.13031e-13	
778	7.662782e-02	-1.90670e-11	-5.70511e-13	
779	7.672782e-02	-1.88984e-11	-7.37117e-13	
780	7.682782e-02	-1.87209e-11	-9.12684e-13	
781	7.692782e-02	-1.85346e-11	-1.09704e-12	
782	7.702782e-02	-1.83396e-11	-1.29000e-12	
783	7.712782e-02	-1.81363e-11	-1.49137e-12	
784	7.722782e-02	-1.79248e-11	-1.70095e-12	
785	7.732782e-02	-1.77052e-11	-1.91854e-12	
786	7.742782e-02	-1.74779e-11	-2.14392e-12	
787	7.752782e-02	-1.72430e-11	-2.37687e-12	
788	7.762782e-02	-1.70007e-11	-2.61715e-12	
789	7.772782e-02	-1.67514e-11	-2.86453e-12	
790	7.782782e-02	-1.64952e-11	-3.11877e-12	
791	7.792782e-02	-1.62324e-11	-3.37960e-12	
792	7.802782e-02	-1.59633e-11	-3.64677e-12	
793	7.812782e-02	-1.56881e-11	-3.92003e-12	
794	7.822782e-02	-1.54070e-11	-4.19909e-12	
795	7.832782e-02	-1.51205e-11	-4.48368e-12	
796	7.842782e-02	-1.48287e-11	-4.77351e-12	
797	7.852782e-02	-1.45319e-11	-5.06832e-12	
798	7.862782e-02	-1.42305e-11	-5.36779e-12	
799	7.872782e-02	-1.39247e-11	-5.67163e-12	
800	7.882782e-02	-1.36148e-11	-5.97955e-12	
801	7.892782e-02	-1.33012e-11	-6.29123e-12	
802	7.902782e-02	-1.29841e-11	-6.60637e-12	
803	7.912782e-02	-1.26638e-11	-6.92466e-12	
804	7.922782e-02	-1.23408e-11	-7.24578e-12	
805	7.932782e-02	-1.20152e-11	-7.56942e-12	
806	7.942782e-02	-1.16874e-11	-7.89525e-12	
807	7.952782e-02	-1.13577e-11	-8.22295e-12	
808	7.962782e-02	-1.10265e-11	-8.55220e-12	

Index   time            i(vd1)          i(vd2)          
--------------------------------------------------------------------------------
809	7.972782e-02	-1.06941e-11	-8.88267e-12	
810	7.982782e-02	-1.03608e-11	-9.21403e-12	
811	7.992782e-02	-1.00269e-11	-9.54596e-12	
812	8.002782e-02	-9.69277e-12	-9.87813e-12	
813	8.012782e-02	-9.35874e-12	-1.02102e-11	
814	8.022782e-02	-9.02513e-12	-1.05419e-11	
815	8.032782e-02	-8.69227e-12	-1.08728e-11	
816	8.042782e-02	-8.36048e-12	-1.12026e-11	
817	8.052782e-02	-8.03010e-12	-1.15310e-11	
818	8.062782e-02	-7.70144e-12	-1.18577e-11	
819	8.072782e-02	-7.37484e-12	-1.21824e-11	
820	8.082782e-02	-7.05061e-12	-1.25047e-11	
821	8.092782e-02	-6.72907e-12	-1.28242e-11	
822	8.102782e-02	-6.41053e-12	-1.31408e-11	
823	8.112782e-02	-6.09532e-12	-1.34541e-11	
824	8.122782e-02	-5.78374e-12	-1.37637e-11	
825	8.132782e-02	-5.47610e-12	-1.40694e-11	
826	8.142782e-02	-5.17269e-12	-1.43708e-11	
827	8.152782e-02	-4.87383e-12	-1.46678e-11	
828	8.162782e-02	-4.57980e-12	-1.49598e-11	
829	8.172782e-02	-4.29089e-12	-1.52468e-11	
830	8.182782e-02	-4.00739e-12	-1.55283e-11	
831	8.192782e-02	-3.72957e-12	-1.58042e-11	
832	8.202782e-02	-3.45771e-12	-1.60741e-11	
833	8.212782e-02	-3.19208e-12	-1.63378e-11	
834	8.222782e-02	-2.93293e-12	-1.65950e-11	
835	8.232782e-02	-2.68052e-12	-1.68455e-11	
836	8.242782e-02	-2.43511e-12	-1.70889e-11	
837	8.252782e-02	-2.19692e-12	-1.73252e-11	
838	8.262782e-02	-1.96620e-12	-1.75539e-11	
839	8.272782e-02	-1.74317e-12	-1.77750e-11	
840	8.282782e-02	-1.52806e-12	-1.79882e-11	
841	8.292782e-02	-1.32106e-12	-1.81932e-11	
842	8.302782e-02	-1.12239e-12	-1.83899e-11	
843	8.312782e-02	-9.32241e-13	-1.85781e-11	
844	8.322782e-02	-7.50799e-13	-1.87576e-11	
845	8.332782e-02	-5.78241e-13	-1.89282e-11	
846	8.342782e-02	-4.14737e-13	-1.90898e-11	
847	8.352782e-02	-2.60439e-13	-1.92421e-11	
848	8.362782e-02	-1.15348e-13	-1.93851e-11	
849	8.372782e-02	4.887454e-14	-1.95186e-11	
850	8.382782e-02	3.885239e-12	-1.96424e-11	
851	8.392782e-02	3.644721e-10	-1.97565e-11	
852	8.402782e-02	2.204728e-08	-1.98606e-11	
853	8.412782e-02	9.072835e-07	-1.99548e-11	
854	8.422782e-02	2.529009e-05	-2.00390e-11	
855	8.432782e-02	4.757423e-04	-2.01129e-11	
856	8.442782e-02	5.990464e-03	-2.01768e-11	
857	8.452782e-02	4.836542e-02	-2.02316e-11	
858	8.462782e-02	2.140437e-01	-2.02813e-11	
859	8.472782e-02	4.358158e-01	-2.03302e-11	
860	8.482782e-02	4.651846e-01	-2.03750e-11	
861	8.492782e-02	3.575323e-01	-2.04074e-11	
862	8.502782e-02	2.301947e-01	-2.04234e-11	
863	8.512782e-02	1.239305e-01	-2.04231e-11	
864	8.522782e-02	5.285922e-02	-2.04080e-11	
865	8.532782e-02	1.670310e-02	-2.03797e-11	
866	8.542782e-02	3.700914e-03	-2.03398e-11	

Index   time            i(vd1)          i(vd2)          
--------------------------------------------------------------------------------
867	8.552782e-02	5.577647e-04	-2.02891e-11	
868	8.562782e-02	5.659798e-05	-2.02279e-11	
869	8.572782e-02	3.864185e-06	-2.01566e-11	
870	8.582782e-02	1.779020e-07	-2.00750e-11	
871	8.592782e-02	5.539955e-09	-1.99833e-11	
872	8.602782e-02	1.173064e-10	-1.98816e-11	
873	8.612782e-02	1.647424e-12	-1.97699e-11	
874	8.622782e-02	1.818163e-14	-1.96484e-11	
875	8.632782e-02	-1.25935e-13	-1.95173e-11	
876	8.642782e-02	-2.64825e-13	-1.93766e-11	
877	8.652782e-02	-4.13031e-13	-1.92264e-11	
878	8.662782e-02	-5.70511e-13	-1.90670e-11	
879	8.672782e-02	-7.37117e-13	-1.88984e-11	
880	8.682782e-02	-9.12684e-13	-1.87209e-11	
881	8.692782e-02	-1.09704e-12	-1.85346e-11	
882	8.702782e-02	-1.29000e-12	-1.83396e-11	
883	8.712782e-02	-1.49137e-12	-1.81363e-11	
884	8.722782e-02	-1.70095e-12	-1.79248e-11	
885	8.732782e-02	-1.91854e-12	-1.77052e-11	
886	8.742782e-02	-2.14392e-12	-1.74779e-11	
887	8.752782e-02	-2.37687e-12	-1.72430e-11	
888	8.762782e-02	-2.61715e-12	-1.70007e-11	
889	8.772782e-02	-2.86453e-12	-1.67514e-11	
890	8.782782e-02	-3.11877e-12	-1.64952e-11	
891	8.792782e-02	-3.37960e-12	-1.62324e-11	
892	8.802782e-02	-3.64677e-12	-1.59633e-11	
893	8.812782e-02	-3.92003e-12	-1.56881e-11	
894	8.822782e-02	-4.19909e-12	-1.54070e-11	
895	8.832782e-02	-4.48368e-12	-1.51205e-11	
896	8.842782e-02	-4.77351e-12	-1.48287e-11	
897	8.852782e-02	-5.06832e-12	-1.45319e-11	
898	8.862782e-02	-5.36779e-12	-1.42305e-11	
899	8.872782e-02	-5.67163e-12	-1.39247e-11	
900	8.882782e-02	-5.97955e-12	-1.36148e-11	
901	8.892782e-02	-6.29123e-12	-1.33012e-11	
902	8.902782e-02	-6.60637e-12	-1.29841e-11	
903	8.912782e-02	-6.92466e-12	-1.26638e-11	
904	8.922782e-02	-7.24578e-12	-1.23408e-11	
905	8.932782e-02	-7.56942e-12	-1.20152e-11	
906	8.942782e-02	-7.89525e-12	-1.16874e-11	
907	8.952782e-02	-8.22295e-12	-1.13577e-11	
908	8.962782e-02	-8.55220e-12	-1.10265e-11	
909	8.972782e-02	-8.88267e-12	-1.06941e-11	
910	8.982782e-02	-9.21403e-12	-1.03608e-11	
911	8.992782e-02	-9.54596e-12	-1.00269e-11	
912	9.002782e-02	-9.87813e-12	-9.69277e-12	
913	9.012782e-02	-1.02102e-11	-9.35874e-12	
914	9.022782e-02	-1.05419e-11	-9.02513e-12	
915	9.032782e-02	-1.08728e-11	-8.69227e-12	
916	9.042782e-02	-1.12026e-11	-8.36048e-12	
917	9.052782e-02	-1.15310e-11	-8.03010e-12	
918	9.062782e-02	-1.18577e-11	-7.70144e-12	
919	9.072782e-02	-1.21824e-11	-7.37484e-12	
920	9.082782e-02	-1.25047e-11	-7.05061e-12	
921	9.092782e-02	-1.28242e-11	-6.72907e-12	
922	9.102782e-02	-1.31408e-11	-6.41053e-12	
923	9.112782e-02	-1.34541e-11	-6.09532e-12	
924	9.122782e-02	-1.37637e-11	-5.78374e-12	

Index   time            i(vd1)          i(vd2)          
--------------------------------------------------------------------------------
925	9.132782e-02	-1.40694e-11	-5.47610e-12	
926	9.142782e-02	-1.43708e-11	-5.17269e-12	
927	9.152782e-02	-1.46678e-11	-4.87383e-12	
928	9.162782e-02	-1.49598e-11	-4.57980e-12	
929	9.172782e-02	-1.52468e-11	-4.29089e-12	
930	9.182782e-02	-1.55283e-11	-4.00739e-12	
931	9.192782e-02	-1.58042e-11	-3.72957e-12	
932	9.202782e-02	-1.60741e-11	-3.45771e-12	
933	9.212782e-02	-1.63378e-11	-3.19208e-12	
934	9.222782e-02	-1.65950e-11	-2.93293e-12	
935	9.232782e-02	-1.68455e-11	-2.68052e-12	
936	9.242782e-02	-1.70889e-11	-2.43511e-12	
937	9.252782e-02	-1.73252e-11	-2.19692e-12	
938	9.262782e-02	-1.75539e-11	-1.96620e-12	
939	9.272782e-02	-1.77750e-11	-1.74317e-12	
940	9.282782e-02	-1.79882e-11	-1.52806e-12	
941	9.292782e-02	-1.81932e-11	-1.32106e-12	
942	9.302782e-02	-1.83899e-11	-1.12239e-12	
943	9.312782e-02	-1.85781e-11	-9.32241e-13	
944	9.322782e-02	-1.87576e-11	-7.50799e-13	
945	9.332782e-02	-1.89282e-11	-5.78241e-13	
946	9.342782e-02	-1.90898e-11	-4.14737e-13	
947	9.352782e-02	-1.92421e-11	-2.60439e-13	
948	9.362782e-02	-1.93851e-11	-1.15348e-13	
949	9.372782e-02	-1.95186e-11	4.887454e-14	
950	9.382782e-02	-1.96424e-11	3.885239e-12	
951	9.392782e-02	-1.97565e-11	3.644721e-10	
952	9.402782e-02	-1.98606e-11	2.204728e-08	
953	9.412782e-02	-1.99548e-11	9.072835e-07	
954	9.422782e-02	-2.00390e-11	2.529009e-05	
955	9.432782e-02	-2.01129e-11	4.757423e-04	
956	9.442782e-02	-2.01769e-11	5.990464e-03	
957	9.452782e-02	-2.02318e-11	4.836542e-02	
958	9.462782e-02	-2.02807e-11	2.140437e-01	
959	9.472782e-02	-2.03286e-11	4.358158e-01	
960	9.482782e-02	-2.03748e-11	4.651846e-01	
961	9.492782e-02	-2.04068e-11	3.575323e-01	
962	9.502782e-02	-2.04228e-11	2.301947e-01	
963	9.512782e-02	-2.04228e-11	1.239305e-01	
964	9.522782e-02	-2.04081e-11	5.285922e-02	
965	9.532782e-02	-2.03798e-11	1.670310e-02	
966	9.542782e-02	-2.03398e-11	3.700914e-03	
967	9.552782e-02	-2.02891e-11	5.577647e-04	
968	9.562782e-02	-2.02279e-11	5.659798e-05	
969	9.572782e-02	-2.01566e-11	3.864185e-06	
970	9.582782e-02	-2.00750e-11	1.779020e-07	
971	9.592782e-02	-1.99833e-11	5.539955e-09	
972	9.602782e-02	-1.98816e-11	1.173064e-10	
973	9.612782e-02	-1.97699e-11	1.647424e-12	
974	9.622782e-02	-1.96484e-11	1.818163e-14	
975	9.632782e-02	-1.95173e-11	-1.25935e-13	
976	9.642782e-02	-1.93766e-11	-2.64825e-13	
977	9.652782e-02	-1.92264e-11	-4.13031e-13	
978	9.662782e-02	-1.90670e-11	-5.70511e-13	
979	9.672782e-02	-1.88984e-11	-7.37117e-13	
980	9.682782e-02	-1.87209e-11	-9.12684e-13	
981	9.692782e-02	-1.85346e-11	-1.09704e-12	
982	9.702782e-02	-1.83396e-11	-1.29000e-12	

Index   time            i(vd1)          i(vd2)          
--------------------------------------------------------------------------------
983	9.712782e-02	-1.81363e-11	-1.49137e-12	
984	9.722782e-02	-1.79248e-11	-1.70095e-12	
985	9.732782e-02	-1.77052e-11	-1.91854e-12	
986	9.742782e-02	-1.74779e-11	-2.14392e-12	
987	9.752782e-02	-1.72430e-11	-2.37687e-12	
988	9.762782e-02	-1.70007e-11	-2.61715e-12	
989	9.772782e-02	-1.67514e-11	-2.86453e-12	
990	9.782782e-02	-1.64952e-11	-3.11877e-12	
991	9.792782e-02	-1.62324e-11	-3.37960e-12	
992	9.802782e-02	-1.59633e-11	-3.64677e-12	
993	9.812782e-02	-1.56881e-11	-3.92003e-12	
994	9.822782e-02	-1.54070e-11	-4.19909e-12	
995	9.832782e-02	-1.51205e-11	-4.48368e-12	
996	9.842782e-02	-1.48287e-11	-4.77351e-12	
997	9.852782e-02	-1.45319e-11	-5.06832e-12	
998	9.862782e-02	-1.42305e-11	-5.36779e-12	
999	9.872782e-02	-1.39247e-11	-5.67163e-12	
1000	9.882782e-02	-1.36148e-11	-5.97955e-12	
1001	9.892782e-02	-1.33012e-11	-6.29123e-12	
1002	9.902782e-02	-1.29841e-11	-6.60637e-12	
1003	9.912782e-02	-1.26638e-11	-6.92466e-12	
1004	9.922782e-02	-1.23408e-11	-7.24578e-12	
1005	9.932782e-02	-1.20152e-11	-7.56942e-12	
1006	9.942782e-02	-1.16874e-11	-7.89525e-12	
1007	9.952782e-02	-1.13577e-11	-8.22295e-12	
1008	9.962782e-02	-1.10265e-11	-8.55220e-12	
1009	9.972782e-02	-1.06941e-11	-8.88267e-12	
1010	9.982782e-02	-1.03608e-11	-9.21403e-12	
1011	9.992782e-02	-1.00269e-11	-9.54596e-12	
1012	1.000000e-01	-9.78572e-12	-9.78572e-12	
