
Circuit: bridge rectifier

                                bridge rectifier
                                Transient Analysis  Mon Jan 17 01:42:20  2022
--------------------------------------------------------------------------------
Index   time            i(vd1)          i(vd2)          
--------------------------------------------------------------------------------
0	0.000000e+00	-7.32338e-32	-7.32338e-32	
1	1.000000e-06	4.619759e-15	-4.61976e-15	
2	2.000000e-06	9.601787e-15	-8.93443e-15	
3	4.000000e-06	2.006703e-14	-1.73531e-14	
4	8.000000e-06	4.467731e-14	-3.30849e-14	
5	1.600000e-05	1.218406e-13	-6.20330e-14	
6	3.200000e-05	7.133432e-13	-1.16419e-13	
7	6.400000e-05	3.822320e-11	-2.23188e-13	
8	9.961504e-05	3.730254e-09	-3.41823e-13	
9	1.345752e-04	3.358069e-07	-4.58223e-13	
10	1.697073e-04	3.084111e-05	-5.75141e-13	
11	2.051835e-04	2.923041e-03	-6.93392e-13	
12	2.407626e-04	1.609335e-01	-8.26210e-13	
13	2.766991e-04	7.310959e-01	-1.02566e-12	
14	3.174397e-04	6.333597e-01	-1.29971e-12	
15	3.907935e-04	6.819313e-01	-1.78353e-12	
16	4.611432e-04	6.486807e-01	-2.24941e-12	
17	5.611432e-04	6.668744e-01	-2.90630e-12	
18	6.611432e-04	6.491600e-01	-3.56114e-12	
19	7.611432e-04	6.555599e-01	-4.21066e-12	
20	8.611432e-04	6.433895e-01	-4.85594e-12	
21	9.611432e-04	6.436606e-01	-5.49513e-12	
22	1.061143e-03	6.338335e-01	-6.12850e-12	
23	1.161143e-03	6.302230e-01	-6.75477e-12	
24	1.261143e-03	6.210614e-01	-7.37380e-12	
25	1.361143e-03	6.148286e-01	-7.98463e-12	
26	1.461143e-03	6.054566e-01	-8.58692e-12	
27	1.561143e-03	5.972927e-01	-9.17989e-12	
28	1.661143e-03	5.872612e-01	-9.76309e-12	
29	1.761143e-03	5.775538e-01	-1.03358e-11	
30	1.861143e-03	5.666456e-01	-1.08977e-11	
31	1.961143e-03	5.556212e-01	-1.14479e-11	
32	2.061143e-03	5.437458e-01	-1.19862e-11	
33	2.161143e-03	5.315463e-01	-1.25118e-11	
34	2.261143e-03	5.186828e-01	-1.30244e-11	
35	2.361143e-03	5.054077e-01	-1.35233e-11	
36	2.461143e-03	4.915740e-01	-1.40081e-11	
37	2.561143e-03	4.773028e-01	-1.44784e-11	
38	2.661143e-03	4.625387e-01	-1.49336e-11	
39	2.761143e-03	4.473428e-01	-1.53734e-11	
40	2.861143e-03	4.317019e-01	-1.57972e-11	
41	2.961143e-03	4.156510e-01	-1.62047e-11	
42	3.061143e-03	3.991960e-01	-1.65955e-11	
43	3.161143e-03	3.823616e-01	-1.69692e-11	
44	3.261143e-03	3.651623e-01	-1.73255e-11	
45	3.361143e-03	3.476198e-01	-1.76639e-11	
46	3.461143e-03	3.297529e-01	-1.79842e-11	
47	3.561143e-03	3.115836e-01	-1.82861e-11	
48	3.661143e-03	2.931336e-01	-1.85693e-11	
49	3.761143e-03	2.744270e-01	-1.88334e-11	
50	3.861143e-03	2.554891e-01	-1.90784e-11	
51	3.961143e-03	2.363478e-01	-1.93039e-11	
52	4.061143e-03	2.170339e-01	-1.95098e-11	
53	4.161143e-03	1.975828e-01	-1.96959e-11	
54	4.261143e-03	1.780359e-01	-1.98620e-11	

Index   time            i(vd1)          i(vd2)          
--------------------------------------------------------------------------------
55	4.361143e-03	1.584435e-01	-2.00081e-11	
56	4.461143e-03	1.388699e-01	-2.01341e-11	
57	4.561143e-03	1.194005e-01	-2.02399e-11	
58	4.661143e-03	1.001548e-01	-2.03257e-11	
59	4.761143e-03	8.130791e-02	-2.03914e-11	
60	4.861143e-03	6.312613e-02	-2.04375e-11	
61	4.961143e-03	4.608733e-02	-2.04642e-11	
62	5.061143e-03	3.069986e-02	-2.04724e-11	
63	5.161143e-03	1.791968e-02	-2.04631e-11	
64	5.261143e-03	8.641804e-03	-2.04378e-11	
65	5.361143e-03	3.209256e-03	-2.03984e-11	
66	5.461143e-03	8.592908e-04	-2.03466e-11	
67	5.561143e-03	1.587218e-04	-2.02838e-11	
68	5.661143e-03	1.983750e-05	-2.02104e-11	
69	5.761143e-03	1.670622e-06	-2.01268e-11	
70	5.861143e-03	9.494205e-08	-2.00330e-11	
71	5.961143e-03	3.652388e-09	-1.99291e-11	
72	6.061143e-03	9.565511e-11	-1.98153e-11	
73	6.161143e-03	1.662008e-12	-1.96916e-11	
74	6.261143e-03	2.772773e-14	-1.95581e-11	
75	6.361143e-03	-1.14542e-13	-1.94149e-11	
76	6.461143e-03	-2.47867e-13	-1.92623e-11	
77	6.561143e-03	-3.90426e-13	-1.91002e-11	
78	6.661143e-03	-5.42217e-13	-1.89290e-11	
79	6.761143e-03	-7.03088e-13	-1.87487e-11	
80	6.861143e-03	-8.72873e-13	-1.85595e-11	
81	6.961143e-03	-1.05139e-12	-1.83615e-11	
82	7.061143e-03	-1.23847e-12	-1.81551e-11	
83	7.161143e-03	-1.43390e-12	-1.79403e-11	
84	7.261143e-03	-1.63748e-12	-1.77174e-11	
85	7.361143e-03	-1.84901e-12	-1.74865e-11	
86	7.461143e-03	-2.06826e-12	-1.72480e-11	
87	7.561143e-03	-2.29502e-12	-1.70019e-11	
88	7.661143e-03	-2.52904e-12	-1.67486e-11	
89	7.761143e-03	-2.77009e-12	-1.64883e-11	
90	7.861143e-03	-3.01791e-12	-1.62213e-11	
91	7.961143e-03	-3.27226e-12	-1.59477e-11	
92	8.061143e-03	-3.53288e-12	-1.56679e-11	
93	8.161143e-03	-3.79949e-12	-1.53821e-11	
94	8.261143e-03	-4.07182e-12	-1.50906e-11	
95	8.361143e-03	-4.34961e-12	-1.47937e-11	
96	8.461143e-03	-4.63255e-12	-1.44917e-11	
97	8.561143e-03	-4.92038e-12	-1.41847e-11	
98	8.661143e-03	-5.21278e-12	-1.38733e-11	
99	8.761143e-03	-5.50946e-12	-1.35575e-11	
100	8.861143e-03	-5.81013e-12	-1.32378e-11	
101	8.961143e-03	-6.11447e-12	-1.29145e-11	
102	9.061143e-03	-6.42217e-12	-1.25878e-11	
103	9.161143e-03	-6.73293e-12	-1.22580e-11	
104	9.261143e-03	-7.04642e-12	-1.19256e-11	
105	9.361143e-03	-7.36233e-12	-1.15907e-11	
106	9.461143e-03	-7.68034e-12	-1.12538e-11	
107	9.561143e-03	-8.00012e-12	-1.09151e-11	
108	9.661143e-03	-8.32135e-12	-1.05750e-11	
109	9.761143e-03	-8.64369e-12	-1.02338e-11	
110	9.861143e-03	-8.96684e-12	-9.89179e-12	
111	9.961143e-03	-9.29044e-12	-9.54935e-12	
112	1.006114e-02	-9.61419e-12	-9.20680e-12	

Index   time            i(vd1)          i(vd2)          
--------------------------------------------------------------------------------
113	1.016114e-02	-9.93774e-12	-8.86445e-12	
114	1.026114e-02	-1.02608e-11	-8.52265e-12	
115	1.036114e-02	-1.05830e-11	-8.18171e-12	
116	1.046114e-02	-1.09040e-11	-7.84196e-12	
117	1.056114e-02	-1.12235e-11	-7.50374e-12	
118	1.066114e-02	-1.15412e-11	-7.16736e-12	
119	1.076114e-02	-1.18567e-11	-6.83315e-12	
120	1.086114e-02	-1.21698e-11	-6.50142e-12	
121	1.096114e-02	-1.24800e-11	-6.17251e-12	
122	1.106114e-02	-1.27872e-11	-5.84671e-12	
123	1.116114e-02	-1.30910e-11	-5.52435e-12	
124	1.126114e-02	-1.33910e-11	-5.20573e-12	
125	1.136114e-02	-1.36870e-11	-4.89116e-12	
126	1.146114e-02	-1.39787e-11	-4.58094e-12	
127	1.156114e-02	-1.42657e-11	-4.27536e-12	
128	1.166114e-02	-1.45478e-11	-3.97473e-12	
129	1.176114e-02	-1.48248e-11	-3.67932e-12	
130	1.186114e-02	-1.50962e-11	-3.38942e-12	
131	1.196114e-02	-1.53618e-11	-3.10530e-12	
132	1.206114e-02	-1.56215e-11	-2.82724e-12	
133	1.216114e-02	-1.58748e-11	-2.55551e-12	
134	1.226114e-02	-1.61215e-11	-2.29036e-12	
135	1.236114e-02	-1.63615e-11	-2.03204e-12	
136	1.246114e-02	-1.65943e-11	-1.78080e-12	
137	1.256114e-02	-1.68199e-11	-1.53687e-12	
138	1.266114e-02	-1.70380e-11	-1.30050e-12	
139	1.276114e-02	-1.72482e-11	-1.07191e-12	
140	1.286114e-02	-1.74506e-11	-8.51303e-13	
141	1.296114e-02	-1.76447e-11	-6.38898e-13	
142	1.306114e-02	-1.78304e-11	-4.34891e-13	
143	1.316114e-02	-1.80076e-11	-2.39463e-13	
144	1.326114e-02	-1.81760e-11	-5.10777e-14	
145	1.336114e-02	-1.83355e-11	1.822424e-12	
146	1.346114e-02	-1.84859e-11	1.242992e-09	
147	1.356114e-02	-1.86270e-11	5.874543e-07	
148	1.366114e-02	-1.87588e-11	1.925487e-04	
149	1.376114e-02	-1.88893e-11	3.200747e-02	
150	1.386114e-02	-1.90763e-11	2.699465e-01	
151	1.396114e-02	-1.93054e-11	2.303238e-01	
152	1.406114e-02	-1.95097e-11	2.193103e-01	
153	1.416114e-02	-1.96971e-11	1.966796e-01	
154	1.426114e-02	-1.98614e-11	1.784216e-01	
155	1.436114e-02	-2.00071e-11	1.583363e-01	
156	1.446114e-02	-2.01341e-11	1.389015e-01	
157	1.456114e-02	-2.02398e-11	1.193925e-01	
158	1.466114e-02	-2.03242e-11	1.001567e-01	
159	1.476114e-02	-2.03917e-11	8.130749e-02	
160	1.486114e-02	-2.04374e-11	6.312622e-02	
161	1.496114e-02	-2.04641e-11	4.608732e-02	
162	1.506114e-02	-2.04725e-11	3.069986e-02	
163	1.516114e-02	-2.04630e-11	1.791968e-02	
164	1.526114e-02	-2.04378e-11	8.641803e-03	
165	1.536114e-02	-2.03984e-11	3.209256e-03	
166	1.546114e-02	-2.03466e-11	8.592908e-04	
167	1.556114e-02	-2.02838e-11	1.587218e-04	
168	1.566114e-02	-2.02104e-11	1.983750e-05	
169	1.576114e-02	-2.01268e-11	1.670622e-06	
170	1.586114e-02	-2.00330e-11	9.494205e-08	

Index   time            i(vd1)          i(vd2)          
--------------------------------------------------------------------------------
171	1.596114e-02	-1.99291e-11	3.652388e-09	
172	1.606114e-02	-1.98153e-11	9.565511e-11	
173	1.616114e-02	-1.96916e-11	1.662008e-12	
174	1.626114e-02	-1.95581e-11	2.772773e-14	
175	1.636114e-02	-1.94149e-11	-1.14542e-13	
176	1.646114e-02	-1.92623e-11	-2.47867e-13	
177	1.656114e-02	-1.91002e-11	-3.90426e-13	
178	1.666114e-02	-1.89290e-11	-5.42217e-13	
179	1.676114e-02	-1.87487e-11	-7.03088e-13	
180	1.686114e-02	-1.85595e-11	-8.72873e-13	
181	1.696114e-02	-1.83615e-11	-1.05139e-12	
182	1.706114e-02	-1.81551e-11	-1.23847e-12	
183	1.716114e-02	-1.79403e-11	-1.43390e-12	
184	1.726114e-02	-1.77174e-11	-1.63748e-12	
185	1.736114e-02	-1.74865e-11	-1.84901e-12	
186	1.746114e-02	-1.72480e-11	-2.06826e-12	
187	1.756114e-02	-1.70019e-11	-2.29502e-12	
188	1.766114e-02	-1.67486e-11	-2.52904e-12	
189	1.776114e-02	-1.64883e-11	-2.77009e-12	
190	1.786114e-02	-1.62213e-11	-3.01791e-12	
191	1.796114e-02	-1.59477e-11	-3.27226e-12	
192	1.806114e-02	-1.56679e-11	-3.53288e-12	
193	1.816114e-02	-1.53821e-11	-3.79949e-12	
194	1.826114e-02	-1.50906e-11	-4.07182e-12	
195	1.836114e-02	-1.47937e-11	-4.34961e-12	
196	1.846114e-02	-1.44917e-11	-4.63255e-12	
197	1.856114e-02	-1.41847e-11	-4.92038e-12	
198	1.866114e-02	-1.38733e-11	-5.21278e-12	
199	1.876114e-02	-1.35575e-11	-5.50946e-12	
200	1.886114e-02	-1.32378e-11	-5.81013e-12	
201	1.896114e-02	-1.29145e-11	-6.11447e-12	
202	1.906114e-02	-1.25878e-11	-6.42217e-12	
203	1.916114e-02	-1.22580e-11	-6.73293e-12	
204	1.926114e-02	-1.19256e-11	-7.04642e-12	
205	1.936114e-02	-1.15907e-11	-7.36233e-12	
206	1.946114e-02	-1.12538e-11	-7.68034e-12	
207	1.956114e-02	-1.09151e-11	-8.00012e-12	
208	1.966114e-02	-1.05750e-11	-8.32135e-12	
209	1.976114e-02	-1.02338e-11	-8.64369e-12	
210	1.986114e-02	-9.89179e-12	-8.96684e-12	
211	1.996114e-02	-9.54935e-12	-9.29044e-12	
212	2.006114e-02	-9.20680e-12	-9.61419e-12	
213	2.016114e-02	-8.86445e-12	-9.93774e-12	
214	2.026114e-02	-8.52265e-12	-1.02608e-11	
215	2.036114e-02	-8.18171e-12	-1.05830e-11	
216	2.046114e-02	-7.84196e-12	-1.09040e-11	
217	2.056114e-02	-7.50374e-12	-1.12235e-11	
218	2.066114e-02	-7.16736e-12	-1.15412e-11	
219	2.076114e-02	-6.83315e-12	-1.18567e-11	
220	2.086114e-02	-6.50142e-12	-1.21698e-11	
221	2.096114e-02	-6.17251e-12	-1.24800e-11	
222	2.106114e-02	-5.84671e-12	-1.27872e-11	
223	2.116114e-02	-5.52435e-12	-1.30910e-11	
224	2.126114e-02	-5.20573e-12	-1.33910e-11	
225	2.136114e-02	-4.89116e-12	-1.36870e-11	
226	2.146114e-02	-4.58094e-12	-1.39787e-11	
227	2.156114e-02	-4.27536e-12	-1.42657e-11	
228	2.166114e-02	-3.97473e-12	-1.45478e-11	

Index   time            i(vd1)          i(vd2)          
--------------------------------------------------------------------------------
229	2.176114e-02	-3.67932e-12	-1.48248e-11	
230	2.186114e-02	-3.38942e-12	-1.50962e-11	
231	2.196114e-02	-3.10530e-12	-1.53618e-11	
232	2.206114e-02	-2.82724e-12	-1.56215e-11	
233	2.216114e-02	-2.55551e-12	-1.58748e-11	
234	2.226114e-02	-2.29036e-12	-1.61215e-11	
235	2.236114e-02	-2.03204e-12	-1.63615e-11	
236	2.246114e-02	-1.78080e-12	-1.65943e-11	
237	2.256114e-02	-1.53687e-12	-1.68199e-11	
238	2.266114e-02	-1.30050e-12	-1.70380e-11	
239	2.276114e-02	-1.07191e-12	-1.72482e-11	
240	2.286114e-02	-8.51303e-13	-1.74506e-11	
241	2.296114e-02	-6.38898e-13	-1.76447e-11	
242	2.306114e-02	-4.34891e-13	-1.78304e-11	
243	2.316114e-02	-2.39463e-13	-1.80076e-11	
244	2.326114e-02	-5.10777e-14	-1.81760e-11	
245	2.336114e-02	1.822424e-12	-1.83355e-11	
246	2.346114e-02	1.242992e-09	-1.84859e-11	
247	2.356114e-02	5.874543e-07	-1.86270e-11	
248	2.366114e-02	1.925487e-04	-1.87588e-11	
249	2.376114e-02	3.200747e-02	-1.88890e-11	
250	2.386114e-02	2.699465e-01	-1.90770e-11	
251	2.396114e-02	2.303238e-01	-1.93046e-11	
252	2.406114e-02	2.193103e-01	-1.95095e-11	
253	2.416114e-02	1.966796e-01	-1.96960e-11	
254	2.426114e-02	1.784216e-01	-1.98620e-11	
255	2.436114e-02	1.583363e-01	-2.00081e-11	
256	2.446114e-02	1.389015e-01	-2.01341e-11	
257	2.456114e-02	1.193925e-01	-2.02399e-11	
258	2.466114e-02	1.001567e-01	-2.03257e-11	
259	2.476114e-02	8.130749e-02	-2.03914e-11	
260	2.486114e-02	6.312622e-02	-2.04375e-11	
261	2.496114e-02	4.608732e-02	-2.04642e-11	
262	2.506114e-02	3.069986e-02	-2.04724e-11	
263	2.516114e-02	1.791968e-02	-2.04631e-11	
264	2.526114e-02	8.641803e-03	-2.04378e-11	
265	2.536114e-02	3.209256e-03	-2.03984e-11	
266	2.546114e-02	8.592908e-04	-2.03466e-11	
267	2.556114e-02	1.587218e-04	-2.02838e-11	
268	2.566114e-02	1.983750e-05	-2.02104e-11	
269	2.576114e-02	1.670622e-06	-2.01268e-11	
270	2.586114e-02	9.494205e-08	-2.00330e-11	
271	2.596114e-02	3.652388e-09	-1.99291e-11	
272	2.606114e-02	9.565511e-11	-1.98153e-11	
273	2.616114e-02	1.662008e-12	-1.96916e-11	
274	2.626114e-02	2.772773e-14	-1.95581e-11	
275	2.636114e-02	-1.14542e-13	-1.94149e-11	
276	2.646114e-02	-2.47867e-13	-1.92623e-11	
277	2.656114e-02	-3.90426e-13	-1.91002e-11	
278	2.666114e-02	-5.42217e-13	-1.89290e-11	
279	2.676114e-02	-7.03088e-13	-1.87487e-11	
280	2.686114e-02	-8.72873e-13	-1.85595e-11	
281	2.696114e-02	-1.05139e-12	-1.83615e-11	
282	2.706114e-02	-1.23847e-12	-1.81551e-11	
283	2.716114e-02	-1.43390e-12	-1.79403e-11	
284	2.726114e-02	-1.63748e-12	-1.77174e-11	
285	2.736114e-02	-1.84901e-12	-1.74865e-11	
286	2.746114e-02	-2.06826e-12	-1.72480e-11	

Index   time            i(vd1)          i(vd2)          
--------------------------------------------------------------------------------
287	2.756114e-02	-2.29502e-12	-1.70019e-11	
288	2.766114e-02	-2.52904e-12	-1.67486e-11	
289	2.776114e-02	-2.77009e-12	-1.64883e-11	
290	2.786114e-02	-3.01791e-12	-1.62213e-11	
291	2.796114e-02	-3.27226e-12	-1.59477e-11	
292	2.806114e-02	-3.53288e-12	-1.56679e-11	
293	2.816114e-02	-3.79949e-12	-1.53821e-11	
294	2.826114e-02	-4.07182e-12	-1.50906e-11	
295	2.836114e-02	-4.34961e-12	-1.47937e-11	
296	2.846114e-02	-4.63255e-12	-1.44917e-11	
297	2.856114e-02	-4.92038e-12	-1.41847e-11	
298	2.866114e-02	-5.21278e-12	-1.38733e-11	
299	2.876114e-02	-5.50946e-12	-1.35575e-11	
300	2.886114e-02	-5.81013e-12	-1.32378e-11	
301	2.896114e-02	-6.11447e-12	-1.29145e-11	
302	2.906114e-02	-6.42217e-12	-1.25878e-11	
303	2.916114e-02	-6.73293e-12	-1.22580e-11	
304	2.926114e-02	-7.04642e-12	-1.19256e-11	
305	2.936114e-02	-7.36233e-12	-1.15907e-11	
306	2.946114e-02	-7.68034e-12	-1.12538e-11	
307	2.956114e-02	-8.00012e-12	-1.09151e-11	
308	2.966114e-02	-8.32135e-12	-1.05750e-11	
309	2.976114e-02	-8.64369e-12	-1.02338e-11	
310	2.986114e-02	-8.96684e-12	-9.89179e-12	
311	2.996114e-02	-9.29044e-12	-9.54935e-12	
312	3.006114e-02	-9.61419e-12	-9.20680e-12	
313	3.016114e-02	-9.93774e-12	-8.86445e-12	
314	3.026114e-02	-1.02608e-11	-8.52265e-12	
315	3.036114e-02	-1.05830e-11	-8.18171e-12	
316	3.046114e-02	-1.09040e-11	-7.84196e-12	
317	3.056114e-02	-1.12235e-11	-7.50374e-12	
318	3.066114e-02	-1.15412e-11	-7.16736e-12	
319	3.076114e-02	-1.18567e-11	-6.83315e-12	
320	3.086114e-02	-1.21698e-11	-6.50142e-12	
321	3.096114e-02	-1.24800e-11	-6.17251e-12	
322	3.106114e-02	-1.27872e-11	-5.84671e-12	
323	3.116114e-02	-1.30910e-11	-5.52435e-12	
324	3.126114e-02	-1.33910e-11	-5.20573e-12	
325	3.136114e-02	-1.36870e-11	-4.89116e-12	
326	3.146114e-02	-1.39787e-11	-4.58094e-12	
327	3.156114e-02	-1.42657e-11	-4.27536e-12	
328	3.166114e-02	-1.45478e-11	-3.97473e-12	
329	3.176114e-02	-1.48248e-11	-3.67932e-12	
330	3.186114e-02	-1.50962e-11	-3.38942e-12	
331	3.196114e-02	-1.53618e-11	-3.10530e-12	
332	3.206114e-02	-1.56215e-11	-2.82724e-12	
333	3.216114e-02	-1.58748e-11	-2.55551e-12	
334	3.226114e-02	-1.61215e-11	-2.29036e-12	
335	3.236114e-02	-1.63615e-11	-2.03204e-12	
336	3.246114e-02	-1.65943e-11	-1.78080e-12	
337	3.256114e-02	-1.68199e-11	-1.53687e-12	
338	3.266114e-02	-1.70380e-11	-1.30050e-12	
339	3.276114e-02	-1.72482e-11	-1.07191e-12	
340	3.286114e-02	-1.74506e-11	-8.51303e-13	
341	3.296114e-02	-1.76447e-11	-6.38898e-13	
342	3.306114e-02	-1.78304e-11	-4.34891e-13	
343	3.316114e-02	-1.80076e-11	-2.39463e-13	
344	3.326114e-02	-1.81760e-11	-5.10777e-14	

Index   time            i(vd1)          i(vd2)          
--------------------------------------------------------------------------------
345	3.336114e-02	-1.83355e-11	1.822424e-12	
346	3.346114e-02	-1.84859e-11	1.242992e-09	
347	3.356114e-02	-1.86270e-11	5.874543e-07	
348	3.366114e-02	-1.87588e-11	1.925487e-04	
349	3.376114e-02	-1.88893e-11	3.200747e-02	
350	3.386114e-02	-1.90763e-11	2.699465e-01	
351	3.396114e-02	-1.93054e-11	2.303238e-01	
352	3.406114e-02	-1.95097e-11	2.193103e-01	
353	3.416114e-02	-1.96971e-11	1.966796e-01	
354	3.426114e-02	-1.98623e-11	1.784216e-01	
355	3.436114e-02	-2.00080e-11	1.583363e-01	
356	3.446114e-02	-2.01341e-11	1.389015e-01	
357	3.456114e-02	-2.02407e-11	1.193925e-01	
358	3.466114e-02	-2.03251e-11	1.001567e-01	
359	3.476114e-02	-2.03917e-11	8.130749e-02	
360	3.486114e-02	-2.04370e-11	6.312622e-02	
361	3.496114e-02	-2.04645e-11	4.608732e-02	
362	3.506114e-02	-2.04725e-11	3.069986e-02	
363	3.516114e-02	-2.04631e-11	1.791968e-02	
364	3.526114e-02	-2.04378e-11	8.641803e-03	
365	3.536114e-02	-2.03984e-11	3.209256e-03	
366	3.546114e-02	-2.03466e-11	8.592908e-04	
367	3.556114e-02	-2.02838e-11	1.587218e-04	
368	3.566114e-02	-2.02104e-11	1.983750e-05	
369	3.576114e-02	-2.01268e-11	1.670622e-06	
370	3.586114e-02	-2.00330e-11	9.494205e-08	
371	3.596114e-02	-1.99291e-11	3.652388e-09	
372	3.606114e-02	-1.98153e-11	9.565511e-11	
373	3.616114e-02	-1.96916e-11	1.662008e-12	
374	3.626114e-02	-1.95581e-11	2.772773e-14	
375	3.636114e-02	-1.94149e-11	-1.14542e-13	
376	3.646114e-02	-1.92623e-11	-2.47867e-13	
377	3.656114e-02	-1.91002e-11	-3.90426e-13	
378	3.666114e-02	-1.89290e-11	-5.42217e-13	
379	3.676114e-02	-1.87487e-11	-7.03088e-13	
380	3.686114e-02	-1.85595e-11	-8.72873e-13	
381	3.696114e-02	-1.83615e-11	-1.05139e-12	
382	3.706114e-02	-1.81551e-11	-1.23847e-12	
383	3.716114e-02	-1.79403e-11	-1.43390e-12	
384	3.726114e-02	-1.77174e-11	-1.63748e-12	
385	3.736114e-02	-1.74865e-11	-1.84901e-12	
386	3.746114e-02	-1.72480e-11	-2.06826e-12	
387	3.756114e-02	-1.70019e-11	-2.29502e-12	
388	3.766114e-02	-1.67486e-11	-2.52904e-12	
389	3.776114e-02	-1.64883e-11	-2.77009e-12	
390	3.786114e-02	-1.62213e-11	-3.01791e-12	
391	3.796114e-02	-1.59477e-11	-3.27226e-12	
392	3.806114e-02	-1.56679e-11	-3.53288e-12	
393	3.816114e-02	-1.53821e-11	-3.79949e-12	
394	3.826114e-02	-1.50906e-11	-4.07182e-12	
395	3.836114e-02	-1.47937e-11	-4.34961e-12	
396	3.846114e-02	-1.44917e-11	-4.63255e-12	
397	3.856114e-02	-1.41847e-11	-4.92038e-12	
398	3.866114e-02	-1.38733e-11	-5.21278e-12	
399	3.876114e-02	-1.35575e-11	-5.50946e-12	
400	3.886114e-02	-1.32378e-11	-5.81013e-12	
401	3.896114e-02	-1.29145e-11	-6.11447e-12	
402	3.906114e-02	-1.25878e-11	-6.42217e-12	

Index   time            i(vd1)          i(vd2)          
--------------------------------------------------------------------------------
403	3.916114e-02	-1.22580e-11	-6.73293e-12	
404	3.926114e-02	-1.19256e-11	-7.04642e-12	
405	3.936114e-02	-1.15907e-11	-7.36233e-12	
406	3.946114e-02	-1.12538e-11	-7.68034e-12	
407	3.956114e-02	-1.09151e-11	-8.00012e-12	
408	3.966114e-02	-1.05750e-11	-8.32135e-12	
409	3.976114e-02	-1.02338e-11	-8.64369e-12	
410	3.986114e-02	-9.89179e-12	-8.96684e-12	
411	3.996114e-02	-9.54935e-12	-9.29044e-12	
412	4.006114e-02	-9.20680e-12	-9.61419e-12	
413	4.016114e-02	-8.86445e-12	-9.93774e-12	
414	4.026114e-02	-8.52265e-12	-1.02608e-11	
415	4.036114e-02	-8.18171e-12	-1.05830e-11	
416	4.046114e-02	-7.84196e-12	-1.09040e-11	
417	4.056114e-02	-7.50374e-12	-1.12235e-11	
418	4.066114e-02	-7.16736e-12	-1.15412e-11	
419	4.076114e-02	-6.83315e-12	-1.18567e-11	
420	4.086114e-02	-6.50142e-12	-1.21698e-11	
421	4.096114e-02	-6.17251e-12	-1.24800e-11	
422	4.106114e-02	-5.84671e-12	-1.27872e-11	
423	4.116114e-02	-5.52435e-12	-1.30910e-11	
424	4.126114e-02	-5.20573e-12	-1.33910e-11	
425	4.136114e-02	-4.89116e-12	-1.36870e-11	
426	4.146114e-02	-4.58094e-12	-1.39787e-11	
427	4.156114e-02	-4.27536e-12	-1.42657e-11	
428	4.166114e-02	-3.97473e-12	-1.45478e-11	
429	4.176114e-02	-3.67932e-12	-1.48248e-11	
430	4.186114e-02	-3.38942e-12	-1.50962e-11	
431	4.196114e-02	-3.10530e-12	-1.53618e-11	
432	4.206114e-02	-2.82724e-12	-1.56215e-11	
433	4.216114e-02	-2.55551e-12	-1.58748e-11	
434	4.226114e-02	-2.29036e-12	-1.61215e-11	
435	4.236114e-02	-2.03204e-12	-1.63615e-11	
436	4.246114e-02	-1.78080e-12	-1.65943e-11	
437	4.256114e-02	-1.53687e-12	-1.68199e-11	
438	4.266114e-02	-1.30050e-12	-1.70380e-11	
439	4.276114e-02	-1.07191e-12	-1.72482e-11	
440	4.286114e-02	-8.51303e-13	-1.74506e-11	
441	4.296114e-02	-6.38898e-13	-1.76447e-11	
442	4.306114e-02	-4.34891e-13	-1.78304e-11	
443	4.316114e-02	-2.39463e-13	-1.80076e-11	
444	4.326114e-02	-5.10777e-14	-1.81760e-11	
445	4.336114e-02	1.822424e-12	-1.83355e-11	
446	4.346114e-02	1.242992e-09	-1.84859e-11	
447	4.356114e-02	5.874543e-07	-1.86270e-11	
448	4.366114e-02	1.925487e-04	-1.87588e-11	
449	4.376114e-02	3.200747e-02	-1.88890e-11	
450	4.386114e-02	2.699465e-01	-1.90770e-11	
451	4.396114e-02	2.303238e-01	-1.93046e-11	
452	4.406114e-02	2.193103e-01	-1.95095e-11	
453	4.416114e-02	1.966796e-01	-1.96960e-11	
454	4.426114e-02	1.784216e-01	-1.98620e-11	
455	4.436114e-02	1.583363e-01	-2.00081e-11	
456	4.446114e-02	1.389015e-01	-2.01341e-11	
457	4.456114e-02	1.193925e-01	-2.02399e-11	
458	4.466114e-02	1.001567e-01	-2.03257e-11	
459	4.476114e-02	8.130749e-02	-2.03914e-11	
460	4.486114e-02	6.312622e-02	-2.04375e-11	

Index   time            i(vd1)          i(vd2)          
--------------------------------------------------------------------------------
461	4.496114e-02	4.608732e-02	-2.04642e-11	
462	4.506114e-02	3.069986e-02	-2.04724e-11	
463	4.516114e-02	1.791968e-02	-2.04631e-11	
464	4.526114e-02	8.641803e-03	-2.04378e-11	
465	4.536114e-02	3.209256e-03	-2.03984e-11	
466	4.546114e-02	8.592908e-04	-2.03466e-11	
467	4.556114e-02	1.587218e-04	-2.02838e-11	
468	4.566114e-02	1.983750e-05	-2.02104e-11	
469	4.576114e-02	1.670622e-06	-2.01268e-11	
470	4.586114e-02	9.494205e-08	-2.00330e-11	
471	4.596114e-02	3.652388e-09	-1.99291e-11	
472	4.606114e-02	9.565511e-11	-1.98153e-11	
473	4.616114e-02	1.662008e-12	-1.96916e-11	
474	4.626114e-02	2.772773e-14	-1.95581e-11	
475	4.636114e-02	-1.14542e-13	-1.94149e-11	
476	4.646114e-02	-2.47867e-13	-1.92623e-11	
477	4.656114e-02	-3.90426e-13	-1.91002e-11	
478	4.666114e-02	-5.42217e-13	-1.89290e-11	
479	4.676114e-02	-7.03088e-13	-1.87487e-11	
480	4.686114e-02	-8.72873e-13	-1.85595e-11	
481	4.696114e-02	-1.05139e-12	-1.83615e-11	
482	4.706114e-02	-1.23847e-12	-1.81551e-11	
483	4.716114e-02	-1.43390e-12	-1.79403e-11	
484	4.726114e-02	-1.63748e-12	-1.77174e-11	
485	4.736114e-02	-1.84901e-12	-1.74865e-11	
486	4.746114e-02	-2.06826e-12	-1.72480e-11	
487	4.756114e-02	-2.29502e-12	-1.70019e-11	
488	4.766114e-02	-2.52904e-12	-1.67486e-11	
489	4.776114e-02	-2.77009e-12	-1.64883e-11	
490	4.786114e-02	-3.01791e-12	-1.62213e-11	
491	4.796114e-02	-3.27226e-12	-1.59477e-11	
492	4.806114e-02	-3.53288e-12	-1.56679e-11	
493	4.816114e-02	-3.79949e-12	-1.53821e-11	
494	4.826114e-02	-4.07182e-12	-1.50906e-11	
495	4.836114e-02	-4.34961e-12	-1.47937e-11	
496	4.846114e-02	-4.63255e-12	-1.44917e-11	
497	4.856114e-02	-4.92038e-12	-1.41847e-11	
498	4.866114e-02	-5.21278e-12	-1.38733e-11	
499	4.876114e-02	-5.50946e-12	-1.35575e-11	
500	4.886114e-02	-5.81013e-12	-1.32378e-11	
501	4.896114e-02	-6.11447e-12	-1.29145e-11	
502	4.906114e-02	-6.42217e-12	-1.25878e-11	
503	4.916114e-02	-6.73293e-12	-1.22580e-11	
504	4.926114e-02	-7.04642e-12	-1.19256e-11	
505	4.936114e-02	-7.36233e-12	-1.15907e-11	
506	4.946114e-02	-7.68034e-12	-1.12538e-11	
507	4.956114e-02	-8.00012e-12	-1.09151e-11	
508	4.966114e-02	-8.32135e-12	-1.05750e-11	
509	4.976114e-02	-8.64369e-12	-1.02338e-11	
510	4.986114e-02	-8.96684e-12	-9.89179e-12	
511	4.996114e-02	-9.29044e-12	-9.54935e-12	
512	5.006114e-02	-9.61419e-12	-9.20680e-12	
513	5.016114e-02	-9.93774e-12	-8.86445e-12	
514	5.026114e-02	-1.02608e-11	-8.52265e-12	
515	5.036114e-02	-1.05830e-11	-8.18171e-12	
516	5.046114e-02	-1.09040e-11	-7.84196e-12	
517	5.056114e-02	-1.12235e-11	-7.50374e-12	
518	5.066114e-02	-1.15412e-11	-7.16736e-12	

Index   time            i(vd1)          i(vd2)          
--------------------------------------------------------------------------------
519	5.076114e-02	-1.18567e-11	-6.83315e-12	
520	5.086114e-02	-1.21698e-11	-6.50142e-12	
521	5.096114e-02	-1.24800e-11	-6.17251e-12	
522	5.106114e-02	-1.27872e-11	-5.84671e-12	
523	5.116114e-02	-1.30910e-11	-5.52435e-12	
524	5.126114e-02	-1.33910e-11	-5.20573e-12	
525	5.136114e-02	-1.36870e-11	-4.89116e-12	
526	5.146114e-02	-1.39787e-11	-4.58094e-12	
527	5.156114e-02	-1.42657e-11	-4.27536e-12	
528	5.166114e-02	-1.45478e-11	-3.97473e-12	
529	5.176114e-02	-1.48248e-11	-3.67932e-12	
530	5.186114e-02	-1.50962e-11	-3.38942e-12	
531	5.196114e-02	-1.53618e-11	-3.10530e-12	
532	5.206114e-02	-1.56215e-11	-2.82724e-12	
533	5.216114e-02	-1.58748e-11	-2.55551e-12	
534	5.226114e-02	-1.61215e-11	-2.29036e-12	
535	5.236114e-02	-1.63615e-11	-2.03204e-12	
536	5.246114e-02	-1.65943e-11	-1.78080e-12	
537	5.256114e-02	-1.68199e-11	-1.53687e-12	
538	5.266114e-02	-1.70380e-11	-1.30050e-12	
539	5.276114e-02	-1.72482e-11	-1.07191e-12	
540	5.286114e-02	-1.74506e-11	-8.51303e-13	
541	5.296114e-02	-1.76447e-11	-6.38898e-13	
542	5.306114e-02	-1.78304e-11	-4.34891e-13	
543	5.316114e-02	-1.80076e-11	-2.39463e-13	
544	5.326114e-02	-1.81760e-11	-5.10777e-14	
545	5.336114e-02	-1.83355e-11	1.822424e-12	
546	5.346114e-02	-1.84859e-11	1.242992e-09	
547	5.356114e-02	-1.86270e-11	5.874543e-07	
548	5.366114e-02	-1.87588e-11	1.925487e-04	
549	5.376114e-02	-1.88891e-11	3.200747e-02	
550	5.386114e-02	-1.90763e-11	2.699465e-01	
551	5.396114e-02	-1.93054e-11	2.303238e-01	
552	5.406114e-02	-1.95097e-11	2.193103e-01	
553	5.416114e-02	-1.96962e-11	1.966796e-01	
554	5.426114e-02	-1.98614e-11	1.784216e-01	
555	5.436114e-02	-2.00080e-11	1.583363e-01	
556	5.446114e-02	-2.01332e-11	1.389015e-01	
557	5.456114e-02	-2.02398e-11	1.193925e-01	
558	5.466114e-02	-2.03251e-11	1.001567e-01	
559	5.476114e-02	-2.03912e-11	8.130749e-02	
560	5.486114e-02	-2.04374e-11	6.312622e-02	
561	5.496114e-02	-2.04641e-11	4.608732e-02	
562	5.506114e-02	-2.04727e-11	3.069986e-02	
563	5.516114e-02	-2.04631e-11	1.791968e-02	
564	5.526114e-02	-2.04378e-11	8.641803e-03	
565	5.536114e-02	-2.03984e-11	3.209256e-03	
566	5.546114e-02	-2.03466e-11	8.592908e-04	
567	5.556114e-02	-2.02838e-11	1.587218e-04	
568	5.566114e-02	-2.02104e-11	1.983750e-05	
569	5.576114e-02	-2.01268e-11	1.670622e-06	
570	5.586114e-02	-2.00330e-11	9.494205e-08	
571	5.596114e-02	-1.99291e-11	3.652388e-09	
572	5.606114e-02	-1.98153e-11	9.565511e-11	
573	5.616114e-02	-1.96916e-11	1.662008e-12	
574	5.626114e-02	-1.95581e-11	2.772773e-14	
575	5.636114e-02	-1.94149e-11	-1.14542e-13	
576	5.646114e-02	-1.92623e-11	-2.47867e-13	

Index   time            i(vd1)          i(vd2)          
--------------------------------------------------------------------------------
577	5.656114e-02	-1.91002e-11	-3.90426e-13	
578	5.666114e-02	-1.89290e-11	-5.42217e-13	
579	5.676114e-02	-1.87487e-11	-7.03088e-13	
580	5.686114e-02	-1.85595e-11	-8.72873e-13	
581	5.696114e-02	-1.83615e-11	-1.05139e-12	
582	5.706114e-02	-1.81551e-11	-1.23847e-12	
583	5.716114e-02	-1.79403e-11	-1.43390e-12	
584	5.726114e-02	-1.77174e-11	-1.63748e-12	
585	5.736114e-02	-1.74865e-11	-1.84901e-12	
586	5.746114e-02	-1.72480e-11	-2.06826e-12	
587	5.756114e-02	-1.70019e-11	-2.29502e-12	
588	5.766114e-02	-1.67486e-11	-2.52904e-12	
589	5.776114e-02	-1.64883e-11	-2.77009e-12	
590	5.786114e-02	-1.62213e-11	-3.01791e-12	
591	5.796114e-02	-1.59477e-11	-3.27226e-12	
592	5.806114e-02	-1.56679e-11	-3.53288e-12	
593	5.816114e-02	-1.53821e-11	-3.79949e-12	
594	5.826114e-02	-1.50906e-11	-4.07182e-12	
595	5.836114e-02	-1.47937e-11	-4.34961e-12	
596	5.846114e-02	-1.44917e-11	-4.63255e-12	
597	5.856114e-02	-1.41847e-11	-4.92038e-12	
598	5.866114e-02	-1.38733e-11	-5.21278e-12	
599	5.876114e-02	-1.35575e-11	-5.50946e-12	
600	5.886114e-02	-1.32378e-11	-5.81013e-12	
601	5.896114e-02	-1.29145e-11	-6.11447e-12	
602	5.906114e-02	-1.25878e-11	-6.42217e-12	
603	5.916114e-02	-1.22580e-11	-6.73293e-12	
604	5.926114e-02	-1.19256e-11	-7.04642e-12	
605	5.936114e-02	-1.15907e-11	-7.36233e-12	
606	5.946114e-02	-1.12538e-11	-7.68034e-12	
607	5.956114e-02	-1.09151e-11	-8.00012e-12	
608	5.966114e-02	-1.05750e-11	-8.32135e-12	
609	5.976114e-02	-1.02338e-11	-8.64369e-12	
610	5.986114e-02	-9.89179e-12	-8.96684e-12	
611	5.996114e-02	-9.54935e-12	-9.29044e-12	
612	6.006114e-02	-9.20680e-12	-9.61419e-12	
613	6.016114e-02	-8.86445e-12	-9.93774e-12	
614	6.026114e-02	-8.52265e-12	-1.02608e-11	
615	6.036114e-02	-8.18171e-12	-1.05830e-11	
616	6.046114e-02	-7.84196e-12	-1.09040e-11	
617	6.056114e-02	-7.50374e-12	-1.12235e-11	
618	6.066114e-02	-7.16736e-12	-1.15412e-11	
619	6.076114e-02	-6.83315e-12	-1.18567e-11	
620	6.086114e-02	-6.50142e-12	-1.21698e-11	
621	6.096114e-02	-6.17251e-12	-1.24800e-11	
622	6.106114e-02	-5.84671e-12	-1.27872e-11	
623	6.116114e-02	-5.52435e-12	-1.30910e-11	
624	6.126114e-02	-5.20573e-12	-1.33910e-11	
625	6.136114e-02	-4.89116e-12	-1.36870e-11	
626	6.146114e-02	-4.58094e-12	-1.39787e-11	
627	6.156114e-02	-4.27536e-12	-1.42657e-11	
628	6.166114e-02	-3.97473e-12	-1.45478e-11	
629	6.176114e-02	-3.67932e-12	-1.48248e-11	
630	6.186114e-02	-3.38942e-12	-1.50962e-11	
631	6.196114e-02	-3.10530e-12	-1.53618e-11	
632	6.206114e-02	-2.82724e-12	-1.56215e-11	
633	6.216114e-02	-2.55551e-12	-1.58748e-11	
634	6.226114e-02	-2.29036e-12	-1.61215e-11	

Index   time            i(vd1)          i(vd2)          
--------------------------------------------------------------------------------
635	6.236114e-02	-2.03204e-12	-1.63615e-11	
636	6.246114e-02	-1.78080e-12	-1.65943e-11	
637	6.256114e-02	-1.53687e-12	-1.68199e-11	
638	6.266114e-02	-1.30050e-12	-1.70380e-11	
639	6.276114e-02	-1.07191e-12	-1.72482e-11	
640	6.286114e-02	-8.51303e-13	-1.74506e-11	
641	6.296114e-02	-6.38898e-13	-1.76447e-11	
642	6.306114e-02	-4.34891e-13	-1.78304e-11	
643	6.316114e-02	-2.39463e-13	-1.80076e-11	
644	6.326114e-02	-5.10777e-14	-1.81760e-11	
645	6.336114e-02	1.822424e-12	-1.83355e-11	
646	6.346114e-02	1.242992e-09	-1.84859e-11	
647	6.356114e-02	5.874543e-07	-1.86270e-11	
648	6.366114e-02	1.925487e-04	-1.87588e-11	
649	6.376114e-02	3.200747e-02	-1.88890e-11	
650	6.386114e-02	2.699465e-01	-1.90770e-11	
651	6.396114e-02	2.303238e-01	-1.93046e-11	
652	6.406114e-02	2.193103e-01	-1.95095e-11	
653	6.416114e-02	1.966796e-01	-1.96960e-11	
654	6.426114e-02	1.784216e-01	-1.98620e-11	
655	6.436114e-02	1.583363e-01	-2.00081e-11	
656	6.446114e-02	1.389015e-01	-2.01341e-11	
657	6.456114e-02	1.193925e-01	-2.02399e-11	
658	6.466114e-02	1.001567e-01	-2.03257e-11	
659	6.476114e-02	8.130749e-02	-2.03914e-11	
660	6.486114e-02	6.312622e-02	-2.04375e-11	
661	6.496114e-02	4.608732e-02	-2.04642e-11	
662	6.506114e-02	3.069986e-02	-2.04724e-11	
663	6.516114e-02	1.791968e-02	-2.04631e-11	
664	6.526114e-02	8.641803e-03	-2.04378e-11	
665	6.536114e-02	3.209256e-03	-2.03984e-11	
666	6.546114e-02	8.592908e-04	-2.03466e-11	
667	6.556114e-02	1.587218e-04	-2.02838e-11	
668	6.566114e-02	1.983750e-05	-2.02104e-11	
669	6.576114e-02	1.670622e-06	-2.01268e-11	
670	6.586114e-02	9.494205e-08	-2.00330e-11	
671	6.596114e-02	3.652388e-09	-1.99291e-11	
672	6.606114e-02	9.565511e-11	-1.98153e-11	
673	6.616114e-02	1.662008e-12	-1.96916e-11	
674	6.626114e-02	2.772773e-14	-1.95581e-11	
675	6.636114e-02	-1.14542e-13	-1.94149e-11	
676	6.646114e-02	-2.47867e-13	-1.92623e-11	
677	6.656114e-02	-3.90426e-13	-1.91002e-11	
678	6.666114e-02	-5.42217e-13	-1.89290e-11	
679	6.676114e-02	-7.03088e-13	-1.87487e-11	
680	6.686114e-02	-8.72873e-13	-1.85595e-11	
681	6.696114e-02	-1.05139e-12	-1.83615e-11	
682	6.706114e-02	-1.23847e-12	-1.81551e-11	
683	6.716114e-02	-1.43390e-12	-1.79403e-11	
684	6.726114e-02	-1.63748e-12	-1.77174e-11	
685	6.736114e-02	-1.84901e-12	-1.74865e-11	
686	6.746114e-02	-2.06826e-12	-1.72480e-11	
687	6.756114e-02	-2.29502e-12	-1.70019e-11	
688	6.766114e-02	-2.52904e-12	-1.67486e-11	
689	6.776114e-02	-2.77009e-12	-1.64883e-11	
690	6.786114e-02	-3.01791e-12	-1.62213e-11	
691	6.796114e-02	-3.27226e-12	-1.59477e-11	
692	6.806114e-02	-3.53288e-12	-1.56679e-11	

Index   time            i(vd1)          i(vd2)          
--------------------------------------------------------------------------------
693	6.816114e-02	-3.79949e-12	-1.53821e-11	
694	6.826114e-02	-4.07182e-12	-1.50906e-11	
695	6.836114e-02	-4.34961e-12	-1.47937e-11	
696	6.846114e-02	-4.63255e-12	-1.44917e-11	
697	6.856114e-02	-4.92038e-12	-1.41847e-11	
698	6.866114e-02	-5.21278e-12	-1.38733e-11	
699	6.876114e-02	-5.50946e-12	-1.35575e-11	
700	6.886114e-02	-5.81013e-12	-1.32378e-11	
701	6.896114e-02	-6.11447e-12	-1.29145e-11	
702	6.906114e-02	-6.42217e-12	-1.25878e-11	
703	6.916114e-02	-6.73293e-12	-1.22580e-11	
704	6.926114e-02	-7.04642e-12	-1.19256e-11	
705	6.936114e-02	-7.36233e-12	-1.15907e-11	
706	6.946114e-02	-7.68034e-12	-1.12538e-11	
707	6.956114e-02	-8.00012e-12	-1.09151e-11	
708	6.966114e-02	-8.32135e-12	-1.05750e-11	
709	6.976114e-02	-8.64369e-12	-1.02338e-11	
710	6.986114e-02	-8.96684e-12	-9.89179e-12	
711	6.996114e-02	-9.29044e-12	-9.54935e-12	
712	7.006114e-02	-9.61419e-12	-9.20680e-12	
713	7.016114e-02	-9.93774e-12	-8.86445e-12	
714	7.026114e-02	-1.02608e-11	-8.52265e-12	
715	7.036114e-02	-1.05830e-11	-8.18171e-12	
716	7.046114e-02	-1.09040e-11	-7.84196e-12	
717	7.056114e-02	-1.12235e-11	-7.50374e-12	
718	7.066114e-02	-1.15412e-11	-7.16736e-12	
719	7.076114e-02	-1.18567e-11	-6.83315e-12	
720	7.086114e-02	-1.21698e-11	-6.50142e-12	
721	7.096114e-02	-1.24800e-11	-6.17251e-12	
722	7.106114e-02	-1.27872e-11	-5.84671e-12	
723	7.116114e-02	-1.30910e-11	-5.52435e-12	
724	7.126114e-02	-1.33910e-11	-5.20573e-12	
725	7.136114e-02	-1.36870e-11	-4.89116e-12	
726	7.146114e-02	-1.39787e-11	-4.58094e-12	
727	7.156114e-02	-1.42657e-11	-4.27536e-12	
728	7.166114e-02	-1.45478e-11	-3.97473e-12	
729	7.176114e-02	-1.48248e-11	-3.67932e-12	
730	7.186114e-02	-1.50962e-11	-3.38942e-12	
731	7.196114e-02	-1.53618e-11	-3.10530e-12	
732	7.206114e-02	-1.56215e-11	-2.82724e-12	
733	7.216114e-02	-1.58748e-11	-2.55551e-12	
734	7.226114e-02	-1.61215e-11	-2.29036e-12	
735	7.236114e-02	-1.63615e-11	-2.03204e-12	
736	7.246114e-02	-1.65943e-11	-1.78080e-12	
737	7.256114e-02	-1.68199e-11	-1.53687e-12	
738	7.266114e-02	-1.70380e-11	-1.30050e-12	
739	7.276114e-02	-1.72482e-11	-1.07191e-12	
740	7.286114e-02	-1.74506e-11	-8.51303e-13	
741	7.296114e-02	-1.76447e-11	-6.38898e-13	
742	7.306114e-02	-1.78304e-11	-4.34891e-13	
743	7.316114e-02	-1.80076e-11	-2.39463e-13	
744	7.326114e-02	-1.81760e-11	-5.10777e-14	
745	7.336114e-02	-1.83355e-11	1.822424e-12	
746	7.346114e-02	-1.84859e-11	1.242992e-09	
747	7.356114e-02	-1.86270e-11	5.874543e-07	
748	7.366114e-02	-1.87588e-11	1.925487e-04	
749	7.376114e-02	-1.88893e-11	3.200747e-02	
750	7.386114e-02	-1.90763e-11	2.699465e-01	

Index   time            i(vd1)          i(vd2)          
--------------------------------------------------------------------------------
751	7.396114e-02	-1.93054e-11	2.303238e-01	
752	7.406114e-02	-1.95097e-11	2.193103e-01	
753	7.416114e-02	-1.96971e-11	1.966796e-01	
754	7.426114e-02	-1.98614e-11	1.784216e-01	
755	7.436114e-02	-2.00080e-11	1.583363e-01	
756	7.446114e-02	-2.01350e-11	1.389015e-01	
757	7.456114e-02	-2.02407e-11	1.193925e-01	
758	7.466114e-02	-2.03251e-11	1.001567e-01	
759	7.476114e-02	-2.03917e-11	8.130749e-02	
760	7.486114e-02	-2.04374e-11	6.312622e-02	
761	7.496114e-02	-2.04641e-11	4.608732e-02	
762	7.506114e-02	-2.04723e-11	3.069986e-02	
763	7.516114e-02	-2.04631e-11	1.791968e-02	
764	7.526114e-02	-2.04378e-11	8.641803e-03	
765	7.536114e-02	-2.03984e-11	3.209256e-03	
766	7.546114e-02	-2.03466e-11	8.592908e-04	
767	7.556114e-02	-2.02838e-11	1.587218e-04	
768	7.566114e-02	-2.02104e-11	1.983750e-05	
769	7.576114e-02	-2.01268e-11	1.670622e-06	
770	7.586114e-02	-2.00330e-11	9.494205e-08	
771	7.596114e-02	-1.99291e-11	3.652388e-09	
772	7.606114e-02	-1.98153e-11	9.565511e-11	
773	7.616114e-02	-1.96916e-11	1.662008e-12	
774	7.626114e-02	-1.95581e-11	2.772773e-14	
775	7.636114e-02	-1.94149e-11	-1.14542e-13	
776	7.646114e-02	-1.92623e-11	-2.47867e-13	
777	7.656114e-02	-1.91002e-11	-3.90426e-13	
778	7.666114e-02	-1.89290e-11	-5.42217e-13	
779	7.676114e-02	-1.87487e-11	-7.03088e-13	
780	7.686114e-02	-1.85595e-11	-8.72873e-13	
781	7.696114e-02	-1.83615e-11	-1.05139e-12	
782	7.706114e-02	-1.81551e-11	-1.23847e-12	
783	7.716114e-02	-1.79403e-11	-1.43390e-12	
784	7.726114e-02	-1.77174e-11	-1.63748e-12	
785	7.736114e-02	-1.74865e-11	-1.84901e-12	
786	7.746114e-02	-1.72480e-11	-2.06826e-12	
787	7.756114e-02	-1.70019e-11	-2.29502e-12	
788	7.766114e-02	-1.67486e-11	-2.52904e-12	
789	7.776114e-02	-1.64883e-11	-2.77009e-12	
790	7.786114e-02	-1.62213e-11	-3.01791e-12	
791	7.796114e-02	-1.59477e-11	-3.27226e-12	
792	7.806114e-02	-1.56679e-11	-3.53288e-12	
793	7.816114e-02	-1.53821e-11	-3.79949e-12	
794	7.826114e-02	-1.50906e-11	-4.07182e-12	
795	7.836114e-02	-1.47937e-11	-4.34961e-12	
796	7.846114e-02	-1.44917e-11	-4.63255e-12	
797	7.856114e-02	-1.41847e-11	-4.92038e-12	
798	7.866114e-02	-1.38733e-11	-5.21278e-12	
799	7.876114e-02	-1.35575e-11	-5.50946e-12	
800	7.886114e-02	-1.32378e-11	-5.81013e-12	
801	7.896114e-02	-1.29145e-11	-6.11447e-12	
802	7.906114e-02	-1.25878e-11	-6.42217e-12	
803	7.916114e-02	-1.22580e-11	-6.73293e-12	
804	7.926114e-02	-1.19256e-11	-7.04642e-12	
805	7.936114e-02	-1.15907e-11	-7.36233e-12	
806	7.946114e-02	-1.12538e-11	-7.68034e-12	
807	7.956114e-02	-1.09151e-11	-8.00012e-12	
808	7.966114e-02	-1.05750e-11	-8.32135e-12	

Index   time            i(vd1)          i(vd2)          
--------------------------------------------------------------------------------
809	7.976114e-02	-1.02338e-11	-8.64369e-12	
810	7.986114e-02	-9.89179e-12	-8.96684e-12	
811	7.996114e-02	-9.54935e-12	-9.29044e-12	
812	8.006114e-02	-9.20680e-12	-9.61419e-12	
813	8.016114e-02	-8.86445e-12	-9.93774e-12	
814	8.026114e-02	-8.52265e-12	-1.02608e-11	
815	8.036114e-02	-8.18171e-12	-1.05830e-11	
816	8.046114e-02	-7.84196e-12	-1.09040e-11	
817	8.056114e-02	-7.50374e-12	-1.12235e-11	
818	8.066114e-02	-7.16736e-12	-1.15412e-11	
819	8.076114e-02	-6.83315e-12	-1.18567e-11	
820	8.086114e-02	-6.50142e-12	-1.21698e-11	
821	8.096114e-02	-6.17251e-12	-1.24800e-11	
822	8.106114e-02	-5.84671e-12	-1.27872e-11	
823	8.116114e-02	-5.52435e-12	-1.30910e-11	
824	8.126114e-02	-5.20573e-12	-1.33910e-11	
825	8.136114e-02	-4.89116e-12	-1.36870e-11	
826	8.146114e-02	-4.58094e-12	-1.39787e-11	
827	8.156114e-02	-4.27536e-12	-1.42657e-11	
828	8.166114e-02	-3.97473e-12	-1.45478e-11	
829	8.176114e-02	-3.67932e-12	-1.48248e-11	
830	8.186114e-02	-3.38942e-12	-1.50962e-11	
831	8.196114e-02	-3.10530e-12	-1.53618e-11	
832	8.206114e-02	-2.82724e-12	-1.56215e-11	
833	8.216114e-02	-2.55551e-12	-1.58748e-11	
834	8.226114e-02	-2.29036e-12	-1.61215e-11	
835	8.236114e-02	-2.03204e-12	-1.63615e-11	
836	8.246114e-02	-1.78080e-12	-1.65943e-11	
837	8.256114e-02	-1.53687e-12	-1.68199e-11	
838	8.266114e-02	-1.30050e-12	-1.70380e-11	
839	8.276114e-02	-1.07191e-12	-1.72482e-11	
840	8.286114e-02	-8.51303e-13	-1.74506e-11	
841	8.296114e-02	-6.38898e-13	-1.76447e-11	
842	8.306114e-02	-4.34891e-13	-1.78304e-11	
843	8.316114e-02	-2.39463e-13	-1.80076e-11	
844	8.326114e-02	-5.10777e-14	-1.81760e-11	
845	8.336114e-02	1.822424e-12	-1.83355e-11	
846	8.346114e-02	1.242992e-09	-1.84859e-11	
847	8.356114e-02	5.874543e-07	-1.86270e-11	
848	8.366114e-02	1.925487e-04	-1.87588e-11	
849	8.376114e-02	3.200747e-02	-1.88890e-11	
850	8.386114e-02	2.699465e-01	-1.90770e-11	
851	8.396114e-02	2.303238e-01	-1.93046e-11	
852	8.406114e-02	2.193103e-01	-1.95095e-11	
853	8.416114e-02	1.966796e-01	-1.96960e-11	
854	8.426114e-02	1.784216e-01	-1.98620e-11	
855	8.436114e-02	1.583363e-01	-2.00081e-11	
856	8.446114e-02	1.389015e-01	-2.01341e-11	
857	8.456114e-02	1.193925e-01	-2.02399e-11	
858	8.466114e-02	1.001567e-01	-2.03257e-11	
859	8.476114e-02	8.130749e-02	-2.03914e-11	
860	8.486114e-02	6.312622e-02	-2.04375e-11	
861	8.496114e-02	4.608732e-02	-2.04642e-11	
862	8.506114e-02	3.069986e-02	-2.04724e-11	
863	8.516114e-02	1.791968e-02	-2.04631e-11	
864	8.526114e-02	8.641803e-03	-2.04378e-11	
865	8.536114e-02	3.209256e-03	-2.03984e-11	
866	8.546114e-02	8.592908e-04	-2.03466e-11	

Index   time            i(vd1)          i(vd2)          
--------------------------------------------------------------------------------
867	8.556114e-02	1.587218e-04	-2.02838e-11	
868	8.566114e-02	1.983750e-05	-2.02104e-11	
869	8.576114e-02	1.670622e-06	-2.01268e-11	
870	8.586114e-02	9.494205e-08	-2.00330e-11	
871	8.596114e-02	3.652388e-09	-1.99291e-11	
872	8.606114e-02	9.565511e-11	-1.98153e-11	
873	8.616114e-02	1.662008e-12	-1.96916e-11	
874	8.626114e-02	2.772773e-14	-1.95581e-11	
875	8.636114e-02	-1.14542e-13	-1.94149e-11	
876	8.646114e-02	-2.47867e-13	-1.92623e-11	
877	8.656114e-02	-3.90426e-13	-1.91002e-11	
878	8.666114e-02	-5.42217e-13	-1.89290e-11	
879	8.676114e-02	-7.03088e-13	-1.87487e-11	
880	8.686114e-02	-8.72873e-13	-1.85595e-11	
881	8.696114e-02	-1.05139e-12	-1.83615e-11	
882	8.706114e-02	-1.23847e-12	-1.81551e-11	
883	8.716114e-02	-1.43390e-12	-1.79403e-11	
884	8.726114e-02	-1.63748e-12	-1.77174e-11	
885	8.736114e-02	-1.84901e-12	-1.74865e-11	
886	8.746114e-02	-2.06826e-12	-1.72480e-11	
887	8.756114e-02	-2.29502e-12	-1.70019e-11	
888	8.766114e-02	-2.52904e-12	-1.67486e-11	
889	8.776114e-02	-2.77009e-12	-1.64883e-11	
890	8.786114e-02	-3.01791e-12	-1.62213e-11	
891	8.796114e-02	-3.27226e-12	-1.59477e-11	
892	8.806114e-02	-3.53288e-12	-1.56679e-11	
893	8.816114e-02	-3.79949e-12	-1.53821e-11	
894	8.826114e-02	-4.07182e-12	-1.50906e-11	
895	8.836114e-02	-4.34961e-12	-1.47937e-11	
896	8.846114e-02	-4.63255e-12	-1.44917e-11	
897	8.856114e-02	-4.92038e-12	-1.41847e-11	
898	8.866114e-02	-5.21278e-12	-1.38733e-11	
899	8.876114e-02	-5.50946e-12	-1.35575e-11	
900	8.886114e-02	-5.81013e-12	-1.32378e-11	
901	8.896114e-02	-6.11447e-12	-1.29145e-11	
902	8.906114e-02	-6.42217e-12	-1.25878e-11	
903	8.916114e-02	-6.73293e-12	-1.22580e-11	
904	8.926114e-02	-7.04642e-12	-1.19256e-11	
905	8.936114e-02	-7.36233e-12	-1.15907e-11	
906	8.946114e-02	-7.68034e-12	-1.12538e-11	
907	8.956114e-02	-8.00012e-12	-1.09151e-11	
908	8.966114e-02	-8.32135e-12	-1.05750e-11	
909	8.976114e-02	-8.64369e-12	-1.02338e-11	
910	8.986114e-02	-8.96684e-12	-9.89179e-12	
911	8.996114e-02	-9.29044e-12	-9.54935e-12	
912	9.006114e-02	-9.61419e-12	-9.20680e-12	
913	9.016114e-02	-9.93774e-12	-8.86445e-12	
914	9.026114e-02	-1.02608e-11	-8.52265e-12	
915	9.036114e-02	-1.05830e-11	-8.18171e-12	
916	9.046114e-02	-1.09040e-11	-7.84196e-12	
917	9.056114e-02	-1.12235e-11	-7.50374e-12	
918	9.066114e-02	-1.15412e-11	-7.16736e-12	
919	9.076114e-02	-1.18567e-11	-6.83315e-12	
920	9.086114e-02	-1.21698e-11	-6.50142e-12	
921	9.096114e-02	-1.24800e-11	-6.17251e-12	
922	9.106114e-02	-1.27872e-11	-5.84671e-12	
923	9.116114e-02	-1.30910e-11	-5.52435e-12	
924	9.126114e-02	-1.33910e-11	-5.20573e-12	

Index   time            i(vd1)          i(vd2)          
--------------------------------------------------------------------------------
925	9.136114e-02	-1.36870e-11	-4.89116e-12	
926	9.146114e-02	-1.39787e-11	-4.58094e-12	
927	9.156114e-02	-1.42657e-11	-4.27536e-12	
928	9.166114e-02	-1.45478e-11	-3.97473e-12	
929	9.176114e-02	-1.48248e-11	-3.67932e-12	
930	9.186114e-02	-1.50962e-11	-3.38942e-12	
931	9.196114e-02	-1.53618e-11	-3.10530e-12	
932	9.206114e-02	-1.56215e-11	-2.82724e-12	
933	9.216114e-02	-1.58748e-11	-2.55551e-12	
934	9.226114e-02	-1.61215e-11	-2.29036e-12	
935	9.236114e-02	-1.63615e-11	-2.03204e-12	
936	9.246114e-02	-1.65943e-11	-1.78080e-12	
937	9.256114e-02	-1.68199e-11	-1.53687e-12	
938	9.266114e-02	-1.70380e-11	-1.30050e-12	
939	9.276114e-02	-1.72482e-11	-1.07191e-12	
940	9.286114e-02	-1.74506e-11	-8.51303e-13	
941	9.296114e-02	-1.76447e-11	-6.38898e-13	
942	9.306114e-02	-1.78304e-11	-4.34891e-13	
943	9.316114e-02	-1.80076e-11	-2.39463e-13	
944	9.326114e-02	-1.81760e-11	-5.10777e-14	
945	9.336114e-02	-1.83355e-11	1.822424e-12	
946	9.346114e-02	-1.84859e-11	1.242992e-09	
947	9.356114e-02	-1.86270e-11	5.874543e-07	
948	9.366114e-02	-1.87588e-11	1.925487e-04	
949	9.376114e-02	-1.88891e-11	3.200747e-02	
950	9.386114e-02	-1.90781e-11	2.699465e-01	
951	9.396114e-02	-1.93054e-11	2.303238e-01	
952	9.406114e-02	-1.95097e-11	2.193103e-01	
953	9.416114e-02	-1.96962e-11	1.966796e-01	
954	9.426114e-02	-1.98614e-11	1.784216e-01	
955	9.436114e-02	-2.00080e-11	1.583363e-01	
956	9.446114e-02	-2.01341e-11	1.389015e-01	
957	9.456114e-02	-2.02407e-11	1.193925e-01	
958	9.466114e-02	-2.03251e-11	1.001567e-01	
959	9.476114e-02	-2.03917e-11	8.130749e-02	
960	9.486114e-02	-2.04374e-11	6.312622e-02	
961	9.496114e-02	-2.04641e-11	4.608732e-02	
962	9.506114e-02	-2.04723e-11	3.069986e-02	
963	9.516114e-02	-2.04631e-11	1.791968e-02	
964	9.526114e-02	-2.04378e-11	8.641803e-03	
965	9.536114e-02	-2.03984e-11	3.209256e-03	
966	9.546114e-02	-2.03466e-11	8.592908e-04	
967	9.556114e-02	-2.02838e-11	1.587218e-04	
968	9.566114e-02	-2.02104e-11	1.983750e-05	
969	9.576114e-02	-2.01268e-11	1.670622e-06	
970	9.586114e-02	-2.00330e-11	9.494205e-08	
971	9.596114e-02	-1.99291e-11	3.652388e-09	
972	9.606114e-02	-1.98153e-11	9.565511e-11	
973	9.616114e-02	-1.96916e-11	1.662008e-12	
974	9.626114e-02	-1.95581e-11	2.772773e-14	
975	9.636114e-02	-1.94149e-11	-1.14542e-13	
976	9.646114e-02	-1.92623e-11	-2.47867e-13	
977	9.656114e-02	-1.91002e-11	-3.90426e-13	
978	9.666114e-02	-1.89290e-11	-5.42217e-13	
979	9.676114e-02	-1.87487e-11	-7.03088e-13	
980	9.686114e-02	-1.85595e-11	-8.72873e-13	
981	9.696114e-02	-1.83615e-11	-1.05139e-12	
982	9.706114e-02	-1.81551e-11	-1.23847e-12	

Index   time            i(vd1)          i(vd2)          
--------------------------------------------------------------------------------
983	9.716114e-02	-1.79403e-11	-1.43390e-12	
984	9.726114e-02	-1.77174e-11	-1.63748e-12	
985	9.736114e-02	-1.74865e-11	-1.84901e-12	
986	9.746114e-02	-1.72480e-11	-2.06826e-12	
987	9.756114e-02	-1.70019e-11	-2.29502e-12	
988	9.766114e-02	-1.67486e-11	-2.52904e-12	
989	9.776114e-02	-1.64883e-11	-2.77009e-12	
990	9.786114e-02	-1.62213e-11	-3.01791e-12	
991	9.796114e-02	-1.59477e-11	-3.27226e-12	
992	9.806114e-02	-1.56679e-11	-3.53288e-12	
993	9.816114e-02	-1.53821e-11	-3.79949e-12	
994	9.826114e-02	-1.50906e-11	-4.07182e-12	
995	9.836114e-02	-1.47937e-11	-4.34961e-12	
996	9.846114e-02	-1.44917e-11	-4.63255e-12	
997	9.856114e-02	-1.41847e-11	-4.92038e-12	
998	9.866114e-02	-1.38733e-11	-5.21278e-12	
999	9.876114e-02	-1.35575e-11	-5.50946e-12	
1000	9.886114e-02	-1.32378e-11	-5.81013e-12	
1001	9.896114e-02	-1.29145e-11	-6.11447e-12	
1002	9.906114e-02	-1.25878e-11	-6.42217e-12	
1003	9.916114e-02	-1.22580e-11	-6.73293e-12	
1004	9.926114e-02	-1.19256e-11	-7.04642e-12	
1005	9.936114e-02	-1.15907e-11	-7.36233e-12	
1006	9.946114e-02	-1.12538e-11	-7.68034e-12	
1007	9.956114e-02	-1.09151e-11	-8.00012e-12	
1008	9.966114e-02	-1.05750e-11	-8.32135e-12	
1009	9.976114e-02	-1.02338e-11	-8.64369e-12	
1010	9.986114e-02	-9.89179e-12	-8.96684e-12	
1011	9.996114e-02	-9.54935e-12	-9.29044e-12	
1012	1.000000e-01	-9.41624e-12	-9.41624e-12	
