
Circuit: bridge rectifier

                                bridge rectifier
                                Transient Analysis  Mon Jan 17 01:44:00  2022
--------------------------------------------------------------------------------
Index   time            i(vd1)          i(vd2)          
--------------------------------------------------------------------------------
0	0.000000e+00	-7.32338e-32	-7.32338e-32	
1	1.000000e-06	4.619759e-15	-4.61976e-15	
2	2.000000e-06	9.601787e-15	-8.93443e-15	
3	4.000000e-06	2.006703e-14	-1.73531e-14	
4	8.000000e-06	4.467731e-14	-3.30849e-14	
5	1.600000e-05	1.218406e-13	-6.20330e-14	
6	3.200000e-05	7.133432e-13	-1.16419e-13	
7	6.400000e-05	3.822320e-11	-2.23188e-13	
8	9.961474e-05	3.730106e-09	-3.41822e-13	
9	1.345744e-04	3.357715e-07	-4.58220e-13	
10	1.697062e-04	3.083910e-05	-5.75135e-13	
11	2.051819e-04	2.946241e-03	-6.93179e-13	
12	2.407590e-04	2.386940e-01	-8.15991e-13	
13	2.765867e-04	2.705782e+00	-9.91074e-13	
14	3.141171e-04	3.281264e+00	-1.23508e-12	
15	3.729815e-04	3.016938e+00	-1.62722e-12	
16	4.321435e-04	3.161236e+00	-2.01712e-12	
17	5.321435e-04	3.048023e+00	-2.67658e-12	
18	6.321435e-04	3.108072e+00	-3.33140e-12	
19	7.321435e-04	3.029940e+00	-3.98312e-12	
20	8.321435e-04	3.049147e+00	-4.62926e-12	
21	9.321435e-04	2.992490e+00	-5.27063e-12	
22	1.032144e-03	2.985626e+00	-5.90553e-12	
23	1.132144e-03	2.937742e+00	-6.53412e-12	
24	1.232144e-03	2.914391e+00	-7.15521e-12	
25	1.332144e-03	2.868509e+00	-7.76860e-12	
26	1.432144e-03	2.833853e+00	-8.37338e-12	
27	1.532144e-03	2.786424e+00	-8.96919e-12	
28	1.632144e-03	2.743324e+00	-9.55527e-12	
29	1.732144e-03	2.692557e+00	-1.01312e-11	
30	1.832144e-03	2.642626e+00	-1.06962e-11	
31	1.932144e-03	2.587687e+00	-1.12499e-11	
32	2.032144e-03	2.531879e+00	-1.17917e-11	
33	2.132144e-03	2.472452e+00	-1.23211e-11	
34	2.232144e-03	2.411381e+00	-1.28375e-11	
35	2.332144e-03	2.347436e+00	-1.33405e-11	
36	2.432144e-03	2.281548e+00	-1.38295e-11	
37	2.532144e-03	2.213212e+00	-1.43041e-11	
38	2.632144e-03	2.142875e+00	-1.47638e-11	
39	2.732144e-03	2.070368e+00	-1.52081e-11	
40	2.832144e-03	1.995922e+00	-1.56366e-11	
41	2.932144e-03	1.919519e+00	-1.60490e-11	
42	3.032144e-03	1.841303e+00	-1.64447e-11	
43	3.132144e-03	1.761321e+00	-1.68234e-11	
44	3.232144e-03	1.679685e+00	-1.71848e-11	
45	3.332144e-03	1.596473e+00	-1.75285e-11	
46	3.432144e-03	1.511791e+00	-1.78542e-11	
47	3.532144e-03	1.425737e+00	-1.81616e-11	
48	3.632144e-03	1.338418e+00	-1.84503e-11	
49	3.732144e-03	1.249950e+00	-1.87201e-11	
50	3.832144e-03	1.160458e+00	-1.89708e-11	
51	3.932144e-03	1.070076e+00	-1.92021e-11	
52	4.032144e-03	9.789605e-01	-1.94138e-11	
53	4.132144e-03	8.872868e-01	-1.96059e-11	
54	4.232144e-03	7.952669e-01	-1.97780e-11	

Index   time            i(vd1)          i(vd2)          
--------------------------------------------------------------------------------
55	4.332144e-03	7.031631e-01	-1.99302e-11	
56	4.432144e-03	6.113160e-01	-2.00623e-11	
57	4.532144e-03	5.201895e-01	-2.01744e-11	
58	4.632144e-03	4.304468e-01	-2.02665e-11	
59	4.732144e-03	3.430773e-01	-2.03388e-11	
60	4.832144e-03	2.596052e-01	-2.03916e-11	
61	4.932144e-03	1.827691e-01	-2.04254e-11	
62	5.032144e-03	1.153687e-01	-2.04410e-11	
63	5.132144e-03	6.226128e-02	-2.04398e-11	
64	5.232144e-03	2.690287e-02	-2.04233e-11	
65	5.332144e-03	8.669313e-03	-2.03937e-11	
66	5.432144e-03	1.966365e-03	-2.03522e-11	
67	5.532144e-03	3.038749e-04	-2.03000e-11	
68	5.632144e-03	3.163483e-05	-2.02373e-11	
69	5.732144e-03	2.216263e-06	-2.01644e-11	
70	5.832144e-03	1.047120e-07	-2.00813e-11	
71	5.932144e-03	3.346914e-09	-1.99880e-11	
72	6.032144e-03	7.282293e-11	-1.98848e-11	
73	6.132144e-03	1.081883e-12	-1.97716e-11	
74	6.232144e-03	1.977768e-15	-1.96486e-11	
75	6.332144e-03	-1.36265e-13	-1.95159e-11	
76	6.432144e-03	-2.74430e-13	-1.93737e-11	
77	6.532144e-03	-4.21932e-13	-1.92220e-11	
78	6.632144e-03	-5.78704e-13	-1.90610e-11	
79	6.732144e-03	-7.44594e-13	-1.88910e-11	
80	6.832144e-03	-9.19439e-13	-1.87120e-11	
81	6.932144e-03	-1.10306e-12	-1.85242e-11	
82	7.032144e-03	-1.29529e-12	-1.83278e-11	
83	7.132144e-03	-1.49591e-12	-1.81230e-11	
84	7.232144e-03	-1.70474e-12	-1.79100e-11	
85	7.332144e-03	-1.92157e-12	-1.76890e-11	
86	7.432144e-03	-2.14618e-12	-1.74602e-11	
87	7.532144e-03	-2.37834e-12	-1.72239e-11	
88	7.632144e-03	-2.61784e-12	-1.69802e-11	
89	7.732144e-03	-2.86441e-12	-1.67295e-11	
90	7.832144e-03	-3.11784e-12	-1.64719e-11	
91	7.932144e-03	-3.37785e-12	-1.62077e-11	
92	8.032144e-03	-3.64419e-12	-1.59372e-11	
93	8.132144e-03	-3.91660e-12	-1.56606e-11	
94	8.232144e-03	-4.19480e-12	-1.53783e-11	
95	8.332144e-03	-4.47852e-12	-1.50904e-11	
96	8.432144e-03	-4.76748e-12	-1.47973e-11	
97	8.532144e-03	-5.06139e-12	-1.44992e-11	
98	8.632144e-03	-5.35996e-12	-1.41965e-11	
99	8.732144e-03	-5.66288e-12	-1.38894e-11	
100	8.832144e-03	-5.96987e-12	-1.35783e-11	
101	8.932144e-03	-6.28061e-12	-1.32634e-11	
102	9.032144e-03	-6.59480e-12	-1.29450e-11	
103	9.132144e-03	-6.91212e-12	-1.26235e-11	
104	9.232144e-03	-7.23226e-12	-1.22993e-11	
105	9.332144e-03	-7.55490e-12	-1.19725e-11	
106	9.432144e-03	-7.87972e-12	-1.16435e-11	
107	9.532144e-03	-8.20640e-12	-1.13127e-11	
108	9.632144e-03	-8.53461e-12	-1.09803e-11	
109	9.732144e-03	-8.86403e-12	-1.06467e-11	
110	9.832144e-03	-9.19433e-12	-1.03123e-11	
111	9.932144e-03	-9.52518e-12	-9.97729e-12	
112	1.003214e-02	-9.85625e-12	-9.64207e-12	

Index   time            i(vd1)          i(vd2)          
--------------------------------------------------------------------------------
113	1.013214e-02	-1.01872e-11	-9.30696e-12	
114	1.023214e-02	-1.05178e-11	-8.97228e-12	
115	1.033214e-02	-1.08475e-11	-8.63837e-12	
116	1.043214e-02	-1.11762e-11	-8.30554e-12	
117	1.053214e-02	-1.15035e-11	-7.97413e-12	
118	1.063214e-02	-1.18290e-11	-7.64447e-12	
119	1.073214e-02	-1.21525e-11	-7.31687e-12	
120	1.083214e-02	-1.24735e-11	-6.99165e-12	
121	1.093214e-02	-1.27919e-11	-6.66915e-12	
122	1.103214e-02	-1.31073e-11	-6.34966e-12	
123	1.113214e-02	-1.34193e-11	-6.03351e-12	
124	1.123214e-02	-1.37277e-11	-5.72100e-12	
125	1.133214e-02	-1.40321e-11	-5.41244e-12	
126	1.143214e-02	-1.43323e-11	-5.10814e-12	
127	1.153214e-02	-1.46279e-11	-4.80839e-12	
128	1.163214e-02	-1.49186e-11	-4.51349e-12	
129	1.173214e-02	-1.52043e-11	-4.22372e-12	
130	1.183214e-02	-1.54845e-11	-3.93936e-12	
131	1.193214e-02	-1.57590e-11	-3.66071e-12	
132	1.203214e-02	-1.60276e-11	-3.38803e-12	
133	1.213214e-02	-1.62899e-11	-3.12158e-12	
134	1.223214e-02	-1.65457e-11	-2.86163e-12	
135	1.233214e-02	-1.67948e-11	-2.60844e-12	
136	1.243214e-02	-1.70369e-11	-2.36224e-12	
137	1.253214e-02	-1.72717e-11	-2.12329e-12	
138	1.263214e-02	-1.74991e-11	-1.89181e-12	
139	1.273214e-02	-1.77187e-11	-1.66803e-12	
140	1.283214e-02	-1.79305e-11	-1.45218e-12	
141	1.293214e-02	-1.81341e-11	-1.24445e-12	
142	1.303214e-02	-1.83293e-11	-1.04506e-12	
143	1.313214e-02	-1.85161e-11	-8.54202e-13	
144	1.323214e-02	-1.86941e-11	-6.72057e-13	
145	1.333214e-02	-1.88632e-11	-4.98803e-13	
146	1.343214e-02	-1.90233e-11	-3.34608e-13	
147	1.353214e-02	-1.91742e-11	-1.79601e-13	
148	1.363214e-02	-1.93156e-11	-3.04381e-14	
149	1.373214e-02	-1.94476e-11	7.964197e-13	
150	1.383214e-02	-1.95699e-11	1.011426e-10	
151	1.393214e-02	-1.96825e-11	9.180041e-09	
152	1.403214e-02	-1.97852e-11	5.698529e-07	
153	1.413214e-02	-1.98778e-11	2.404351e-05	
154	1.423214e-02	-1.99605e-11	6.860792e-04	
155	1.433214e-02	-2.00336e-11	1.287138e-02	
156	1.443214e-02	-2.01030e-11	1.256994e-01	
157	1.453214e-02	-2.01830e-11	3.840958e-01	
158	1.463214e-02	-2.02647e-11	4.252353e-01	
159	1.473214e-02	-2.03375e-11	3.428280e-01	
160	1.483214e-02	-2.03926e-11	2.597234e-01	
161	1.493214e-02	-2.04246e-11	1.826143e-01	
162	1.503214e-02	-2.04414e-11	1.153194e-01	
163	1.513214e-02	-2.04396e-11	6.224329e-02	
164	1.523214e-02	-2.04232e-11	2.689645e-02	
165	1.533214e-02	-2.03937e-11	8.667393e-03	
166	1.543214e-02	-2.03522e-11	1.965939e-03	
167	1.553214e-02	-2.03000e-11	3.038094e-04	
168	1.563214e-02	-2.02373e-11	3.162802e-05	
169	1.573214e-02	-2.01644e-11	2.215786e-06	
170	1.583214e-02	-2.00813e-11	1.046895e-07	

Index   time            i(vd1)          i(vd2)          
--------------------------------------------------------------------------------
171	1.593214e-02	-1.99880e-11	3.346194e-09	
172	1.603214e-02	-1.98848e-11	7.280731e-11	
173	1.613214e-02	-1.97716e-11	1.081668e-12	
174	1.623214e-02	-1.96486e-11	1.970088e-15	
175	1.633214e-02	-1.95159e-11	-1.36271e-13	
176	1.643214e-02	-1.93737e-11	-2.74436e-13	
177	1.653214e-02	-1.92220e-11	-4.21938e-13	
178	1.663214e-02	-1.90610e-11	-5.78709e-13	
179	1.673214e-02	-1.88910e-11	-7.44600e-13	
180	1.683214e-02	-1.87120e-11	-9.19445e-13	
181	1.693214e-02	-1.85242e-11	-1.10307e-12	
182	1.703214e-02	-1.83278e-11	-1.29529e-12	
183	1.713214e-02	-1.81230e-11	-1.49592e-12	
184	1.723214e-02	-1.79100e-11	-1.70475e-12	
185	1.733214e-02	-1.76890e-11	-1.92158e-12	
186	1.743214e-02	-1.74602e-11	-2.14618e-12	
187	1.753214e-02	-1.72239e-11	-2.37835e-12	
188	1.763214e-02	-1.69802e-11	-2.61784e-12	
189	1.773214e-02	-1.67295e-11	-2.86442e-12	
190	1.783214e-02	-1.64719e-11	-3.11784e-12	
191	1.793214e-02	-1.62077e-11	-3.37785e-12	
192	1.803214e-02	-1.59372e-11	-3.64419e-12	
193	1.813214e-02	-1.56606e-11	-3.91660e-12	
194	1.823214e-02	-1.53783e-11	-4.19480e-12	
195	1.833214e-02	-1.50904e-11	-4.47853e-12	
196	1.843214e-02	-1.47973e-11	-4.76749e-12	
197	1.853214e-02	-1.44992e-11	-5.06139e-12	
198	1.863214e-02	-1.41965e-11	-5.35996e-12	
199	1.873214e-02	-1.38894e-11	-5.66289e-12	
200	1.883214e-02	-1.35783e-11	-5.96987e-12	
201	1.893214e-02	-1.32634e-11	-6.28062e-12	
202	1.903214e-02	-1.29450e-11	-6.59480e-12	
203	1.913214e-02	-1.26235e-11	-6.91212e-12	
204	1.923214e-02	-1.22993e-11	-7.23226e-12	
205	1.933214e-02	-1.19725e-11	-7.55490e-12	
206	1.943214e-02	-1.16435e-11	-7.87973e-12	
207	1.953214e-02	-1.13127e-11	-8.20640e-12	
208	1.963214e-02	-1.09803e-11	-8.53462e-12	
209	1.973214e-02	-1.06467e-11	-8.86403e-12	
210	1.983214e-02	-1.03123e-11	-9.19433e-12	
211	1.993214e-02	-9.97730e-12	-9.52518e-12	
212	2.003214e-02	-9.64208e-12	-9.85626e-12	
213	2.013214e-02	-9.30697e-12	-1.01872e-11	
214	2.023214e-02	-8.97229e-12	-1.05178e-11	
215	2.033214e-02	-8.63837e-12	-1.08475e-11	
216	2.043214e-02	-8.30555e-12	-1.11762e-11	
217	2.053214e-02	-7.97414e-12	-1.15035e-11	
218	2.063214e-02	-7.64447e-12	-1.18290e-11	
219	2.073214e-02	-7.31687e-12	-1.21525e-11	
220	2.083214e-02	-6.99166e-12	-1.24736e-11	
221	2.093214e-02	-6.66915e-12	-1.27919e-11	
222	2.103214e-02	-6.34966e-12	-1.31073e-11	
223	2.113214e-02	-6.03351e-12	-1.34193e-11	
224	2.123214e-02	-5.72100e-12	-1.37277e-11	
225	2.133214e-02	-5.41245e-12	-1.40321e-11	
226	2.143214e-02	-5.10815e-12	-1.43323e-11	
227	2.153214e-02	-4.80840e-12	-1.46279e-11	
228	2.163214e-02	-4.51349e-12	-1.49187e-11	

Index   time            i(vd1)          i(vd2)          
--------------------------------------------------------------------------------
229	2.173214e-02	-4.22372e-12	-1.52043e-11	
230	2.183214e-02	-3.93937e-12	-1.54845e-11	
231	2.193214e-02	-3.66072e-12	-1.57590e-11	
232	2.203214e-02	-3.38803e-12	-1.60276e-11	
233	2.213214e-02	-3.12159e-12	-1.62899e-11	
234	2.223214e-02	-2.86164e-12	-1.65457e-11	
235	2.233214e-02	-2.60844e-12	-1.67948e-11	
236	2.243214e-02	-2.36225e-12	-1.70369e-11	
237	2.253214e-02	-2.12329e-12	-1.72717e-11	
238	2.263214e-02	-1.89182e-12	-1.74991e-11	
239	2.273214e-02	-1.66804e-12	-1.77187e-11	
240	2.283214e-02	-1.45218e-12	-1.79305e-11	
241	2.293214e-02	-1.24446e-12	-1.81341e-11	
242	2.303214e-02	-1.04507e-12	-1.83293e-11	
243	2.313214e-02	-8.54208e-13	-1.85161e-11	
244	2.323214e-02	-6.72062e-13	-1.86941e-11	
245	2.333214e-02	-4.98809e-13	-1.88632e-11	
246	2.343214e-02	-3.34614e-13	-1.90233e-11	
247	2.353214e-02	-1.79606e-13	-1.91742e-11	
248	2.363214e-02	-3.04444e-14	-1.93157e-11	
249	2.373214e-02	7.962672e-13	-1.94476e-11	
250	2.383214e-02	1.011212e-10	-1.95699e-11	
251	2.393214e-02	9.178099e-09	-1.96825e-11	
252	2.403214e-02	5.697324e-07	-1.97852e-11	
253	2.413214e-02	2.403843e-05	-1.98779e-11	
254	2.423214e-02	6.859344e-04	-1.99605e-11	
255	2.433214e-02	1.286874e-02	-2.00337e-11	
256	2.443214e-02	1.256795e-01	-2.01032e-11	
257	2.453214e-02	3.840707e-01	-2.01823e-11	
258	2.463214e-02	4.252321e-01	-2.02669e-11	
259	2.473214e-02	3.428278e-01	-2.03388e-11	
260	2.483214e-02	2.597234e-01	-2.03916e-11	
261	2.493214e-02	1.826143e-01	-2.04254e-11	
262	2.503214e-02	1.153194e-01	-2.04410e-11	
263	2.513214e-02	6.224329e-02	-2.04398e-11	
264	2.523214e-02	2.689645e-02	-2.04234e-11	
265	2.533214e-02	8.667393e-03	-2.03937e-11	
266	2.543214e-02	1.965939e-03	-2.03522e-11	
267	2.553214e-02	3.038094e-04	-2.03000e-11	
268	2.563214e-02	3.162802e-05	-2.02373e-11	
269	2.573214e-02	2.215786e-06	-2.01644e-11	
270	2.583214e-02	1.046895e-07	-2.00813e-11	
271	2.593214e-02	3.346194e-09	-1.99880e-11	
272	2.603214e-02	7.280731e-11	-1.98848e-11	
273	2.613214e-02	1.081668e-12	-1.97716e-11	
274	2.623214e-02	1.970088e-15	-1.96486e-11	
275	2.633214e-02	-1.36271e-13	-1.95159e-11	
276	2.643214e-02	-2.74436e-13	-1.93737e-11	
277	2.653214e-02	-4.21938e-13	-1.92220e-11	
278	2.663214e-02	-5.78709e-13	-1.90610e-11	
279	2.673214e-02	-7.44600e-13	-1.88910e-11	
280	2.683214e-02	-9.19445e-13	-1.87120e-11	
281	2.693214e-02	-1.10307e-12	-1.85242e-11	
282	2.703214e-02	-1.29529e-12	-1.83278e-11	
283	2.713214e-02	-1.49592e-12	-1.81230e-11	
284	2.723214e-02	-1.70475e-12	-1.79100e-11	
285	2.733214e-02	-1.92158e-12	-1.76890e-11	
286	2.743214e-02	-2.14618e-12	-1.74602e-11	

Index   time            i(vd1)          i(vd2)          
--------------------------------------------------------------------------------
287	2.753214e-02	-2.37835e-12	-1.72239e-11	
288	2.763214e-02	-2.61784e-12	-1.69802e-11	
289	2.773214e-02	-2.86442e-12	-1.67295e-11	
290	2.783214e-02	-3.11784e-12	-1.64719e-11	
291	2.793214e-02	-3.37785e-12	-1.62077e-11	
292	2.803214e-02	-3.64419e-12	-1.59372e-11	
293	2.813214e-02	-3.91660e-12	-1.56606e-11	
294	2.823214e-02	-4.19480e-12	-1.53783e-11	
295	2.833214e-02	-4.47853e-12	-1.50904e-11	
296	2.843214e-02	-4.76749e-12	-1.47973e-11	
297	2.853214e-02	-5.06139e-12	-1.44992e-11	
298	2.863214e-02	-5.35996e-12	-1.41965e-11	
299	2.873214e-02	-5.66289e-12	-1.38894e-11	
300	2.883214e-02	-5.96987e-12	-1.35783e-11	
301	2.893214e-02	-6.28062e-12	-1.32634e-11	
302	2.903214e-02	-6.59480e-12	-1.29450e-11	
303	2.913214e-02	-6.91212e-12	-1.26235e-11	
304	2.923214e-02	-7.23226e-12	-1.22993e-11	
305	2.933214e-02	-7.55490e-12	-1.19725e-11	
306	2.943214e-02	-7.87973e-12	-1.16435e-11	
307	2.953214e-02	-8.20640e-12	-1.13127e-11	
308	2.963214e-02	-8.53462e-12	-1.09803e-11	
309	2.973214e-02	-8.86403e-12	-1.06467e-11	
310	2.983214e-02	-9.19433e-12	-1.03123e-11	
311	2.993214e-02	-9.52518e-12	-9.97730e-12	
312	3.003214e-02	-9.85626e-12	-9.64208e-12	
313	3.013214e-02	-1.01872e-11	-9.30697e-12	
314	3.023214e-02	-1.05178e-11	-8.97229e-12	
315	3.033214e-02	-1.08475e-11	-8.63837e-12	
316	3.043214e-02	-1.11762e-11	-8.30555e-12	
317	3.053214e-02	-1.15035e-11	-7.97414e-12	
318	3.063214e-02	-1.18290e-11	-7.64447e-12	
319	3.073214e-02	-1.21525e-11	-7.31687e-12	
320	3.083214e-02	-1.24736e-11	-6.99166e-12	
321	3.093214e-02	-1.27919e-11	-6.66915e-12	
322	3.103214e-02	-1.31073e-11	-6.34966e-12	
323	3.113214e-02	-1.34193e-11	-6.03351e-12	
324	3.123214e-02	-1.37277e-11	-5.72100e-12	
325	3.133214e-02	-1.40321e-11	-5.41245e-12	
326	3.143214e-02	-1.43323e-11	-5.10815e-12	
327	3.153214e-02	-1.46279e-11	-4.80840e-12	
328	3.163214e-02	-1.49187e-11	-4.51349e-12	
329	3.173214e-02	-1.52043e-11	-4.22372e-12	
330	3.183214e-02	-1.54845e-11	-3.93937e-12	
331	3.193214e-02	-1.57590e-11	-3.66072e-12	
332	3.203214e-02	-1.60276e-11	-3.38803e-12	
333	3.213214e-02	-1.62899e-11	-3.12159e-12	
334	3.223214e-02	-1.65457e-11	-2.86164e-12	
335	3.233214e-02	-1.67948e-11	-2.60844e-12	
336	3.243214e-02	-1.70369e-11	-2.36225e-12	
337	3.253214e-02	-1.72717e-11	-2.12329e-12	
338	3.263214e-02	-1.74991e-11	-1.89182e-12	
339	3.273214e-02	-1.77187e-11	-1.66804e-12	
340	3.283214e-02	-1.79305e-11	-1.45218e-12	
341	3.293214e-02	-1.81341e-11	-1.24446e-12	
342	3.303214e-02	-1.83293e-11	-1.04507e-12	
343	3.313214e-02	-1.85161e-11	-8.54208e-13	
344	3.323214e-02	-1.86941e-11	-6.72062e-13	

Index   time            i(vd1)          i(vd2)          
--------------------------------------------------------------------------------
345	3.333214e-02	-1.88632e-11	-4.98809e-13	
346	3.343214e-02	-1.90233e-11	-3.34614e-13	
347	3.353214e-02	-1.91742e-11	-1.79606e-13	
348	3.363214e-02	-1.93157e-11	-3.04444e-14	
349	3.373214e-02	-1.94476e-11	7.962672e-13	
350	3.383214e-02	-1.95699e-11	1.011212e-10	
351	3.393214e-02	-1.96825e-11	9.178099e-09	
352	3.403214e-02	-1.97852e-11	5.697324e-07	
353	3.413214e-02	-1.98779e-11	2.403843e-05	
354	3.423214e-02	-1.99605e-11	6.859344e-04	
355	3.433214e-02	-2.00335e-11	1.286874e-02	
356	3.443214e-02	-2.01039e-11	1.256795e-01	
357	3.453214e-02	-2.01794e-11	3.840707e-01	
358	3.463214e-02	-2.02647e-11	4.252321e-01	
359	3.473214e-02	-2.03393e-11	3.428278e-01	
360	3.483214e-02	-2.03908e-11	2.597234e-01	
361	3.493214e-02	-2.04263e-11	1.826143e-01	
362	3.503214e-02	-2.04405e-11	1.153194e-01	
363	3.513214e-02	-2.04401e-11	6.224329e-02	
364	3.523214e-02	-2.04232e-11	2.689645e-02	
365	3.533214e-02	-2.03937e-11	8.667393e-03	
366	3.543214e-02	-2.03522e-11	1.965939e-03	
367	3.553214e-02	-2.03000e-11	3.038094e-04	
368	3.563214e-02	-2.02373e-11	3.162802e-05	
369	3.573214e-02	-2.01644e-11	2.215786e-06	
370	3.583214e-02	-2.00813e-11	1.046895e-07	
371	3.593214e-02	-1.99880e-11	3.346194e-09	
372	3.603214e-02	-1.98848e-11	7.280731e-11	
373	3.613214e-02	-1.97716e-11	1.081668e-12	
374	3.623214e-02	-1.96486e-11	1.970088e-15	
375	3.633214e-02	-1.95159e-11	-1.36271e-13	
376	3.643214e-02	-1.93737e-11	-2.74436e-13	
377	3.653214e-02	-1.92220e-11	-4.21938e-13	
378	3.663214e-02	-1.90610e-11	-5.78709e-13	
379	3.673214e-02	-1.88910e-11	-7.44600e-13	
380	3.683214e-02	-1.87120e-11	-9.19445e-13	
381	3.693214e-02	-1.85242e-11	-1.10307e-12	
382	3.703214e-02	-1.83278e-11	-1.29529e-12	
383	3.713214e-02	-1.81230e-11	-1.49592e-12	
384	3.723214e-02	-1.79100e-11	-1.70475e-12	
385	3.733214e-02	-1.76890e-11	-1.92158e-12	
386	3.743214e-02	-1.74602e-11	-2.14618e-12	
387	3.753214e-02	-1.72239e-11	-2.37835e-12	
388	3.763214e-02	-1.69802e-11	-2.61784e-12	
389	3.773214e-02	-1.67295e-11	-2.86442e-12	
390	3.783214e-02	-1.64719e-11	-3.11784e-12	
391	3.793214e-02	-1.62077e-11	-3.37785e-12	
392	3.803214e-02	-1.59372e-11	-3.64419e-12	
393	3.813214e-02	-1.56606e-11	-3.91660e-12	
394	3.823214e-02	-1.53783e-11	-4.19480e-12	
395	3.833214e-02	-1.50904e-11	-4.47853e-12	
396	3.843214e-02	-1.47973e-11	-4.76749e-12	
397	3.853214e-02	-1.44992e-11	-5.06139e-12	
398	3.863214e-02	-1.41965e-11	-5.35996e-12	
399	3.873214e-02	-1.38894e-11	-5.66289e-12	
400	3.883214e-02	-1.35783e-11	-5.96987e-12	
401	3.893214e-02	-1.32634e-11	-6.28062e-12	
402	3.903214e-02	-1.29450e-11	-6.59480e-12	

Index   time            i(vd1)          i(vd2)          
--------------------------------------------------------------------------------
403	3.913214e-02	-1.26235e-11	-6.91212e-12	
404	3.923214e-02	-1.22993e-11	-7.23226e-12	
405	3.933214e-02	-1.19725e-11	-7.55490e-12	
406	3.943214e-02	-1.16435e-11	-7.87973e-12	
407	3.953214e-02	-1.13127e-11	-8.20640e-12	
408	3.963214e-02	-1.09803e-11	-8.53462e-12	
409	3.973214e-02	-1.06467e-11	-8.86403e-12	
410	3.983214e-02	-1.03123e-11	-9.19433e-12	
411	3.993214e-02	-9.97730e-12	-9.52518e-12	
412	4.003214e-02	-9.64208e-12	-9.85626e-12	
413	4.013214e-02	-9.30697e-12	-1.01872e-11	
414	4.023214e-02	-8.97229e-12	-1.05178e-11	
415	4.033214e-02	-8.63837e-12	-1.08475e-11	
416	4.043214e-02	-8.30555e-12	-1.11762e-11	
417	4.053214e-02	-7.97414e-12	-1.15035e-11	
418	4.063214e-02	-7.64447e-12	-1.18290e-11	
419	4.073214e-02	-7.31687e-12	-1.21525e-11	
420	4.083214e-02	-6.99166e-12	-1.24736e-11	
421	4.093214e-02	-6.66915e-12	-1.27919e-11	
422	4.103214e-02	-6.34966e-12	-1.31073e-11	
423	4.113214e-02	-6.03351e-12	-1.34193e-11	
424	4.123214e-02	-5.72100e-12	-1.37277e-11	
425	4.133214e-02	-5.41245e-12	-1.40321e-11	
426	4.143214e-02	-5.10815e-12	-1.43323e-11	
427	4.153214e-02	-4.80840e-12	-1.46279e-11	
428	4.163214e-02	-4.51349e-12	-1.49187e-11	
429	4.173214e-02	-4.22372e-12	-1.52043e-11	
430	4.183214e-02	-3.93937e-12	-1.54845e-11	
431	4.193214e-02	-3.66072e-12	-1.57590e-11	
432	4.203214e-02	-3.38803e-12	-1.60276e-11	
433	4.213214e-02	-3.12159e-12	-1.62899e-11	
434	4.223214e-02	-2.86164e-12	-1.65457e-11	
435	4.233214e-02	-2.60844e-12	-1.67948e-11	
436	4.243214e-02	-2.36225e-12	-1.70369e-11	
437	4.253214e-02	-2.12329e-12	-1.72717e-11	
438	4.263214e-02	-1.89182e-12	-1.74991e-11	
439	4.273214e-02	-1.66804e-12	-1.77187e-11	
440	4.283214e-02	-1.45218e-12	-1.79305e-11	
441	4.293214e-02	-1.24446e-12	-1.81341e-11	
442	4.303214e-02	-1.04507e-12	-1.83293e-11	
443	4.313214e-02	-8.54208e-13	-1.85161e-11	
444	4.323214e-02	-6.72062e-13	-1.86941e-11	
445	4.333214e-02	-4.98809e-13	-1.88632e-11	
446	4.343214e-02	-3.34614e-13	-1.90233e-11	
447	4.353214e-02	-1.79606e-13	-1.91742e-11	
448	4.363214e-02	-3.04444e-14	-1.93157e-11	
449	4.373214e-02	7.962672e-13	-1.94476e-11	
450	4.383214e-02	1.011212e-10	-1.95699e-11	
451	4.393214e-02	9.178099e-09	-1.96825e-11	
452	4.403214e-02	5.697324e-07	-1.97852e-11	
453	4.413214e-02	2.403843e-05	-1.98779e-11	
454	4.423214e-02	6.859344e-04	-1.99605e-11	
455	4.433214e-02	1.286874e-02	-2.00337e-11	
456	4.443214e-02	1.256795e-01	-2.01032e-11	
457	4.453214e-02	3.840707e-01	-2.01823e-11	
458	4.463214e-02	4.252321e-01	-2.02669e-11	
459	4.473214e-02	3.428278e-01	-2.03388e-11	
460	4.483214e-02	2.597234e-01	-2.03916e-11	

Index   time            i(vd1)          i(vd2)          
--------------------------------------------------------------------------------
461	4.493214e-02	1.826143e-01	-2.04254e-11	
462	4.503214e-02	1.153194e-01	-2.04410e-11	
463	4.513214e-02	6.224329e-02	-2.04398e-11	
464	4.523214e-02	2.689645e-02	-2.04234e-11	
465	4.533214e-02	8.667393e-03	-2.03937e-11	
466	4.543214e-02	1.965939e-03	-2.03522e-11	
467	4.553214e-02	3.038094e-04	-2.03000e-11	
468	4.563214e-02	3.162802e-05	-2.02373e-11	
469	4.573214e-02	2.215786e-06	-2.01644e-11	
470	4.583214e-02	1.046895e-07	-2.00813e-11	
471	4.593214e-02	3.346194e-09	-1.99880e-11	
472	4.603214e-02	7.280731e-11	-1.98848e-11	
473	4.613214e-02	1.081668e-12	-1.97716e-11	
474	4.623214e-02	1.970088e-15	-1.96486e-11	
475	4.633214e-02	-1.36271e-13	-1.95159e-11	
476	4.643214e-02	-2.74436e-13	-1.93737e-11	
477	4.653214e-02	-4.21938e-13	-1.92220e-11	
478	4.663214e-02	-5.78709e-13	-1.90610e-11	
479	4.673214e-02	-7.44600e-13	-1.88910e-11	
480	4.683214e-02	-9.19445e-13	-1.87120e-11	
481	4.693214e-02	-1.10307e-12	-1.85242e-11	
482	4.703214e-02	-1.29529e-12	-1.83278e-11	
483	4.713214e-02	-1.49592e-12	-1.81230e-11	
484	4.723214e-02	-1.70475e-12	-1.79100e-11	
485	4.733214e-02	-1.92158e-12	-1.76890e-11	
486	4.743214e-02	-2.14618e-12	-1.74602e-11	
487	4.753214e-02	-2.37835e-12	-1.72239e-11	
488	4.763214e-02	-2.61784e-12	-1.69802e-11	
489	4.773214e-02	-2.86442e-12	-1.67295e-11	
490	4.783214e-02	-3.11784e-12	-1.64719e-11	
491	4.793214e-02	-3.37785e-12	-1.62077e-11	
492	4.803214e-02	-3.64419e-12	-1.59372e-11	
493	4.813214e-02	-3.91660e-12	-1.56606e-11	
494	4.823214e-02	-4.19480e-12	-1.53783e-11	
495	4.833214e-02	-4.47853e-12	-1.50904e-11	
496	4.843214e-02	-4.76749e-12	-1.47973e-11	
497	4.853214e-02	-5.06139e-12	-1.44992e-11	
498	4.863214e-02	-5.35996e-12	-1.41965e-11	
499	4.873214e-02	-5.66289e-12	-1.38894e-11	
500	4.883214e-02	-5.96987e-12	-1.35783e-11	
501	4.893214e-02	-6.28062e-12	-1.32634e-11	
502	4.903214e-02	-6.59480e-12	-1.29450e-11	
503	4.913214e-02	-6.91212e-12	-1.26235e-11	
504	4.923214e-02	-7.23226e-12	-1.22993e-11	
505	4.933214e-02	-7.55490e-12	-1.19725e-11	
506	4.943214e-02	-7.87973e-12	-1.16435e-11	
507	4.953214e-02	-8.20640e-12	-1.13127e-11	
508	4.963214e-02	-8.53462e-12	-1.09803e-11	
509	4.973214e-02	-8.86403e-12	-1.06467e-11	
510	4.983214e-02	-9.19433e-12	-1.03123e-11	
511	4.993214e-02	-9.52518e-12	-9.97730e-12	
512	5.003214e-02	-9.85626e-12	-9.64208e-12	
513	5.013214e-02	-1.01872e-11	-9.30697e-12	
514	5.023214e-02	-1.05178e-11	-8.97229e-12	
515	5.033214e-02	-1.08475e-11	-8.63837e-12	
516	5.043214e-02	-1.11762e-11	-8.30555e-12	
517	5.053214e-02	-1.15035e-11	-7.97414e-12	
518	5.063214e-02	-1.18290e-11	-7.64447e-12	

Index   time            i(vd1)          i(vd2)          
--------------------------------------------------------------------------------
519	5.073214e-02	-1.21525e-11	-7.31687e-12	
520	5.083214e-02	-1.24736e-11	-6.99166e-12	
521	5.093214e-02	-1.27919e-11	-6.66915e-12	
522	5.103214e-02	-1.31073e-11	-6.34966e-12	
523	5.113214e-02	-1.34193e-11	-6.03351e-12	
524	5.123214e-02	-1.37277e-11	-5.72100e-12	
525	5.133214e-02	-1.40321e-11	-5.41245e-12	
526	5.143214e-02	-1.43323e-11	-5.10815e-12	
527	5.153214e-02	-1.46279e-11	-4.80840e-12	
528	5.163214e-02	-1.49187e-11	-4.51349e-12	
529	5.173214e-02	-1.52043e-11	-4.22372e-12	
530	5.183214e-02	-1.54845e-11	-3.93937e-12	
531	5.193214e-02	-1.57590e-11	-3.66072e-12	
532	5.203214e-02	-1.60276e-11	-3.38803e-12	
533	5.213214e-02	-1.62899e-11	-3.12159e-12	
534	5.223214e-02	-1.65457e-11	-2.86164e-12	
535	5.233214e-02	-1.67948e-11	-2.60844e-12	
536	5.243214e-02	-1.70369e-11	-2.36225e-12	
537	5.253214e-02	-1.72717e-11	-2.12329e-12	
538	5.263214e-02	-1.74991e-11	-1.89182e-12	
539	5.273214e-02	-1.77187e-11	-1.66804e-12	
540	5.283214e-02	-1.79305e-11	-1.45218e-12	
541	5.293214e-02	-1.81341e-11	-1.24446e-12	
542	5.303214e-02	-1.83293e-11	-1.04507e-12	
543	5.313214e-02	-1.85161e-11	-8.54208e-13	
544	5.323214e-02	-1.86941e-11	-6.72062e-13	
545	5.333214e-02	-1.88632e-11	-4.98809e-13	
546	5.343214e-02	-1.90233e-11	-3.34614e-13	
547	5.353214e-02	-1.91742e-11	-1.79606e-13	
548	5.363214e-02	-1.93157e-11	-3.04444e-14	
549	5.373214e-02	-1.94476e-11	7.962672e-13	
550	5.383214e-02	-1.95699e-11	1.011212e-10	
551	5.393214e-02	-1.96825e-11	9.178099e-09	
552	5.403214e-02	-1.97852e-11	5.697324e-07	
553	5.413214e-02	-1.98779e-11	2.403843e-05	
554	5.423214e-02	-1.99605e-11	6.859344e-04	
555	5.433214e-02	-2.00336e-11	1.286874e-02	
556	5.443214e-02	-2.01039e-11	1.256795e-01	
557	5.453214e-02	-2.01830e-11	3.840707e-01	
558	5.463214e-02	-2.02647e-11	4.252321e-01	
559	5.473214e-02	-2.03393e-11	3.428278e-01	
560	5.483214e-02	-2.03908e-11	2.597234e-01	
561	5.493214e-02	-2.04263e-11	1.826143e-01	
562	5.503214e-02	-2.04405e-11	1.153194e-01	
563	5.513214e-02	-2.04396e-11	6.224329e-02	
564	5.523214e-02	-2.04232e-11	2.689645e-02	
565	5.533214e-02	-2.03937e-11	8.667393e-03	
566	5.543214e-02	-2.03522e-11	1.965939e-03	
567	5.553214e-02	-2.03000e-11	3.038094e-04	
568	5.563214e-02	-2.02373e-11	3.162802e-05	
569	5.573214e-02	-2.01644e-11	2.215786e-06	
570	5.583214e-02	-2.00813e-11	1.046895e-07	
571	5.593214e-02	-1.99880e-11	3.346194e-09	
572	5.603214e-02	-1.98848e-11	7.280731e-11	
573	5.613214e-02	-1.97716e-11	1.081668e-12	
574	5.623214e-02	-1.96486e-11	1.970088e-15	
575	5.633214e-02	-1.95159e-11	-1.36271e-13	
576	5.643214e-02	-1.93737e-11	-2.74436e-13	

Index   time            i(vd1)          i(vd2)          
--------------------------------------------------------------------------------
577	5.653214e-02	-1.92220e-11	-4.21938e-13	
578	5.663214e-02	-1.90610e-11	-5.78709e-13	
579	5.673214e-02	-1.88910e-11	-7.44600e-13	
580	5.683214e-02	-1.87120e-11	-9.19445e-13	
581	5.693214e-02	-1.85242e-11	-1.10307e-12	
582	5.703214e-02	-1.83278e-11	-1.29529e-12	
583	5.713214e-02	-1.81230e-11	-1.49592e-12	
584	5.723214e-02	-1.79100e-11	-1.70475e-12	
585	5.733214e-02	-1.76890e-11	-1.92158e-12	
586	5.743214e-02	-1.74602e-11	-2.14618e-12	
587	5.753214e-02	-1.72239e-11	-2.37835e-12	
588	5.763214e-02	-1.69802e-11	-2.61784e-12	
589	5.773214e-02	-1.67295e-11	-2.86442e-12	
590	5.783214e-02	-1.64719e-11	-3.11784e-12	
591	5.793214e-02	-1.62077e-11	-3.37785e-12	
592	5.803214e-02	-1.59372e-11	-3.64419e-12	
593	5.813214e-02	-1.56606e-11	-3.91660e-12	
594	5.823214e-02	-1.53783e-11	-4.19480e-12	
595	5.833214e-02	-1.50904e-11	-4.47853e-12	
596	5.843214e-02	-1.47973e-11	-4.76749e-12	
597	5.853214e-02	-1.44992e-11	-5.06139e-12	
598	5.863214e-02	-1.41965e-11	-5.35996e-12	
599	5.873214e-02	-1.38894e-11	-5.66289e-12	
600	5.883214e-02	-1.35783e-11	-5.96987e-12	
601	5.893214e-02	-1.32634e-11	-6.28062e-12	
602	5.903214e-02	-1.29450e-11	-6.59480e-12	
603	5.913214e-02	-1.26235e-11	-6.91212e-12	
604	5.923214e-02	-1.22993e-11	-7.23226e-12	
605	5.933214e-02	-1.19725e-11	-7.55490e-12	
606	5.943214e-02	-1.16435e-11	-7.87973e-12	
607	5.953214e-02	-1.13127e-11	-8.20640e-12	
608	5.963214e-02	-1.09803e-11	-8.53462e-12	
609	5.973214e-02	-1.06467e-11	-8.86403e-12	
610	5.983214e-02	-1.03123e-11	-9.19433e-12	
611	5.993214e-02	-9.97730e-12	-9.52518e-12	
612	6.003214e-02	-9.64208e-12	-9.85626e-12	
613	6.013214e-02	-9.30697e-12	-1.01872e-11	
614	6.023214e-02	-8.97229e-12	-1.05178e-11	
615	6.033214e-02	-8.63837e-12	-1.08475e-11	
616	6.043214e-02	-8.30555e-12	-1.11762e-11	
617	6.053214e-02	-7.97414e-12	-1.15035e-11	
618	6.063214e-02	-7.64447e-12	-1.18290e-11	
619	6.073214e-02	-7.31687e-12	-1.21525e-11	
620	6.083214e-02	-6.99166e-12	-1.24736e-11	
621	6.093214e-02	-6.66915e-12	-1.27919e-11	
622	6.103214e-02	-6.34966e-12	-1.31073e-11	
623	6.113214e-02	-6.03351e-12	-1.34193e-11	
624	6.123214e-02	-5.72100e-12	-1.37277e-11	
625	6.133214e-02	-5.41245e-12	-1.40321e-11	
626	6.143214e-02	-5.10815e-12	-1.43323e-11	
627	6.153214e-02	-4.80840e-12	-1.46279e-11	
628	6.163214e-02	-4.51349e-12	-1.49187e-11	
629	6.173214e-02	-4.22372e-12	-1.52043e-11	
630	6.183214e-02	-3.93937e-12	-1.54845e-11	
631	6.193214e-02	-3.66072e-12	-1.57590e-11	
632	6.203214e-02	-3.38803e-12	-1.60276e-11	
633	6.213214e-02	-3.12159e-12	-1.62899e-11	
634	6.223214e-02	-2.86164e-12	-1.65457e-11	

Index   time            i(vd1)          i(vd2)          
--------------------------------------------------------------------------------
635	6.233214e-02	-2.60844e-12	-1.67948e-11	
636	6.243214e-02	-2.36225e-12	-1.70369e-11	
637	6.253214e-02	-2.12329e-12	-1.72717e-11	
638	6.263214e-02	-1.89182e-12	-1.74991e-11	
639	6.273214e-02	-1.66804e-12	-1.77187e-11	
640	6.283214e-02	-1.45218e-12	-1.79305e-11	
641	6.293214e-02	-1.24446e-12	-1.81341e-11	
642	6.303214e-02	-1.04507e-12	-1.83293e-11	
643	6.313214e-02	-8.54208e-13	-1.85161e-11	
644	6.323214e-02	-6.72062e-13	-1.86941e-11	
645	6.333214e-02	-4.98809e-13	-1.88632e-11	
646	6.343214e-02	-3.34614e-13	-1.90233e-11	
647	6.353214e-02	-1.79606e-13	-1.91742e-11	
648	6.363214e-02	-3.04444e-14	-1.93157e-11	
649	6.373214e-02	7.962672e-13	-1.94476e-11	
650	6.383214e-02	1.011212e-10	-1.95699e-11	
651	6.393214e-02	9.178099e-09	-1.96825e-11	
652	6.403214e-02	5.697324e-07	-1.97852e-11	
653	6.413214e-02	2.403843e-05	-1.98779e-11	
654	6.423214e-02	6.859344e-04	-1.99605e-11	
655	6.433214e-02	1.286874e-02	-2.00337e-11	
656	6.443214e-02	1.256795e-01	-2.01032e-11	
657	6.453214e-02	3.840707e-01	-2.01823e-11	
658	6.463214e-02	4.252321e-01	-2.02669e-11	
659	6.473214e-02	3.428278e-01	-2.03388e-11	
660	6.483214e-02	2.597234e-01	-2.03916e-11	
661	6.493214e-02	1.826143e-01	-2.04254e-11	
662	6.503214e-02	1.153194e-01	-2.04410e-11	
663	6.513214e-02	6.224329e-02	-2.04398e-11	
664	6.523214e-02	2.689645e-02	-2.04234e-11	
665	6.533214e-02	8.667393e-03	-2.03937e-11	
666	6.543214e-02	1.965939e-03	-2.03522e-11	
667	6.553214e-02	3.038094e-04	-2.03000e-11	
668	6.563214e-02	3.162802e-05	-2.02373e-11	
669	6.573214e-02	2.215786e-06	-2.01644e-11	
670	6.583214e-02	1.046895e-07	-2.00813e-11	
671	6.593214e-02	3.346194e-09	-1.99880e-11	
672	6.603214e-02	7.280731e-11	-1.98848e-11	
673	6.613214e-02	1.081668e-12	-1.97716e-11	
674	6.623214e-02	1.970088e-15	-1.96486e-11	
675	6.633214e-02	-1.36271e-13	-1.95159e-11	
676	6.643214e-02	-2.74436e-13	-1.93737e-11	
677	6.653214e-02	-4.21938e-13	-1.92220e-11	
678	6.663214e-02	-5.78709e-13	-1.90610e-11	
679	6.673214e-02	-7.44600e-13	-1.88910e-11	
680	6.683214e-02	-9.19445e-13	-1.87120e-11	
681	6.693214e-02	-1.10307e-12	-1.85242e-11	
682	6.703214e-02	-1.29529e-12	-1.83278e-11	
683	6.713214e-02	-1.49592e-12	-1.81230e-11	
684	6.723214e-02	-1.70475e-12	-1.79100e-11	
685	6.733214e-02	-1.92158e-12	-1.76890e-11	
686	6.743214e-02	-2.14618e-12	-1.74602e-11	
687	6.753214e-02	-2.37835e-12	-1.72239e-11	
688	6.763214e-02	-2.61784e-12	-1.69802e-11	
689	6.773214e-02	-2.86442e-12	-1.67295e-11	
690	6.783214e-02	-3.11784e-12	-1.64719e-11	
691	6.793214e-02	-3.37785e-12	-1.62077e-11	
692	6.803214e-02	-3.64419e-12	-1.59372e-11	

Index   time            i(vd1)          i(vd2)          
--------------------------------------------------------------------------------
693	6.813214e-02	-3.91660e-12	-1.56606e-11	
694	6.823214e-02	-4.19480e-12	-1.53783e-11	
695	6.833214e-02	-4.47853e-12	-1.50904e-11	
696	6.843214e-02	-4.76749e-12	-1.47973e-11	
697	6.853214e-02	-5.06139e-12	-1.44992e-11	
698	6.863214e-02	-5.35996e-12	-1.41965e-11	
699	6.873214e-02	-5.66289e-12	-1.38894e-11	
700	6.883214e-02	-5.96987e-12	-1.35783e-11	
701	6.893214e-02	-6.28062e-12	-1.32634e-11	
702	6.903214e-02	-6.59480e-12	-1.29450e-11	
703	6.913214e-02	-6.91212e-12	-1.26235e-11	
704	6.923214e-02	-7.23226e-12	-1.22993e-11	
705	6.933214e-02	-7.55490e-12	-1.19725e-11	
706	6.943214e-02	-7.87973e-12	-1.16435e-11	
707	6.953214e-02	-8.20640e-12	-1.13127e-11	
708	6.963214e-02	-8.53462e-12	-1.09803e-11	
709	6.973214e-02	-8.86403e-12	-1.06467e-11	
710	6.983214e-02	-9.19433e-12	-1.03123e-11	
711	6.993214e-02	-9.52518e-12	-9.97730e-12	
712	7.003214e-02	-9.85626e-12	-9.64208e-12	
713	7.013214e-02	-1.01872e-11	-9.30697e-12	
714	7.023214e-02	-1.05178e-11	-8.97229e-12	
715	7.033214e-02	-1.08475e-11	-8.63837e-12	
716	7.043214e-02	-1.11762e-11	-8.30555e-12	
717	7.053214e-02	-1.15035e-11	-7.97414e-12	
718	7.063214e-02	-1.18290e-11	-7.64447e-12	
719	7.073214e-02	-1.21525e-11	-7.31687e-12	
720	7.083214e-02	-1.24736e-11	-6.99166e-12	
721	7.093214e-02	-1.27919e-11	-6.66915e-12	
722	7.103214e-02	-1.31073e-11	-6.34966e-12	
723	7.113214e-02	-1.34193e-11	-6.03351e-12	
724	7.123214e-02	-1.37277e-11	-5.72100e-12	
725	7.133214e-02	-1.40321e-11	-5.41245e-12	
726	7.143214e-02	-1.43323e-11	-5.10815e-12	
727	7.153214e-02	-1.46279e-11	-4.80840e-12	
728	7.163214e-02	-1.49187e-11	-4.51349e-12	
729	7.173214e-02	-1.52043e-11	-4.22372e-12	
730	7.183214e-02	-1.54845e-11	-3.93937e-12	
731	7.193214e-02	-1.57590e-11	-3.66072e-12	
732	7.203214e-02	-1.60276e-11	-3.38803e-12	
733	7.213214e-02	-1.62899e-11	-3.12159e-12	
734	7.223214e-02	-1.65457e-11	-2.86164e-12	
735	7.233214e-02	-1.67948e-11	-2.60844e-12	
736	7.243214e-02	-1.70369e-11	-2.36225e-12	
737	7.253214e-02	-1.72717e-11	-2.12329e-12	
738	7.263214e-02	-1.74991e-11	-1.89182e-12	
739	7.273214e-02	-1.77187e-11	-1.66804e-12	
740	7.283214e-02	-1.79305e-11	-1.45218e-12	
741	7.293214e-02	-1.81341e-11	-1.24446e-12	
742	7.303214e-02	-1.83293e-11	-1.04507e-12	
743	7.313214e-02	-1.85161e-11	-8.54208e-13	
744	7.323214e-02	-1.86941e-11	-6.72062e-13	
745	7.333214e-02	-1.88632e-11	-4.98809e-13	
746	7.343214e-02	-1.90233e-11	-3.34614e-13	
747	7.353214e-02	-1.91742e-11	-1.79606e-13	
748	7.363214e-02	-1.93157e-11	-3.04444e-14	
749	7.373214e-02	-1.94476e-11	7.962672e-13	
750	7.383214e-02	-1.95699e-11	1.011212e-10	

Index   time            i(vd1)          i(vd2)          
--------------------------------------------------------------------------------
751	7.393214e-02	-1.96825e-11	9.178099e-09	
752	7.403214e-02	-1.97852e-11	5.697324e-07	
753	7.413214e-02	-1.98779e-11	2.403843e-05	
754	7.423214e-02	-1.99605e-11	6.859344e-04	
755	7.433214e-02	-2.00336e-11	1.286874e-02	
756	7.443214e-02	-2.01039e-11	1.256795e-01	
757	7.453214e-02	-2.01830e-11	3.840707e-01	
758	7.463214e-02	-2.02647e-11	4.252321e-01	
759	7.473214e-02	-2.03375e-11	3.428278e-01	
760	7.483214e-02	-2.03908e-11	2.597234e-01	
761	7.493214e-02	-2.04246e-11	1.826143e-01	
762	7.503214e-02	-2.04414e-11	1.153194e-01	
763	7.513214e-02	-2.04401e-11	6.224329e-02	
764	7.523214e-02	-2.04232e-11	2.689645e-02	
765	7.533214e-02	-2.03937e-11	8.667393e-03	
766	7.543214e-02	-2.03522e-11	1.965939e-03	
767	7.553214e-02	-2.03000e-11	3.038094e-04	
768	7.563214e-02	-2.02373e-11	3.162802e-05	
769	7.573214e-02	-2.01644e-11	2.215786e-06	
770	7.583214e-02	-2.00813e-11	1.046895e-07	
771	7.593214e-02	-1.99880e-11	3.346194e-09	
772	7.603214e-02	-1.98848e-11	7.280731e-11	
773	7.613214e-02	-1.97716e-11	1.081668e-12	
774	7.623214e-02	-1.96486e-11	1.970088e-15	
775	7.633214e-02	-1.95159e-11	-1.36271e-13	
776	7.643214e-02	-1.93737e-11	-2.74436e-13	
777	7.653214e-02	-1.92220e-11	-4.21938e-13	
778	7.663214e-02	-1.90610e-11	-5.78709e-13	
779	7.673214e-02	-1.88910e-11	-7.44600e-13	
780	7.683214e-02	-1.87120e-11	-9.19445e-13	
781	7.693214e-02	-1.85242e-11	-1.10307e-12	
782	7.703214e-02	-1.83278e-11	-1.29529e-12	
783	7.713214e-02	-1.81230e-11	-1.49592e-12	
784	7.723214e-02	-1.79100e-11	-1.70475e-12	
785	7.733214e-02	-1.76890e-11	-1.92158e-12	
786	7.743214e-02	-1.74602e-11	-2.14618e-12	
787	7.753214e-02	-1.72239e-11	-2.37835e-12	
788	7.763214e-02	-1.69802e-11	-2.61784e-12	
789	7.773214e-02	-1.67295e-11	-2.86442e-12	
790	7.783214e-02	-1.64719e-11	-3.11784e-12	
791	7.793214e-02	-1.62077e-11	-3.37785e-12	
792	7.803214e-02	-1.59372e-11	-3.64419e-12	
793	7.813214e-02	-1.56606e-11	-3.91660e-12	
794	7.823214e-02	-1.53783e-11	-4.19480e-12	
795	7.833214e-02	-1.50904e-11	-4.47853e-12	
796	7.843214e-02	-1.47973e-11	-4.76749e-12	
797	7.853214e-02	-1.44992e-11	-5.06139e-12	
798	7.863214e-02	-1.41965e-11	-5.35996e-12	
799	7.873214e-02	-1.38894e-11	-5.66289e-12	
800	7.883214e-02	-1.35783e-11	-5.96987e-12	
801	7.893214e-02	-1.32634e-11	-6.28062e-12	
802	7.903214e-02	-1.29450e-11	-6.59480e-12	
803	7.913214e-02	-1.26235e-11	-6.91212e-12	
804	7.923214e-02	-1.22993e-11	-7.23226e-12	
805	7.933214e-02	-1.19725e-11	-7.55490e-12	
806	7.943214e-02	-1.16435e-11	-7.87973e-12	
807	7.953214e-02	-1.13127e-11	-8.20640e-12	
808	7.963214e-02	-1.09803e-11	-8.53462e-12	

Index   time            i(vd1)          i(vd2)          
--------------------------------------------------------------------------------
809	7.973214e-02	-1.06467e-11	-8.86403e-12	
810	7.983214e-02	-1.03123e-11	-9.19433e-12	
811	7.993214e-02	-9.97730e-12	-9.52518e-12	
812	8.003214e-02	-9.64208e-12	-9.85626e-12	
813	8.013214e-02	-9.30697e-12	-1.01872e-11	
814	8.023214e-02	-8.97229e-12	-1.05178e-11	
815	8.033214e-02	-8.63837e-12	-1.08475e-11	
816	8.043214e-02	-8.30555e-12	-1.11762e-11	
817	8.053214e-02	-7.97414e-12	-1.15035e-11	
818	8.063214e-02	-7.64447e-12	-1.18290e-11	
819	8.073214e-02	-7.31687e-12	-1.21525e-11	
820	8.083214e-02	-6.99166e-12	-1.24736e-11	
821	8.093214e-02	-6.66915e-12	-1.27919e-11	
822	8.103214e-02	-6.34966e-12	-1.31073e-11	
823	8.113214e-02	-6.03351e-12	-1.34193e-11	
824	8.123214e-02	-5.72100e-12	-1.37277e-11	
825	8.133214e-02	-5.41245e-12	-1.40321e-11	
826	8.143214e-02	-5.10815e-12	-1.43323e-11	
827	8.153214e-02	-4.80840e-12	-1.46279e-11	
828	8.163214e-02	-4.51349e-12	-1.49187e-11	
829	8.173214e-02	-4.22372e-12	-1.52043e-11	
830	8.183214e-02	-3.93937e-12	-1.54845e-11	
831	8.193214e-02	-3.66072e-12	-1.57590e-11	
832	8.203214e-02	-3.38803e-12	-1.60276e-11	
833	8.213214e-02	-3.12159e-12	-1.62899e-11	
834	8.223214e-02	-2.86164e-12	-1.65457e-11	
835	8.233214e-02	-2.60844e-12	-1.67948e-11	
836	8.243214e-02	-2.36225e-12	-1.70369e-11	
837	8.253214e-02	-2.12329e-12	-1.72717e-11	
838	8.263214e-02	-1.89182e-12	-1.74991e-11	
839	8.273214e-02	-1.66804e-12	-1.77187e-11	
840	8.283214e-02	-1.45218e-12	-1.79305e-11	
841	8.293214e-02	-1.24446e-12	-1.81341e-11	
842	8.303214e-02	-1.04507e-12	-1.83293e-11	
843	8.313214e-02	-8.54208e-13	-1.85161e-11	
844	8.323214e-02	-6.72062e-13	-1.86941e-11	
845	8.333214e-02	-4.98809e-13	-1.88632e-11	
846	8.343214e-02	-3.34614e-13	-1.90233e-11	
847	8.353214e-02	-1.79606e-13	-1.91742e-11	
848	8.363214e-02	-3.04444e-14	-1.93157e-11	
849	8.373214e-02	7.962672e-13	-1.94476e-11	
850	8.383214e-02	1.011212e-10	-1.95699e-11	
851	8.393214e-02	9.178099e-09	-1.96825e-11	
852	8.403214e-02	5.697324e-07	-1.97852e-11	
853	8.413214e-02	2.403843e-05	-1.98779e-11	
854	8.423214e-02	6.859344e-04	-1.99605e-11	
855	8.433214e-02	1.286874e-02	-2.00337e-11	
856	8.443214e-02	1.256795e-01	-2.01032e-11	
857	8.453214e-02	3.840707e-01	-2.01823e-11	
858	8.463214e-02	4.252321e-01	-2.02669e-11	
859	8.473214e-02	3.428278e-01	-2.03388e-11	
860	8.483214e-02	2.597234e-01	-2.03916e-11	
861	8.493214e-02	1.826143e-01	-2.04254e-11	
862	8.503214e-02	1.153194e-01	-2.04410e-11	
863	8.513214e-02	6.224329e-02	-2.04398e-11	
864	8.523214e-02	2.689645e-02	-2.04234e-11	
865	8.533214e-02	8.667393e-03	-2.03937e-11	
866	8.543214e-02	1.965939e-03	-2.03522e-11	

Index   time            i(vd1)          i(vd2)          
--------------------------------------------------------------------------------
867	8.553214e-02	3.038094e-04	-2.03000e-11	
868	8.563214e-02	3.162802e-05	-2.02373e-11	
869	8.573214e-02	2.215786e-06	-2.01644e-11	
870	8.583214e-02	1.046895e-07	-2.00813e-11	
871	8.593214e-02	3.346194e-09	-1.99880e-11	
872	8.603214e-02	7.280731e-11	-1.98848e-11	
873	8.613214e-02	1.081668e-12	-1.97716e-11	
874	8.623214e-02	1.970088e-15	-1.96486e-11	
875	8.633214e-02	-1.36271e-13	-1.95159e-11	
876	8.643214e-02	-2.74436e-13	-1.93737e-11	
877	8.653214e-02	-4.21938e-13	-1.92220e-11	
878	8.663214e-02	-5.78709e-13	-1.90610e-11	
879	8.673214e-02	-7.44600e-13	-1.88910e-11	
880	8.683214e-02	-9.19445e-13	-1.87120e-11	
881	8.693214e-02	-1.10307e-12	-1.85242e-11	
882	8.703214e-02	-1.29529e-12	-1.83278e-11	
883	8.713214e-02	-1.49592e-12	-1.81230e-11	
884	8.723214e-02	-1.70475e-12	-1.79100e-11	
885	8.733214e-02	-1.92158e-12	-1.76890e-11	
886	8.743214e-02	-2.14618e-12	-1.74602e-11	
887	8.753214e-02	-2.37835e-12	-1.72239e-11	
888	8.763214e-02	-2.61784e-12	-1.69802e-11	
889	8.773214e-02	-2.86442e-12	-1.67295e-11	
890	8.783214e-02	-3.11784e-12	-1.64719e-11	
891	8.793214e-02	-3.37785e-12	-1.62077e-11	
892	8.803214e-02	-3.64419e-12	-1.59372e-11	
893	8.813214e-02	-3.91660e-12	-1.56606e-11	
894	8.823214e-02	-4.19480e-12	-1.53783e-11	
895	8.833214e-02	-4.47853e-12	-1.50904e-11	
896	8.843214e-02	-4.76749e-12	-1.47973e-11	
897	8.853214e-02	-5.06139e-12	-1.44992e-11	
898	8.863214e-02	-5.35996e-12	-1.41965e-11	
899	8.873214e-02	-5.66289e-12	-1.38894e-11	
900	8.883214e-02	-5.96987e-12	-1.35783e-11	
901	8.893214e-02	-6.28062e-12	-1.32634e-11	
902	8.903214e-02	-6.59480e-12	-1.29450e-11	
903	8.913214e-02	-6.91212e-12	-1.26235e-11	
904	8.923214e-02	-7.23226e-12	-1.22993e-11	
905	8.933214e-02	-7.55490e-12	-1.19725e-11	
906	8.943214e-02	-7.87973e-12	-1.16435e-11	
907	8.953214e-02	-8.20640e-12	-1.13127e-11	
908	8.963214e-02	-8.53462e-12	-1.09803e-11	
909	8.973214e-02	-8.86403e-12	-1.06467e-11	
910	8.983214e-02	-9.19433e-12	-1.03123e-11	
911	8.993214e-02	-9.52518e-12	-9.97730e-12	
912	9.003214e-02	-9.85626e-12	-9.64208e-12	
913	9.013214e-02	-1.01872e-11	-9.30697e-12	
914	9.023214e-02	-1.05178e-11	-8.97229e-12	
915	9.033214e-02	-1.08475e-11	-8.63837e-12	
916	9.043214e-02	-1.11762e-11	-8.30555e-12	
917	9.053214e-02	-1.15035e-11	-7.97414e-12	
918	9.063214e-02	-1.18290e-11	-7.64447e-12	
919	9.073214e-02	-1.21525e-11	-7.31687e-12	
920	9.083214e-02	-1.24736e-11	-6.99166e-12	
921	9.093214e-02	-1.27919e-11	-6.66915e-12	
922	9.103214e-02	-1.31073e-11	-6.34966e-12	
923	9.113214e-02	-1.34193e-11	-6.03351e-12	
924	9.123214e-02	-1.37277e-11	-5.72100e-12	

Index   time            i(vd1)          i(vd2)          
--------------------------------------------------------------------------------
925	9.133214e-02	-1.40321e-11	-5.41245e-12	
926	9.143214e-02	-1.43323e-11	-5.10815e-12	
927	9.153214e-02	-1.46279e-11	-4.80840e-12	
928	9.163214e-02	-1.49187e-11	-4.51349e-12	
929	9.173214e-02	-1.52043e-11	-4.22372e-12	
930	9.183214e-02	-1.54845e-11	-3.93937e-12	
931	9.193214e-02	-1.57590e-11	-3.66072e-12	
932	9.203214e-02	-1.60276e-11	-3.38803e-12	
933	9.213214e-02	-1.62899e-11	-3.12159e-12	
934	9.223214e-02	-1.65457e-11	-2.86164e-12	
935	9.233214e-02	-1.67948e-11	-2.60844e-12	
936	9.243214e-02	-1.70369e-11	-2.36225e-12	
937	9.253214e-02	-1.72717e-11	-2.12329e-12	
938	9.263214e-02	-1.74991e-11	-1.89182e-12	
939	9.273214e-02	-1.77187e-11	-1.66804e-12	
940	9.283214e-02	-1.79305e-11	-1.45218e-12	
941	9.293214e-02	-1.81341e-11	-1.24446e-12	
942	9.303214e-02	-1.83293e-11	-1.04507e-12	
943	9.313214e-02	-1.85161e-11	-8.54208e-13	
944	9.323214e-02	-1.86941e-11	-6.72062e-13	
945	9.333214e-02	-1.88632e-11	-4.98809e-13	
946	9.343214e-02	-1.90233e-11	-3.34614e-13	
947	9.353214e-02	-1.91742e-11	-1.79606e-13	
948	9.363214e-02	-1.93157e-11	-3.04444e-14	
949	9.373214e-02	-1.94476e-11	7.962672e-13	
950	9.383214e-02	-1.95699e-11	1.011212e-10	
951	9.393214e-02	-1.96825e-11	9.178099e-09	
952	9.403214e-02	-1.97852e-11	5.697324e-07	
953	9.413214e-02	-1.98779e-11	2.403843e-05	
954	9.423214e-02	-1.99605e-11	6.859344e-04	
955	9.433214e-02	-2.00336e-11	1.286874e-02	
956	9.443214e-02	-2.01030e-11	1.256795e-01	
957	9.453214e-02	-2.01794e-11	3.840707e-01	
958	9.463214e-02	-2.02647e-11	4.252321e-01	
959	9.473214e-02	-2.03393e-11	3.428278e-01	
960	9.483214e-02	-2.03908e-11	2.597234e-01	
961	9.493214e-02	-2.04263e-11	1.826143e-01	
962	9.503214e-02	-2.04414e-11	1.153194e-01	
963	9.513214e-02	-2.04396e-11	6.224329e-02	
964	9.523214e-02	-2.04232e-11	2.689645e-02	
965	9.533214e-02	-2.03937e-11	8.667393e-03	
966	9.543214e-02	-2.03522e-11	1.965939e-03	
967	9.553214e-02	-2.03000e-11	3.038094e-04	
968	9.563214e-02	-2.02373e-11	3.162802e-05	
969	9.573214e-02	-2.01644e-11	2.215786e-06	
970	9.583214e-02	-2.00813e-11	1.046895e-07	
971	9.593214e-02	-1.99880e-11	3.346194e-09	
972	9.603214e-02	-1.98848e-11	7.280731e-11	
973	9.613214e-02	-1.97716e-11	1.081668e-12	
974	9.623214e-02	-1.96486e-11	1.970088e-15	
975	9.633214e-02	-1.95159e-11	-1.36271e-13	
976	9.643214e-02	-1.93737e-11	-2.74436e-13	
977	9.653214e-02	-1.92220e-11	-4.21938e-13	
978	9.663214e-02	-1.90610e-11	-5.78709e-13	
979	9.673214e-02	-1.88910e-11	-7.44600e-13	
980	9.683214e-02	-1.87120e-11	-9.19445e-13	
981	9.693214e-02	-1.85242e-11	-1.10307e-12	
982	9.703214e-02	-1.83278e-11	-1.29529e-12	

Index   time            i(vd1)          i(vd2)          
--------------------------------------------------------------------------------
983	9.713214e-02	-1.81230e-11	-1.49592e-12	
984	9.723214e-02	-1.79100e-11	-1.70475e-12	
985	9.733214e-02	-1.76890e-11	-1.92158e-12	
986	9.743214e-02	-1.74602e-11	-2.14618e-12	
987	9.753214e-02	-1.72239e-11	-2.37835e-12	
988	9.763214e-02	-1.69802e-11	-2.61784e-12	
989	9.773214e-02	-1.67295e-11	-2.86442e-12	
990	9.783214e-02	-1.64719e-11	-3.11784e-12	
991	9.793214e-02	-1.62077e-11	-3.37785e-12	
992	9.803214e-02	-1.59372e-11	-3.64419e-12	
993	9.813214e-02	-1.56606e-11	-3.91660e-12	
994	9.823214e-02	-1.53783e-11	-4.19480e-12	
995	9.833214e-02	-1.50904e-11	-4.47853e-12	
996	9.843214e-02	-1.47973e-11	-4.76749e-12	
997	9.853214e-02	-1.44992e-11	-5.06139e-12	
998	9.863214e-02	-1.41965e-11	-5.35996e-12	
999	9.873214e-02	-1.38894e-11	-5.66289e-12	
1000	9.883214e-02	-1.35783e-11	-5.96987e-12	
1001	9.893214e-02	-1.32634e-11	-6.28062e-12	
1002	9.903214e-02	-1.29450e-11	-6.59480e-12	
1003	9.913214e-02	-1.26235e-11	-6.91212e-12	
1004	9.923214e-02	-1.22993e-11	-7.23226e-12	
1005	9.933214e-02	-1.19725e-11	-7.55490e-12	
1006	9.943214e-02	-1.16435e-11	-7.87973e-12	
1007	9.953214e-02	-1.13127e-11	-8.20640e-12	
1008	9.963214e-02	-1.09803e-11	-8.53462e-12	
1009	9.973214e-02	-1.06467e-11	-8.86403e-12	
1010	9.983214e-02	-1.03123e-11	-9.19433e-12	
1011	9.993214e-02	-9.97730e-12	-9.52518e-12	
1012	1.000000e-01	-9.74984e-12	-9.74984e-12	
