
Circuit: bridge rectifier

                                bridge rectifier
                                Transient Analysis  Wed Jan 19 13:02:37  2022
--------------------------------------------------------------------------------
Index   time            i(vd1)          i(vd2)          
--------------------------------------------------------------------------------
0	0.000000e+00	3.697675e-27	3.697675e-27	
1	1.000000e-06	8.832521e-08	-8.83252e-08	
2	2.000000e-06	8.848114e-08	-8.81848e-08	
3	4.000000e-06	8.880530e-08	-8.78982e-08	
4	8.000000e-06	8.917346e-08	-8.76211e-08	
5	1.600000e-05	9.031086e-08	-8.67922e-08	
6	3.200000e-05	9.325943e-08	-8.54680e-08	
7	6.400000e-05	1.234200e-07	-8.27811e-08	
8	1.094471e-04	1.585756e-06	-8.03904e-08	
9	1.531389e-04	4.201253e-05	-9.74334e-08	
10	1.969984e-04	2.093413e-04	-1.37789e-07	
11	2.494797e-04	4.891449e-04	-1.18054e-07	
12	3.494797e-04	1.090758e-03	-1.33184e-07	
13	4.494797e-04	1.716830e-03	-1.03003e-07	
14	5.494797e-04	2.351209e-03	-1.19347e-07	
15	6.494797e-04	2.987262e-03	-9.10017e-08	
16	7.494797e-04	3.623012e-03	-1.09108e-07	
17	8.494797e-04	4.256232e-03	-8.19628e-08	
18	9.494797e-04	4.885689e-03	-1.01034e-07	
19	1.049480e-03	5.510271e-03	-7.46481e-08	
20	1.149480e-03	6.129169e-03	-9.43155e-08	
21	1.249480e-03	6.741473e-03	-6.84037e-08	
22	1.349480e-03	7.346518e-03	-8.84550e-08	
23	1.449480e-03	7.943495e-03	-6.28560e-08	
24	1.549480e-03	8.531819e-03	-8.31650e-08	
25	1.649480e-03	9.110742e-03	-5.77792e-08	
26	1.749480e-03	9.679728e-03	-7.82661e-08	
27	1.849480e-03	1.023807e-02	-5.30290e-08	
28	1.949480e-03	1.078528e-02	-7.36410e-08	
29	2.049480e-03	1.132068e-02	-4.85093e-08	
30	2.149480e-03	1.184381e-02	-6.92100e-08	
31	2.249480e-03	1.235403e-02	-4.41534e-08	
32	2.349480e-03	1.285092e-02	-6.49177e-08	
33	2.449480e-03	1.333387e-02	-3.99147e-08	
34	2.549480e-03	1.380248e-02	-6.07243e-08	
35	2.649480e-03	1.425618e-02	-3.57595e-08	
36	2.749480e-03	1.469460e-02	-5.66012e-08	
37	2.849480e-03	1.511721e-02	-3.16633e-08	
38	2.949480e-03	1.552367e-02	-5.25274e-08	
39	3.049480e-03	1.591348e-02	-2.76081e-08	
40	3.149480e-03	1.628633e-02	-4.84877e-08	
41	3.249480e-03	1.664177e-02	-2.35810e-08	
42	3.349480e-03	1.697952e-02	-4.44706e-08	
43	3.449480e-03	1.729916e-02	-1.95720e-08	
44	3.549480e-03	1.760044e-02	-4.04681e-08	
45	3.649480e-03	1.788299e-02	-1.55747e-08	
46	3.749480e-03	1.814661e-02	-3.64745e-08	
47	3.849480e-03	1.839094e-02	-1.15838e-08	
48	3.949480e-03	1.861584e-02	-3.24859e-08	
49	4.049480e-03	1.882097e-02	-7.59643e-09	
50	4.149480e-03	1.900624e-02	-2.84992e-08	
51	4.249480e-03	1.917135e-02	-3.61027e-09	
52	4.349480e-03	1.931625e-02	-2.45134e-08	
53	4.449480e-03	1.944069e-02	3.757883e-10	
54	4.549480e-03	1.954464e-02	-2.05271e-08	

Index   time            i(vd1)          i(vd2)          
--------------------------------------------------------------------------------
55	4.649480e-03	1.962790e-02	4.362164e-09	
56	4.749480e-03	1.969049e-02	-1.65403e-08	
57	4.849480e-03	1.973224e-02	8.349225e-09	
58	4.949480e-03	1.975322e-02	-1.25531e-08	
59	5.049480e-03	1.975330e-02	1.233655e-08	
60	5.149480e-03	1.973258e-02	-8.56560e-09	
61	5.249480e-03	1.969098e-02	1.632400e-08	
62	5.349480e-03	1.962864e-02	-4.57837e-09	
63	5.449480e-03	1.954554e-02	2.031103e-08	
64	5.549480e-03	1.944184e-02	-5.91573e-10	
65	5.649480e-03	1.931756e-02	2.429774e-08	
66	5.749480e-03	1.917291e-02	3.395066e-09	
67	5.849480e-03	1.900794e-02	2.828432e-08	
68	5.949480e-03	1.882292e-02	7.381828e-09	
69	6.049480e-03	1.861793e-02	3.227173e-08	
70	6.149480e-03	1.839328e-02	1.137014e-08	
71	6.249480e-03	1.814909e-02	3.626155e-08	
72	6.349480e-03	1.788571e-02	1.536210e-08	
73	6.449480e-03	1.760329e-02	4.025616e-08	
74	6.549480e-03	1.730223e-02	1.936062e-08	
75	6.649480e-03	1.698273e-02	4.425990e-08	
76	6.749480e-03	1.664520e-02	2.337086e-08	
77	6.849480e-03	1.628988e-02	4.827828e-08	
78	6.949480e-03	1.591724e-02	2.739952e-08	
79	7.049480e-03	1.552754e-02	5.231956e-08	
80	7.149480e-03	1.512128e-02	3.145623e-08	
81	7.249480e-03	1.469878e-02	5.639493e-08	
82	7.349480e-03	1.426055e-02	3.555411e-08	
83	7.449480e-03	1.380694e-02	6.051967e-08	
84	7.549480e-03	1.333851e-02	3.971089e-08	
85	7.649480e-03	1.285564e-02	6.471476e-08	
86	7.749480e-03	1.235892e-02	4.395131e-08	
87	7.849480e-03	1.184877e-02	6.900885e-08	
88	7.949480e-03	1.132579e-02	4.830886e-08	
89	8.049480e-03	1.079044e-02	7.344137e-08	
90	8.149480e-03	1.024337e-02	5.283030e-08	
91	8.249480e-03	9.685065e-03	7.806807e-08	
92	8.349480e-03	9.116198e-03	5.758185e-08	
93	8.449480e-03	8.537290e-03	8.296839e-08	
94	8.549480e-03	7.949062e-03	6.265984e-08	
95	8.649480e-03	7.352075e-03	8.825958e-08	
96	8.749480e-03	6.747098e-03	6.820842e-08	
97	8.849480e-03	6.134752e-03	9.412101e-08	
98	8.949480e-03	5.515883e-03	7.445326e-08	
99	9.049480e-03	4.891212e-03	1.008405e-07	
100	9.149480e-03	4.261731e-03	8.176717e-08	
101	9.249480e-03	3.628386e-03	1.089089e-07	
102	9.349480e-03	2.992535e-03	9.080772e-08	
103	9.449480e-03	2.355794e-03	1.192195e-07	
104	9.549480e-03	1.720892e-03	1.027871e-07	
105	9.649480e-03	1.092775e-03	1.333114e-07	
106	9.749480e-03	4.884009e-04	1.180274e-07	
107	9.849480e-03	2.177778e-05	1.290616e-07	
108	9.916588e-03	1.006848e-05	3.286867e-08	
109	9.963076e-03	-1.01586e-05	1.439419e-07	
110	1.000843e-02	9.968886e-06	1.848635e-08	
111	1.008941e-02	-1.01309e-05	4.484474e-07	
112	1.017171e-02	9.943380e-06	9.165712e-05	

Index   time            i(vd1)          i(vd2)          
--------------------------------------------------------------------------------
113	1.024778e-02	-1.01949e-05	4.897108e-04	
114	1.034017e-02	9.943031e-06	1.022694e-03	
115	1.044017e-02	-1.01807e-05	1.668064e-03	
116	1.054017e-02	9.957260e-06	2.281104e-03	
117	1.064017e-02	-1.01687e-05	2.937826e-03	
118	1.074017e-02	9.967682e-06	3.553886e-03	
119	1.084017e-02	-1.01595e-05	4.207455e-03	
120	1.094017e-02	9.975812e-06	4.817213e-03	
121	1.104017e-02	-1.01521e-05	5.462387e-03	
122	1.114017e-02	9.982568e-06	6.061741e-03	
123	1.124017e-02	-1.01458e-05	6.694810e-03	
124	1.134017e-02	9.988453e-06	7.280437e-03	
125	1.144017e-02	-1.01403e-05	7.898325e-03	
126	1.154017e-02	9.993760e-06	8.467349e-03	
127	1.164017e-02	-1.01352e-05	9.067311e-03	
128	1.174017e-02	9.998670e-06	9.617109e-03	
129	1.184017e-02	-1.01304e-05	1.019661e-02	
130	1.194017e-02	1.000330e-05	1.072474e-02	
131	1.204017e-02	-1.01259e-05	1.128140e-02	
132	1.214017e-02	1.000774e-05	1.178555e-02	
133	1.224017e-02	-1.01215e-05	1.231715e-02	
134	1.234017e-02	1.001204e-05	1.279515e-02	
135	1.244017e-02	-1.01173e-05	1.329957e-02	
136	1.254017e-02	1.001623e-05	1.374939e-02	
137	1.264017e-02	-1.01131e-05	1.422464e-02	
138	1.274017e-02	1.002036e-05	1.464436e-02	
139	1.284017e-02	-1.01090e-05	1.508860e-02	
140	1.294017e-02	1.002443e-05	1.547644e-02	
141	1.304017e-02	-1.01049e-05	1.588796e-02	
142	1.314017e-02	1.002847e-05	1.624227e-02	
143	1.324017e-02	-1.01009e-05	1.661949e-02	
144	1.334017e-02	1.003249e-05	1.693875e-02	
145	1.344017e-02	-1.00969e-05	1.728024e-02	
146	1.354017e-02	1.003649e-05	1.756310e-02	
147	1.364017e-02	-1.00929e-05	1.786755e-02	
148	1.374017e-02	1.004049e-05	1.811280e-02	
149	1.384017e-02	-1.00889e-05	1.837908e-02	
150	1.394017e-02	1.004447e-05	1.858565e-02	
151	1.404017e-02	-1.00849e-05	1.881278e-02	
152	1.414017e-02	1.004846e-05	1.897975e-02	
153	1.424017e-02	-1.00809e-05	1.916690e-02	
154	1.434017e-02	1.005245e-05	1.929354e-02	
155	1.444017e-02	-1.00770e-05	1.944004e-02	
156	1.454017e-02	1.005643e-05	1.952575e-02	
157	1.464017e-02	-1.00730e-05	1.963110e-02	
158	1.474017e-02	1.006042e-05	1.967546e-02	
159	1.484017e-02	-1.00690e-05	1.973931e-02	
160	1.494017e-02	1.006440e-05	1.974207e-02	
161	1.504017e-02	-1.00650e-05	1.976425e-02	
162	1.514017e-02	1.006839e-05	1.972531e-02	
163	1.524017e-02	-1.00610e-05	1.970581e-02	
164	1.534017e-02	1.007238e-05	1.962525e-02	
165	1.544017e-02	-1.00570e-05	1.956423e-02	
166	1.554017e-02	1.007636e-05	1.944229e-02	
167	1.564017e-02	-1.00530e-05	1.934007e-02	
168	1.574017e-02	1.008035e-05	1.917716e-02	
169	1.584017e-02	-1.00490e-05	1.903423e-02	
170	1.594017e-02	1.008434e-05	1.883092e-02	

Index   time            i(vd1)          i(vd2)          
--------------------------------------------------------------------------------
171	1.604017e-02	-1.00451e-05	1.864793e-02	
172	1.614017e-02	1.008832e-05	1.840495e-02	
173	1.624017e-02	-1.00411e-05	1.818272e-02	
174	1.634017e-02	1.009231e-05	1.790097e-02	
175	1.644017e-02	-1.00371e-05	1.764046e-02	
176	1.654017e-02	1.009631e-05	1.732098e-02	
177	1.664017e-02	-1.00331e-05	1.702332e-02	
178	1.674017e-02	1.010032e-05	1.666731e-02	
179	1.684017e-02	-1.00290e-05	1.633378e-02	
180	1.694017e-02	1.010435e-05	1.594259e-02	
181	1.704017e-02	-1.00250e-05	1.557461e-02	
182	1.714017e-02	1.010840e-05	1.514973e-02	
183	1.724017e-02	-1.00209e-05	1.474887e-02	
184	1.734017e-02	1.011250e-05	1.429194e-02	
185	1.744017e-02	-1.00168e-05	1.385989e-02	
186	1.754017e-02	1.011665e-05	1.337268e-02	
187	1.764017e-02	-1.00126e-05	1.291128e-02	
188	1.774017e-02	1.012088e-05	1.239568e-02	
189	1.784017e-02	-1.00083e-05	1.190690e-02	
190	1.794017e-02	1.012523e-05	1.136495e-02	
191	1.804017e-02	-1.00039e-05	1.085088e-02	
192	1.814017e-02	1.012975e-05	1.028473e-02	
193	1.824017e-02	-9.99928e-06	9.747589e-03	
194	1.834017e-02	1.013448e-05	9.159531e-03	
195	1.844017e-02	-9.99440e-06	8.601680e-03	
196	1.854017e-02	1.013954e-05	7.994145e-03	
197	1.864017e-02	-9.98913e-06	7.418094e-03	
198	1.874017e-02	1.014507e-05	6.793683e-03	
199	1.884017e-02	-9.98330e-06	6.202141e-03	
200	1.894017e-02	1.015127e-05	5.563697e-03	
201	1.904017e-02	-9.97662e-06	4.959678e-03	
202	1.914017e-02	1.015852e-05	4.310456e-03	
203	1.924017e-02	-9.96863e-06	3.697570e-03	
204	1.934017e-02	1.016746e-05	3.041741e-03	
205	1.944017e-02	-9.95846e-06	2.425140e-03	
206	1.954017e-02	1.017926e-05	1.769762e-03	
207	1.964017e-02	-9.94457e-06	1.160815e-03	
208	1.974017e-02	1.019455e-05	5.326618e-04	
209	1.984017e-02	-9.94292e-06	5.463736e-05	
210	1.988162e-02	1.011874e-05	-2.80732e-06	
211	1.992235e-02	-9.95081e-06	4.737705e-06	
212	1.994990e-02	1.010679e-05	-4.87623e-06	
213	1.997558e-02	-9.92677e-06	4.707412e-06	
214	2.002694e-02	1.009888e-05	-4.88887e-06	
215	2.012694e-02	-3.43574e-06	4.725903e-06	
216	2.022694e-02	3.695879e-04	-4.95711e-06	
217	2.032694e-02	9.462088e-04	4.702385e-06	
218	2.042694e-02	1.579498e-03	-4.94213e-06	
219	2.052694e-02	2.201970e-03	4.717013e-06	
220	2.062694e-02	2.848456e-03	-4.93005e-06	
221	2.072694e-02	3.475034e-03	4.727718e-06	
222	2.082694e-02	4.118710e-03	-4.92075e-06	
223	2.092694e-02	4.739350e-03	4.736016e-06	
224	2.102694e-02	5.374840e-03	-4.91330e-06	
225	2.112694e-02	5.985380e-03	4.742872e-06	
226	2.122694e-02	6.608941e-03	-4.90697e-06	
227	2.132694e-02	7.205990e-03	4.748821e-06	
228	2.142694e-02	7.814535e-03	-4.90136e-06	

Index   time            i(vd1)          i(vd2)          
--------------------------------------------------------------------------------
229	2.152694e-02	8.395183e-03	4.754170e-06	
230	2.162694e-02	8.985961e-03	-4.89624e-06	
231	2.172694e-02	9.547563e-03	4.759109e-06	
232	2.182694e-02	1.011803e-02	-4.89146e-06	
233	2.192694e-02	1.065813e-02	4.763762e-06	
234	2.202694e-02	1.120591e-02	-4.88692e-06	
235	2.212694e-02	1.172218e-02	4.768213e-06	
236	2.222694e-02	1.224503e-02	-4.88255e-06	
237	2.232694e-02	1.273530e-02	4.772519e-06	
238	2.242694e-02	1.323110e-02	-4.87830e-06	
239	2.252694e-02	1.369332e-02	4.776722e-06	
240	2.262694e-02	1.416008e-02	-4.87414e-06	
241	2.272694e-02	1.459232e-02	4.780852e-06	
242	2.282694e-02	1.502820e-02	-4.87004e-06	
243	2.292694e-02	1.542867e-02	4.784930e-06	
244	2.302694e-02	1.583193e-02	-4.86598e-06	
245	2.312694e-02	1.619897e-02	4.788973e-06	
246	2.322694e-02	1.656803e-02	-4.86195e-06	
247	2.332694e-02	1.690014e-02	4.792992e-06	
248	2.342694e-02	1.723355e-02	-4.85794e-06	
249	2.352694e-02	1.752933e-02	4.796995e-06	
250	2.362694e-02	1.782580e-02	-4.85394e-06	
251	2.372694e-02	1.808404e-02	4.800989e-06	
252	2.382694e-02	1.834241e-02	-4.84995e-06	
253	2.392694e-02	1.856203e-02	4.804978e-06	
254	2.402694e-02	1.878130e-02	-4.84596e-06	
255	2.412694e-02	1.896140e-02	4.808965e-06	
256	2.422694e-02	1.914074e-02	-4.84197e-06	
257	2.432694e-02	1.928054e-02	4.812950e-06	
258	2.442694e-02	1.941926e-02	-4.83799e-06	
259	2.452694e-02	1.951818e-02	4.816936e-06	
260	2.462694e-02	1.961578e-02	-4.83400e-06	
261	2.472694e-02	1.967336e-02	4.820923e-06	
262	2.482694e-02	1.972948e-02	-4.83001e-06	
263	2.492694e-02	1.974548e-02	4.824909e-06	
264	2.502694e-02	1.975993e-02	-4.82602e-06	
265	2.512694e-02	1.973423e-02	4.828897e-06	
266	2.522694e-02	1.970700e-02	-4.82204e-06	
267	2.532694e-02	1.963967e-02	4.832884e-06	
268	2.542694e-02	1.957091e-02	-4.81805e-06	
269	2.552694e-02	1.946217e-02	4.836870e-06	
270	2.562694e-02	1.935218e-02	-4.81406e-06	
271	2.572694e-02	1.920245e-02	4.840857e-06	
272	2.582694e-02	1.905171e-02	-4.81008e-06	
273	2.592694e-02	1.886153e-02	4.844843e-06	
274	2.602694e-02	1.867069e-02	-4.80609e-06	
275	2.612694e-02	1.844079e-02	4.848831e-06	
276	2.622694e-02	1.821065e-02	-4.80210e-06	
277	2.632694e-02	1.794190e-02	4.852822e-06	
278	2.642694e-02	1.767342e-02	-4.79810e-06	
279	2.652694e-02	1.736687e-02	4.856819e-06	
280	2.662694e-02	1.706116e-02	-4.79410e-06	
281	2.672694e-02	1.671799e-02	4.860827e-06	
282	2.682694e-02	1.637632e-02	-4.79008e-06	
283	2.692694e-02	1.599788e-02	4.864853e-06	
284	2.702694e-02	1.562166e-02	-4.78605e-06	
285	2.712694e-02	1.520944e-02	4.868906e-06	
286	2.722694e-02	1.480022e-02	-4.78197e-06	

Index   time            i(vd1)          i(vd2)          
--------------------------------------------------------------------------------
287	2.732694e-02	1.435583e-02	4.872998e-06	
288	2.742694e-02	1.391532e-02	-4.77786e-06	
289	2.752694e-02	1.344052e-02	4.877147e-06	
290	2.762694e-02	1.297053e-02	-4.77367e-06	
291	2.772694e-02	1.246722e-02	4.881376e-06	
292	2.782694e-02	1.196971e-02	-4.76939e-06	
293	2.792694e-02	1.143992e-02	4.885718e-06	
294	2.802694e-02	1.091697e-02	-4.76497e-06	
295	2.812694e-02	1.036283e-02	4.890217e-06	
296	2.822694e-02	9.816669e-03	-4.76037e-06	
297	2.832694e-02	9.240464e-03	4.894938e-06	
298	2.842694e-02	8.673429e-03	-4.75551e-06	
299	2.852694e-02	8.077581e-03	4.899973e-06	
300	2.862694e-02	7.492174e-03	-4.75027e-06	
301	2.872694e-02	6.879273e-03	4.905459e-06	
302	2.882694e-02	6.278188e-03	-4.74448e-06	
303	2.892694e-02	5.651056e-03	4.911610e-06	
304	2.902694e-02	5.037282e-03	-4.73788e-06	
305	2.912694e-02	4.399136e-03	4.918777e-06	
306	2.922694e-02	3.776226e-03	-4.73000e-06	
307	2.932694e-02	3.131147e-03	4.927575e-06	
308	2.942694e-02	2.504086e-03	-4.72000e-06	
309	2.952694e-02	1.858791e-03	4.939138e-06	
310	2.962694e-02	1.238124e-03	-4.70642e-06	
311	2.972694e-02	6.160633e-04	4.954382e-06	
312	2.982694e-02	9.450422e-05	-4.69905e-06	
313	2.989777e-02	2.011355e-06	4.880953e-06	
314	2.992384e-02	-1.68632e-06	-4.70685e-06	
315	2.994076e-02	1.527137e-06	4.852934e-06	
316	2.995670e-02	-1.68189e-06	-4.66560e-06	
317	2.998860e-02	1.491117e-06	4.826628e-06	
318	3.005239e-02	-1.65902e-06	-4.63155e-06	
319	3.015239e-02	1.487283e-06	4.068278e-05	
320	3.025239e-02	-1.73344e-06	5.081838e-04	
321	3.034482e-02	1.482266e-06	1.059992e-03	
322	3.044482e-02	-1.71924e-06	1.689188e-03	
323	3.054482e-02	1.496463e-06	2.319114e-03	
324	3.064482e-02	-1.70744e-06	2.959043e-03	
325	3.074482e-02	1.506856e-06	3.591811e-03	
326	3.084482e-02	-1.69833e-06	4.228424e-03	
327	3.094482e-02	1.514975e-06	4.854820e-03	
328	3.104482e-02	-1.69099e-06	5.482896e-03	
329	3.114482e-02	1.521723e-06	6.098835e-03	
330	3.124482e-02	-1.68473e-06	6.714704e-03	
331	3.134482e-02	1.527602e-06	7.316865e-03	
332	3.144482e-02	-1.67917e-06	7.917470e-03	
333	3.154482e-02	1.532904e-06	8.502977e-03	
334	3.164482e-02	-1.67408e-06	9.085587e-03	
335	3.174482e-02	1.537811e-06	9.651816e-03	
336	3.184482e-02	-1.66933e-06	1.021390e-02	
337	3.194482e-02	1.542442e-06	1.075841e-02	
338	3.204482e-02	-1.66480e-06	1.129760e-02	
339	3.214482e-02	1.546877e-06	1.181809e-02	
340	3.224482e-02	-1.66044e-06	1.233216e-02	
341	3.234482e-02	1.551172e-06	1.282645e-02	
342	3.244482e-02	-1.65620e-06	1.331329e-02	
343	3.254482e-02	1.555368e-06	1.377934e-02	
344	3.264482e-02	-1.65204e-06	1.423698e-02	

Index   time            i(vd1)          i(vd2)          
--------------------------------------------------------------------------------
345	3.274482e-02	1.559492e-06	1.467289e-02	
346	3.284482e-02	-1.64795e-06	1.509948e-02	
347	3.294482e-02	1.563567e-06	1.550347e-02	
348	3.304482e-02	-1.64389e-06	1.589729e-02	
349	3.314482e-02	1.567607e-06	1.626772e-02	
350	3.324482e-02	-1.63986e-06	1.662721e-02	
351	3.334482e-02	1.571624e-06	1.696256e-02	
352	3.344482e-02	-1.63585e-06	1.728628e-02	
353	3.354482e-02	1.575627e-06	1.758520e-02	
354	3.364482e-02	-1.63186e-06	1.787186e-02	
355	3.374482e-02	1.579621e-06	1.813313e-02	
356	3.384482e-02	-1.62787e-06	1.838160e-02	
357	3.394482e-02	1.583609e-06	1.860417e-02	
358	3.404482e-02	-1.62388e-06	1.881346e-02	
359	3.414482e-02	1.587596e-06	1.899643e-02	
360	3.424482e-02	-1.61989e-06	1.916572e-02	
361	3.434482e-02	1.591582e-06	1.930833e-02	
362	3.444482e-02	-1.61591e-06	1.943696e-02	
363	3.454482e-02	1.595568e-06	1.953863e-02	
364	3.464482e-02	-1.61192e-06	1.962610e-02	
365	3.474482e-02	1.599555e-06	1.968642e-02	
366	3.484482e-02	-1.60793e-06	1.973237e-02	
367	3.494482e-02	1.603542e-06	1.975109e-02	
368	3.504482e-02	-1.60394e-06	1.975537e-02	
369	3.514482e-02	1.607529e-06	1.973239e-02	
370	3.524482e-02	-1.59996e-06	1.969500e-02	
371	3.534482e-02	1.611516e-06	1.963040e-02	
372	3.544482e-02	-1.59597e-06	1.955149e-02	
373	3.554482e-02	1.615503e-06	1.944552e-02	
374	3.564482e-02	-1.59198e-06	1.932542e-02	
375	3.574482e-02	1.619489e-06	1.917849e-02	
376	3.584482e-02	-1.58800e-06	1.901770e-02	
377	3.594482e-02	1.623476e-06	1.883037e-02	
378	3.604482e-02	-1.58401e-06	1.862955e-02	
379	3.614482e-02	1.627464e-06	1.840257e-02	
380	3.624482e-02	-1.58002e-06	1.816252e-02	
381	3.634482e-02	1.631456e-06	1.789679e-02	
382	3.644482e-02	-1.57602e-06	1.761849e-02	
383	3.654482e-02	1.635454e-06	1.731506e-02	
384	3.664482e-02	-1.57202e-06	1.699964e-02	
385	3.674482e-02	1.639464e-06	1.665971e-02	
386	3.684482e-02	-1.56800e-06	1.630845e-02	
387	3.694482e-02	1.643492e-06	1.593338e-02	
388	3.704482e-02	-1.56396e-06	1.554770e-02	
389	3.714482e-02	1.647548e-06	1.513897e-02	
390	3.724482e-02	-1.55989e-06	1.472045e-02	
391	3.734482e-02	1.651644e-06	1.427971e-02	
392	3.744482e-02	-1.55576e-06	1.383004e-02	
393	3.754482e-02	1.655800e-06	1.335906e-02	
394	3.764482e-02	-1.55157e-06	1.288008e-02	
395	3.774482e-02	1.660037e-06	1.238077e-02	
396	3.784482e-02	-1.54728e-06	1.187446e-02	
397	3.794482e-02	1.664392e-06	1.134883e-02	
398	3.804482e-02	-1.54285e-06	1.081728e-02	
399	3.814482e-02	1.668908e-06	1.026752e-02	
400	3.824482e-02	-1.53823e-06	9.712949e-03	
401	3.834482e-02	1.673654e-06	9.141330e-03	
402	3.844482e-02	-1.53334e-06	8.566106e-03	

Index   time            i(vd1)          i(vd2)          
--------------------------------------------------------------------------------
403	3.854482e-02	1.678723e-06	7.975069e-03	
404	3.864482e-02	-1.52806e-06	7.381705e-03	
405	3.874482e-02	1.684258e-06	6.773855e-03	
406	3.884482e-02	-1.52221e-06	6.165067e-03	
407	3.894482e-02	1.690483e-06	5.543254e-03	
408	3.904482e-02	-1.51551e-06	4.922064e-03	
409	3.914482e-02	1.697766e-06	4.289556e-03	
410	3.924482e-02	-1.50749e-06	3.659595e-03	
411	3.934482e-02	1.706755e-06	3.020598e-03	
412	3.944482e-02	-1.49724e-06	2.387079e-03	
413	3.954482e-02	1.718646e-06	1.748778e-03	
414	3.964482e-02	-1.48326e-06	1.123390e-03	
415	3.974482e-02	1.733917e-06	5.139061e-04	
416	3.984482e-02	-1.48433e-06	3.375912e-05	
417	3.990900e-02	1.649519e-06	8.059677e-06	
418	3.995157e-02	-1.47378e-06	-8.05745e-06	
419	3.999346e-02	1.633429e-06	7.867600e-06	
420	4.005137e-02	-1.43503e-06	-8.03182e-06	
421	4.015137e-02	3.437378e-05	7.859102e-06	
422	4.024520e-02	4.731455e-04	-8.10332e-06	
423	4.033820e-02	1.012917e-03	7.851139e-06	
424	4.043820e-02	1.653632e-03	-8.08906e-06	
425	4.053820e-02	2.270573e-03	7.865401e-06	
426	4.063820e-02	2.923196e-03	-8.07712e-06	
427	4.073820e-02	3.543437e-03	7.875874e-06	
428	4.083820e-02	4.192931e-03	-8.06790e-06	
429	4.093820e-02	4.806918e-03	7.884034e-06	
430	4.103820e-02	5.448040e-03	-8.06051e-06	
431	4.113820e-02	6.051674e-03	7.890808e-06	
432	4.123820e-02	6.680713e-03	-8.05421e-06	
433	4.133820e-02	7.270658e-03	7.896704e-06	
434	4.143820e-02	7.884537e-03	-8.04863e-06	
435	4.153820e-02	8.457912e-03	7.902018e-06	
436	4.163820e-02	9.053888e-03	-8.04353e-06	
437	4.173820e-02	9.608065e-03	7.906934e-06	
438	4.183820e-02	1.018360e-02	-8.03876e-06	
439	4.193820e-02	1.071613e-02	7.911571e-06	
440	4.203820e-02	1.126886e-02	-8.03423e-06	
441	4.213820e-02	1.177743e-02	7.916010e-06	
442	4.223820e-02	1.230510e-02	-8.02986e-06	
443	4.233820e-02	1.278756e-02	7.920308e-06	
444	4.243820e-02	1.328807e-02	-8.02562e-06	
445	4.253820e-02	1.374236e-02	7.924506e-06	
446	4.263820e-02	1.421373e-02	-8.02146e-06	
447	4.273820e-02	1.463793e-02	7.928631e-06	
448	4.283820e-02	1.507831e-02	-8.01736e-06	
449	4.293820e-02	1.547065e-02	7.932707e-06	
450	4.303820e-02	1.587832e-02	-8.01330e-06	
451	4.313820e-02	1.623714e-02	7.936748e-06	
452	4.323820e-02	1.661053e-02	-8.00927e-06	
453	4.333820e-02	1.693433e-02	7.940765e-06	
454	4.343820e-02	1.727199e-02	-8.00526e-06	
455	4.353820e-02	1.755940e-02	7.944768e-06	
456	4.363820e-02	1.786004e-02	-8.00126e-06	
457	4.373820e-02	1.810984e-02	7.948761e-06	
458	4.383820e-02	1.837233e-02	-7.99727e-06	
459	4.393820e-02	1.858346e-02	7.952750e-06	
460	4.403820e-02	1.880680e-02	-7.99328e-06	

Index   time            i(vd1)          i(vd2)          
--------------------------------------------------------------------------------
461	4.413820e-02	1.897835e-02	7.956736e-06	
462	4.423820e-02	1.916172e-02	-7.98929e-06	
463	4.433820e-02	1.929294e-02	7.960721e-06	
464	4.443820e-02	1.943566e-02	-7.98531e-06	
465	4.453820e-02	1.952596e-02	7.964707e-06	
466	4.463820e-02	1.962752e-02	-7.98132e-06	
467	4.473820e-02	1.967648e-02	7.968693e-06	
468	4.483820e-02	1.973656e-02	-7.97733e-06	
469	4.493820e-02	1.974391e-02	7.972680e-06	
470	4.503820e-02	1.976232e-02	-7.97335e-06	
471	4.513820e-02	1.972798e-02	7.976667e-06	
472	4.523820e-02	1.970470e-02	-7.96936e-06	
473	4.533820e-02	1.962873e-02	7.980653e-06	
474	4.543820e-02	1.956393e-02	-7.96537e-06	
475	4.553820e-02	1.944659e-02	7.984640e-06	
476	4.563820e-02	1.934059e-02	-7.96138e-06	
477	4.573820e-02	1.918226e-02	7.988626e-06	
478	4.583820e-02	1.903555e-02	-7.95740e-06	
479	4.593820e-02	1.883682e-02	7.992612e-06	
480	4.603820e-02	1.865004e-02	-7.95341e-06	
481	4.613820e-02	1.841163e-02	7.996600e-06	
482	4.623820e-02	1.818560e-02	-7.94942e-06	
483	4.633820e-02	1.790840e-02	8.000591e-06	
484	4.643820e-02	1.764408e-02	-7.94542e-06	
485	4.653820e-02	1.732915e-02	8.004589e-06	
486	4.663820e-02	1.702767e-02	-7.94142e-06	
487	4.673820e-02	1.667619e-02	8.008597e-06	
488	4.683820e-02	1.633883e-02	-7.93740e-06	
489	4.693820e-02	1.595216e-02	8.012624e-06	
490	4.703820e-02	1.558033e-02	-7.93336e-06	
491	4.713820e-02	1.515996e-02	8.016678e-06	
492	4.723820e-02	1.475523e-02	-7.92929e-06	
493	4.733820e-02	1.430279e-02	8.020773e-06	
494	4.743820e-02	1.386686e-02	-7.92517e-06	
495	4.753820e-02	1.338411e-02	8.024925e-06	
496	4.763820e-02	1.291882e-02	-7.92097e-06	
497	4.773820e-02	1.240767e-02	8.029160e-06	
498	4.783820e-02	1.191497e-02	-7.91669e-06	
499	4.793820e-02	1.137745e-02	8.033509e-06	
500	4.803820e-02	1.085943e-02	-7.91226e-06	
501	4.813820e-02	1.029769e-02	8.038019e-06	
502	4.823820e-02	9.756586e-03	-7.90765e-06	
503	4.833820e-02	9.172915e-03	8.042755e-06	
504	4.843820e-02	8.611073e-03	-7.90277e-06	
505	4.853820e-02	8.007901e-03	8.047810e-06	
506	4.863820e-02	7.427833e-03	-7.89750e-06	
507	4.873820e-02	6.807758e-03	8.053327e-06	
508	4.883820e-02	6.212172e-03	-7.89168e-06	
509	4.893820e-02	5.578034e-03	8.059523e-06	
510	4.903820e-02	4.969939e-03	-7.88501e-06	
511	4.913820e-02	4.324988e-03	8.066762e-06	
512	4.923820e-02	3.707985e-03	-7.87704e-06	
513	4.933820e-02	3.056378e-03	8.075679e-06	
514	4.943820e-02	2.435594e-03	-7.86689e-06	
515	4.953820e-02	1.784335e-03	8.087446e-06	
516	4.963820e-02	1.171010e-03	-7.85305e-06	
517	4.973820e-02	5.463329e-04	8.102730e-06	
518	4.983820e-02	5.839919e-05	-7.85036e-06	

Index   time            i(vd1)          i(vd2)          
--------------------------------------------------------------------------------
519	4.988764e-02	-6.41772e-07	8.025741e-06	
520	4.991409e-02	1.696434e-06	-7.85306e-06	
521	4.992906e-02	-1.78241e-06	7.996035e-06	
522	4.994317e-02	1.651168e-06	-7.80891e-06	
523	4.997138e-02	-1.84045e-06	7.966479e-06	
524	5.002782e-02	1.669688e-06	-7.78338e-06	
525	5.012782e-02	-1.83801e-06	1.401784e-05	
526	5.019893e-02	1.621754e-06	2.151365e-04	
527	5.026554e-02	-1.87872e-06	5.847660e-04	
528	5.036554e-02	1.629938e-06	1.188398e-03	
529	5.046554e-02	-1.86384e-06	1.820336e-03	
530	5.056554e-02	1.643671e-06	2.450973e-03	
531	5.066554e-02	-1.85236e-06	3.091148e-03	
532	5.076554e-02	1.653763e-06	3.723183e-03	
533	5.086554e-02	-1.84348e-06	4.359397e-03	
534	5.096554e-02	1.661704e-06	4.984599e-03	
535	5.106554e-02	-1.83627e-06	5.611855e-03	
536	5.116554e-02	1.668342e-06	6.226222e-03	
537	5.126554e-02	-1.83010e-06	6.840933e-03	
538	5.136554e-02	1.674150e-06	7.441207e-03	
539	5.146554e-02	-1.82460e-06	8.040360e-03	
540	5.156554e-02	1.679404e-06	8.623697e-03	
541	5.166554e-02	-1.81955e-06	9.204586e-03	
542	5.176554e-02	1.684277e-06	9.768384e-03	
543	5.186554e-02	-1.81482e-06	1.032850e-02	
544	5.196554e-02	1.688885e-06	1.087033e-02	
545	5.206554e-02	-1.81032e-06	1.140731e-02	
546	5.216554e-02	1.693303e-06	1.192489e-02	
547	5.226554e-02	-1.80597e-06	1.243652e-02	
548	5.236554e-02	1.697586e-06	1.292769e-02	
549	5.246554e-02	-1.80174e-06	1.341188e-02	
550	5.256554e-02	1.701773e-06	1.387461e-02	
551	5.266554e-02	-1.79759e-06	1.432940e-02	
552	5.276554e-02	1.705891e-06	1.476180e-02	
553	5.286554e-02	-1.79350e-06	1.518536e-02	
554	5.296554e-02	1.709961e-06	1.558565e-02	
555	5.306554e-02	-1.78945e-06	1.597628e-02	
556	5.316554e-02	1.713999e-06	1.634285e-02	
557	5.326554e-02	-1.78542e-06	1.669898e-02	
558	5.336554e-02	1.718014e-06	1.703033e-02	
559	5.346554e-02	-1.78141e-06	1.735056e-02	
560	5.356554e-02	1.722016e-06	1.764534e-02	
561	5.366554e-02	-1.77742e-06	1.792838e-02	
562	5.376554e-02	1.726009e-06	1.818540e-02	
563	5.386554e-02	-1.77343e-06	1.843015e-02	
564	5.396554e-02	1.729997e-06	1.864836e-02	
565	5.406554e-02	-1.76944e-06	1.885384e-02	
566	5.416554e-02	1.733984e-06	1.903236e-02	
567	5.426554e-02	-1.76545e-06	1.919776e-02	
568	5.436554e-02	1.737970e-06	1.933586e-02	
569	5.446554e-02	-1.76147e-06	1.946053e-02	
570	5.456554e-02	1.741956e-06	1.955765e-02	
571	5.466554e-02	-1.75748e-06	1.964111e-02	
572	5.476554e-02	1.745942e-06	1.969684e-02	
573	5.486554e-02	-1.75349e-06	1.973878e-02	
574	5.496554e-02	1.749930e-06	1.975288e-02	
575	5.506554e-02	-1.74951e-06	1.975313e-02	
576	5.516554e-02	1.753917e-06	1.972554e-02	

Index   time            i(vd1)          i(vd2)          
--------------------------------------------------------------------------------
577	5.526554e-02	-1.74552e-06	1.968413e-02	
578	5.536554e-02	1.757904e-06	1.961493e-02	
579	5.546554e-02	-1.74153e-06	1.953203e-02	
580	5.556554e-02	1.761891e-06	1.942150e-02	
581	5.566554e-02	-1.73754e-06	1.929745e-02	
582	5.576554e-02	1.765877e-06	1.914601e-02	
583	5.586554e-02	-1.73356e-06	1.898133e-02	
584	5.596554e-02	1.769864e-06	1.878957e-02	
585	5.606554e-02	-1.72957e-06	1.858493e-02	
586	5.616554e-02	1.773852e-06	1.835361e-02	
587	5.626554e-02	-1.72558e-06	1.810983e-02	
588	5.636554e-02	1.777844e-06	1.783986e-02	
589	5.646554e-02	-1.72158e-06	1.755795e-02	
590	5.656554e-02	1.781843e-06	1.725038e-02	
591	5.666554e-02	-1.71758e-06	1.693148e-02	
592	5.676554e-02	1.785855e-06	1.658755e-02	
593	5.686554e-02	-1.71356e-06	1.623295e-02	
594	5.696554e-02	1.789885e-06	1.585402e-02	
595	5.706554e-02	-1.70952e-06	1.546515e-02	
596	5.716554e-02	1.793945e-06	1.505274e-02	
597	5.726554e-02	-1.70544e-06	1.463120e-02	
598	5.736554e-02	1.798046e-06	1.418695e-02	
599	5.746554e-02	-1.70131e-06	1.373445e-02	
600	5.756554e-02	1.802209e-06	1.326015e-02	
601	5.766554e-02	-1.69711e-06	1.277854e-02	
602	5.776554e-02	1.806457e-06	1.227611e-02	
603	5.786554e-02	-1.69280e-06	1.176737e-02	
604	5.796554e-02	1.810826e-06	1.123886e-02	
605	5.806554e-02	-1.68836e-06	1.070511e-02	
606	5.816554e-02	1.815363e-06	1.015268e-02	
607	5.826554e-02	-1.68371e-06	9.596147e-03	
608	5.836554e-02	1.820136e-06	9.022108e-03	
609	5.846554e-02	-1.67878e-06	8.445177e-03	
610	5.856554e-02	1.825246e-06	7.851981e-03	
611	5.866554e-02	-1.67345e-06	7.257181e-03	
612	5.876554e-02	1.830840e-06	6.647455e-03	
613	5.886554e-02	-1.66754e-06	6.037526e-03	
614	5.896554e-02	1.837155e-06	5.414151e-03	
615	5.906554e-02	-1.66073e-06	4.792161e-03	
616	5.916554e-02	1.844577e-06	4.158468e-03	
617	5.926554e-02	-1.65252e-06	3.528143e-03	
618	5.936554e-02	1.853799e-06	2.888502e-03	
619	5.946554e-02	-1.64197e-06	2.255358e-03	
620	5.956554e-02	1.866090e-06	1.617588e-03	
621	5.966554e-02	-1.62752e-06	9.949316e-04	
622	5.976554e-02	1.881052e-06	3.946433e-04	
623	5.986554e-02	-1.64611e-06	3.768003e-06	
624	5.991918e-02	1.802843e-06	5.750983e-06	
625	5.995068e-02	-1.62577e-06	-5.85451e-06	
626	5.998106e-02	1.783358e-06	5.661914e-06	
627	6.004182e-02	-1.59454e-06	-5.83002e-06	
628	6.014182e-02	1.941448e-05	5.660397e-06	
629	6.024182e-02	4.519510e-04	-5.89956e-06	
630	6.033564e-02	9.989005e-04	5.647162e-06	
631	6.043564e-02	1.635238e-03	-5.88555e-06	
632	6.053564e-02	2.256569e-03	5.661535e-06	
633	6.063564e-02	2.904736e-03	-5.87354e-06	
634	6.073564e-02	3.529426e-03	5.672041e-06	

Index   time            i(vd1)          i(vd2)          
--------------------------------------------------------------------------------
635	6.083564e-02	4.174583e-03	-5.86429e-06	
636	6.093564e-02	4.793091e-03	5.680222e-06	
637	6.103564e-02	5.429933e-03	-5.85687e-06	
638	6.113564e-02	6.038133e-03	5.687009e-06	
639	6.123564e-02	6.662936e-03	-5.85056e-06	
640	6.133564e-02	7.257485e-03	5.692913e-06	
641	6.143564e-02	7.867166e-03	-5.84497e-06	
642	6.153564e-02	8.445179e-03	5.698234e-06	
643	6.163564e-02	9.036991e-03	-5.83987e-06	
644	6.173564e-02	9.595837e-03	5.703153e-06	
645	6.183564e-02	1.016724e-02	-5.83510e-06	
646	6.193564e-02	1.070447e-02	5.707793e-06	
647	6.203564e-02	1.125309e-02	-5.83056e-06	
648	6.213564e-02	1.176640e-02	5.712235e-06	
649	6.223564e-02	1.228999e-02	-5.82620e-06	
650	6.233564e-02	1.277720e-02	5.716534e-06	
651	6.243564e-02	1.327367e-02	-5.82195e-06	
652	6.253564e-02	1.373273e-02	5.720733e-06	
653	6.263564e-02	1.420008e-02	-5.81779e-06	
654	6.273564e-02	1.462909e-02	5.724860e-06	
655	6.283564e-02	1.506546e-02	-5.81369e-06	
656	6.293564e-02	1.546263e-02	5.728936e-06	
657	6.303564e-02	1.586632e-02	-5.80963e-06	
658	6.313564e-02	1.622999e-02	5.732977e-06	
659	6.323564e-02	1.659941e-02	-5.80560e-06	
660	6.333564e-02	1.692808e-02	5.736995e-06	
661	6.343564e-02	1.726179e-02	-5.80159e-06	
662	6.353564e-02	1.755408e-02	5.740998e-06	
663	6.363564e-02	1.785080e-02	-5.79759e-06	
664	6.373564e-02	1.810550e-02	5.744991e-06	
665	6.383564e-02	1.836407e-02	-5.79360e-06	
666	6.393564e-02	1.858011e-02	5.748980e-06	
667	6.403564e-02	1.879955e-02	-5.78961e-06	
668	6.413564e-02	1.897602e-02	5.752966e-06	
669	6.423564e-02	1.915549e-02	-5.78563e-06	
670	6.433564e-02	1.929164e-02	5.756952e-06	
671	6.443564e-02	1.943047e-02	-5.78164e-06	
672	6.453564e-02	1.952570e-02	5.760938e-06	
673	6.463564e-02	1.962339e-02	-5.77765e-06	
674	6.473564e-02	1.967729e-02	5.764924e-06	
675	6.483564e-02	1.973349e-02	-5.77367e-06	
676	6.493564e-02	1.974578e-02	5.768911e-06	
677	6.503564e-02	1.976031e-02	-5.76968e-06	
678	6.513564e-02	1.973091e-02	5.772898e-06	
679	6.523564e-02	1.970375e-02	-5.76569e-06	
680	6.533564e-02	1.963273e-02	5.776885e-06	
681	6.543564e-02	1.956405e-02	-5.76170e-06	
682	6.553564e-02	1.945164e-02	5.780871e-06	
683	6.563564e-02	1.934175e-02	-5.75772e-06	
684	6.573564e-02	1.918836e-02	5.784858e-06	
685	6.583564e-02	1.903775e-02	-5.75373e-06	
686	6.593564e-02	1.884394e-02	5.788844e-06	
687	6.603564e-02	1.865326e-02	-5.74974e-06	
688	6.613564e-02	1.841976e-02	5.792832e-06	
689	6.623564e-02	1.818981e-02	-5.74575e-06	
690	6.633564e-02	1.791751e-02	5.796823e-06	
691	6.643564e-02	1.764927e-02	-5.74176e-06	
692	6.653564e-02	1.733922e-02	5.800820e-06	

Index   time            i(vd1)          i(vd2)          
--------------------------------------------------------------------------------
693	6.663564e-02	1.703380e-02	-5.73775e-06	
694	6.673564e-02	1.668719e-02	5.804829e-06	
695	6.683564e-02	1.634587e-02	-5.73374e-06	
696	6.693564e-02	1.596405e-02	5.808856e-06	
697	6.703564e-02	1.558824e-02	-5.72970e-06	
698	6.713564e-02	1.517270e-02	5.812910e-06	
699	6.723564e-02	1.476397e-02	-5.72562e-06	
700	6.733564e-02	1.431633e-02	5.817004e-06	
701	6.743564e-02	1.387638e-02	-5.72150e-06	
702	6.753564e-02	1.339842e-02	5.821156e-06	
703	6.763564e-02	1.292908e-02	-5.71731e-06	
704	6.773564e-02	1.242269e-02	5.825389e-06	
705	6.783564e-02	1.192592e-02	-5.71303e-06	
706	6.793564e-02	1.139313e-02	5.829737e-06	
707	6.803564e-02	1.087101e-02	-5.70860e-06	
708	6.813564e-02	1.031398e-02	5.834244e-06	
709	6.823564e-02	9.768745e-03	-5.70399e-06	
710	6.833564e-02	9.189746e-03	5.838977e-06	
711	6.843564e-02	8.623747e-03	-5.69911e-06	
712	6.853564e-02	8.025214e-03	5.844028e-06	
713	6.863564e-02	7.440955e-03	-5.69385e-06	
714	6.873564e-02	6.825486e-03	5.849537e-06	
715	6.883564e-02	6.225672e-03	-5.68804e-06	
716	6.893564e-02	5.596103e-03	5.855724e-06	
717	6.903564e-02	4.983739e-03	-5.68139e-06	
718	6.913564e-02	4.343310e-03	5.862946e-06	
719	6.923564e-02	3.721986e-03	-5.67344e-06	
720	6.933564e-02	3.074838e-03	5.871836e-06	
721	6.943564e-02	2.449648e-03	-5.66332e-06	
722	6.953564e-02	1.802717e-03	5.883557e-06	
723	6.963564e-02	1.184736e-03	-5.64954e-06	
724	6.973564e-02	5.635796e-04	5.898838e-06	
725	6.983564e-02	6.427070e-05	-5.64562e-06	
726	6.989307e-02	1.742628e-06	5.821507e-06	
727	6.991214e-02	-1.11489e-06	-5.64281e-06	
728	6.992479e-02	1.046317e-06	5.779340e-06	
729	6.993671e-02	-1.15072e-06	-5.58661e-06	
730	6.996055e-02	9.638305e-07	5.739668e-06	
731	6.999814e-02	-1.13420e-06	-5.55795e-06	
732	7.007331e-02	9.592430e-07	5.790027e-06	
733	7.013853e-02	-1.12012e-06	1.121300e-05	
734	7.023853e-02	8.804498e-07	4.284898e-04	
735	7.033115e-02	-1.13280e-06	9.775007e-04	
736	7.043115e-02	8.935834e-07	1.600395e-03	
737	7.053115e-02	-1.11812e-06	2.234674e-03	
738	7.063115e-02	9.055713e-07	2.869472e-03	
739	7.073115e-02	-1.10747e-06	3.507566e-03	
740	7.083115e-02	9.148056e-07	4.139502e-03	
741	7.093115e-02	-1.09920e-06	4.771600e-03	
742	7.103115e-02	9.222130e-07	5.395236e-03	
743	7.113115e-02	-1.09236e-06	6.017170e-03	
744	7.123115e-02	9.285191e-07	6.628795e-03	
745	7.133115e-02	-1.08642e-06	7.237183e-03	
746	7.143115e-02	9.341091e-07	7.833724e-03	
747	7.153115e-02	-1.08108e-06	8.425658e-03	
748	7.163115e-02	9.392157e-07	9.004371e-03	
749	7.173115e-02	-1.07614e-06	9.577210e-03	
750	7.183115e-02	9.439873e-07	1.013556e-02	

Index   time            i(vd1)          i(vd2)          
--------------------------------------------------------------------------------
751	7.193115e-02	-1.07150e-06	1.068684e-02	
752	7.203115e-02	9.485226e-07	1.122246e-02	
753	7.213115e-02	-1.06705e-06	1.174987e-02	
754	7.223115e-02	9.528896e-07	1.226050e-02	
755	7.233115e-02	-1.06274e-06	1.276187e-02	
756	7.243115e-02	9.571365e-07	1.324541e-02	
757	7.253115e-02	-1.05854e-06	1.371869e-02	
758	7.263115e-02	9.612974e-07	1.417315e-02	
759	7.273115e-02	-1.05441e-06	1.461641e-02	
760	7.283115e-02	9.653978e-07	1.503995e-02	
761	7.293115e-02	-1.05033e-06	1.545140e-02	
762	7.303115e-02	9.694557e-07	1.584229e-02	
763	7.313115e-02	-1.04629e-06	1.622028e-02	
764	7.323115e-02	9.734848e-07	1.657694e-02	
765	7.333115e-02	-1.04227e-06	1.691996e-02	
766	7.343115e-02	9.774950e-07	1.724094e-02	
767	7.353115e-02	-1.03827e-06	1.754761e-02	
768	7.363115e-02	9.814929e-07	1.783162e-02	
769	7.373115e-02	-1.03427e-06	1.810073e-02	
770	7.383115e-02	9.854841e-07	1.834661e-02	
771	7.393115e-02	-1.03028e-06	1.857709e-02	
772	7.403115e-02	9.894716e-07	1.878386e-02	
773	7.413115e-02	-1.02630e-06	1.897478e-02	
774	7.423115e-02	9.934575e-07	1.914160e-02	
775	7.433115e-02	-1.02231e-06	1.929222e-02	
776	7.443115e-02	9.974435e-07	1.941841e-02	
777	7.453115e-02	-1.01833e-06	1.952813e-02	
778	7.463115e-02	1.001430e-06	1.961319e-02	
779	7.473115e-02	-1.01434e-06	1.968157e-02	
780	7.483115e-02	1.005417e-06	1.972515e-02	
781	7.493115e-02	-1.01035e-06	1.975194e-02	
782	7.503115e-02	1.009404e-06	1.975384e-02	
783	7.513115e-02	-1.00636e-06	1.973894e-02	
784	7.523115e-02	1.013391e-06	1.969916e-02	
785	7.533115e-02	-1.00238e-06	1.964262e-02	
786	7.543115e-02	1.017379e-06	1.956132e-02	
787	7.553115e-02	-9.98390e-07	1.946339e-02	
788	7.563115e-02	1.021365e-06	1.934087e-02	
789	7.573115e-02	-9.94403e-07	1.920194e-02	
790	7.583115e-02	1.025352e-06	1.903869e-02	
791	7.593115e-02	-9.90416e-07	1.885933e-02	
792	7.603115e-02	1.029339e-06	1.865599e-02	
793	7.613115e-02	-9.86428e-07	1.843692e-02	
794	7.623115e-02	1.033328e-06	1.819430e-02	
795	7.633115e-02	-9.82437e-07	1.793641e-02	
796	7.643115e-02	1.037322e-06	1.765546e-02	
797	7.653115e-02	-9.78439e-07	1.735980e-02	
798	7.663115e-02	1.041325e-06	1.704165e-02	
799	7.673115e-02	-9.74430e-07	1.670940e-02	
800	7.683115e-02	1.045342e-06	1.635532e-02	
801	7.693115e-02	-9.70403e-07	1.598782e-02	
802	7.703115e-02	1.049380e-06	1.559922e-02	
803	7.713115e-02	-9.66349e-07	1.519797e-02	
804	7.723115e-02	1.053452e-06	1.477641e-02	
805	7.733115e-02	-9.62256e-07	1.434303e-02	
806	7.743115e-02	1.057571e-06	1.389021e-02	
807	7.753115e-02	-9.58105e-07	1.342646e-02	
808	7.763115e-02	1.061759e-06	1.294420e-02	

Index   time            i(vd1)          i(vd2)          
--------------------------------------------------------------------------------
809	7.773115e-02	-9.53874e-07	1.245198e-02	
810	7.783115e-02	1.066042e-06	1.194225e-02	
811	7.793115e-02	-9.49528e-07	1.142359e-02	
812	7.803115e-02	1.070460e-06	1.088846e-02	
813	7.813115e-02	-9.45024e-07	1.034550e-02	
814	7.823115e-02	1.075066e-06	9.787205e-03	
815	7.833115e-02	-9.40297e-07	9.222231e-03	
816	7.843115e-02	1.079937e-06	8.643114e-03	
817	7.853115e-02	-9.35254e-07	8.058549e-03	
818	7.863115e-02	1.085186e-06	7.461114e-03	
819	7.873115e-02	-9.29756e-07	6.859553e-03	
820	7.883115e-02	1.090985e-06	6.246500e-03	
821	7.893115e-02	-9.23588e-07	5.630770e-03	
822	7.903115e-02	1.097610e-06	5.005095e-03	
823	7.913115e-02	-9.16394e-07	4.378426e-03	
824	7.923115e-02	1.105525e-06	3.743700e-03	
825	7.933115e-02	-9.07551e-07	3.110201e-03	
826	7.943115e-02	1.115576e-06	2.471460e-03	
827	7.953115e-02	-8.95911e-07	1.837952e-03	
828	7.963115e-02	1.129255e-06	1.205993e-03	
829	7.973115e-02	-8.80643e-07	5.969109e-04	
830	7.983115e-02	1.135099e-06	7.288069e-05	
831	7.991330e-02	-9.60600e-07	1.019547e-05	
832	7.997061e-02	1.134969e-06	-1.02474e-05	
833	8.002755e-02	-9.66412e-07	1.006272e-05	
834	8.009718e-02	1.707943e-06	-1.02225e-05	
835	8.016544e-02	7.018656e-05	1.003612e-05	
836	8.022876e-02	3.830658e-04	-1.02835e-05	
837	8.030677e-02	8.182540e-04	1.002840e-05	
838	8.040670e-02	1.457254e-03	-1.02711e-05	
839	8.050670e-02	2.069236e-03	1.004298e-05	
840	8.060670e-02	2.725057e-03	-1.02582e-05	
841	8.070670e-02	3.341064e-03	1.005385e-05	
842	8.080670e-02	3.995898e-03	-1.02487e-05	
843	8.090670e-02	4.606778e-03	1.006231e-05	
844	8.100670e-02	5.253875e-03	-1.02410e-05	
845	8.110670e-02	5.854996e-03	1.006927e-05	
846	8.120670e-02	6.490529e-03	-1.02346e-05	
847	8.130670e-02	7.078458e-03	1.007529e-05	
848	8.140670e-02	7.699282e-03	-1.02289e-05	
849	8.150670e-02	8.271079e-03	1.008068e-05	
850	8.160670e-02	8.874413e-03	-1.02238e-05	
851	8.170670e-02	9.427416e-03	1.008565e-05	
852	8.180670e-02	1.001070e-02	-1.02190e-05	
853	8.190670e-02	1.054243e-02	1.009033e-05	
854	8.200670e-02	1.110326e-02	-1.02144e-05	
855	8.210670e-02	1.161140e-02	1.009479e-05	
856	8.220670e-02	1.214752e-02	-1.02100e-05	
857	8.230670e-02	1.262986e-02	1.009911e-05	
858	8.240670e-02	1.313914e-02	-1.02057e-05	
859	8.250670e-02	1.359364e-02	1.010332e-05	
860	8.260670e-02	1.407408e-02	-1.02016e-05	
861	8.270670e-02	1.449879e-02	1.010746e-05	
862	8.280670e-02	1.494852e-02	-1.01975e-05	
863	8.290670e-02	1.534164e-02	1.011154e-05	
864	8.300670e-02	1.575893e-02	-1.01934e-05	
865	8.310670e-02	1.611877e-02	1.011558e-05	
866	8.320670e-02	1.650201e-02	-1.01894e-05	

Index   time            i(vd1)          i(vd2)          
--------------------------------------------------------------------------------
867	8.330670e-02	1.682707e-02	1.011961e-05	
868	8.340670e-02	1.717480e-02	-1.01854e-05	
869	8.350670e-02	1.746367e-02	1.012361e-05	
870	8.360670e-02	1.777458e-02	-1.01814e-05	
871	8.370670e-02	1.802602e-02	1.012760e-05	
872	8.380670e-02	1.829894e-02	-1.01774e-05	
873	8.390670e-02	1.851187e-02	1.013159e-05	
874	8.400670e-02	1.874579e-02	-1.01734e-05	
875	8.410670e-02	1.891927e-02	1.013558e-05	
876	8.420670e-02	1.911334e-02	-1.01694e-05	
877	8.430670e-02	1.924660e-02	1.013956e-05	
878	8.440670e-02	1.940011e-02	-1.01654e-05	
879	8.450670e-02	1.949253e-02	1.014355e-05	
880	8.460670e-02	1.960497e-02	-1.01614e-05	
881	8.470670e-02	1.965610e-02	1.014754e-05	
882	8.480670e-02	1.972708e-02	-1.01574e-05	
883	8.490670e-02	1.973664e-02	1.015152e-05	
884	8.500670e-02	1.976597e-02	-1.01534e-05	
885	8.510670e-02	1.973384e-02	1.015551e-05	
886	8.520670e-02	1.972148e-02	-1.01495e-05	
887	8.530670e-02	1.964770e-02	1.015950e-05	
888	8.540670e-02	1.959378e-02	-1.01455e-05	
889	8.550670e-02	1.947857e-02	1.016348e-05	
890	8.560670e-02	1.938339e-02	-1.01415e-05	
891	8.570670e-02	1.922712e-02	1.016747e-05	
892	8.580670e-02	1.909114e-02	-1.01375e-05	
893	8.590670e-02	1.889437e-02	1.017145e-05	
894	8.600670e-02	1.871821e-02	-1.01335e-05	
895	8.610670e-02	1.848163e-02	1.017544e-05	
896	8.620670e-02	1.826608e-02	-1.01295e-05	
897	8.630670e-02	1.799057e-02	1.017943e-05	
898	8.640670e-02	1.773657e-02	-1.01255e-05	
899	8.650670e-02	1.742315e-02	1.018343e-05	
900	8.660670e-02	1.713180e-02	-1.01215e-05	
901	8.670670e-02	1.678163e-02	1.018743e-05	
902	8.680670e-02	1.645419e-02	-1.01175e-05	
903	8.690670e-02	1.606861e-02	1.019146e-05	
904	8.700670e-02	1.570647e-02	-1.01135e-05	
905	8.710670e-02	1.528694e-02	1.019551e-05	
906	8.720670e-02	1.489164e-02	-1.01094e-05	
907	8.730670e-02	1.443978e-02	1.019959e-05	
908	8.740670e-02	1.401300e-02	-1.01053e-05	
909	8.750670e-02	1.353055e-02	1.020374e-05	
910	8.760670e-02	1.307411e-02	-1.01011e-05	
911	8.770670e-02	1.256294e-02	1.020795e-05	
912	8.780670e-02	1.207878e-02	-1.00968e-05	
913	8.790670e-02	1.154091e-02	1.021228e-05	
914	8.800670e-02	1.103110e-02	-1.00924e-05	
915	8.810670e-02	1.046867e-02	1.021676e-05	
916	8.820670e-02	9.935404e-03	-1.00879e-05	
917	8.830670e-02	9.350671e-03	1.022146e-05	
918	8.840670e-02	8.796291e-03	-1.00830e-05	
919	8.850670e-02	8.191664e-03	1.022646e-05	
920	8.860670e-02	7.618651e-03	-1.00778e-05	
921	8.870670e-02	6.996699e-03	1.023189e-05	
922	8.880670e-02	6.407725e-03	-1.00721e-05	
923	8.890670e-02	5.771242e-03	1.023796e-05	
924	8.900670e-02	5.169257e-03	-1.00656e-05	

Index   time            i(vd1)          i(vd2)          
--------------------------------------------------------------------------------
925	8.910670e-02	4.521408e-03	1.024500e-05	
926	8.920670e-02	3.909886e-03	-1.00579e-05	
927	8.930670e-02	3.254622e-03	1.025359e-05	
928	8.940670e-02	2.638319e-03	-1.00482e-05	
929	8.950670e-02	1.981899e-03	1.026480e-05	
930	8.960670e-02	1.370287e-03	-1.00350e-05	
931	8.970670e-02	7.322014e-04	1.027983e-05	
932	8.980670e-02	1.889444e-04	-1.00229e-05	
933	8.987363e-02	-7.85204e-06	1.023448e-05	
934	8.994494e-02	1.256492e-05	-1.00730e-05	
935	8.999922e-02	-1.27367e-05	1.024678e-05	
936	9.004824e-02	1.256172e-05	-1.00618e-05	
937	9.014626e-02	-1.27279e-05	3.680141e-05	
938	9.021652e-02	1.248909e-05	2.965274e-04	
939	9.028270e-02	-1.27448e-05	6.959000e-04	
940	9.038270e-02	1.249845e-05	1.283898e-03	
941	9.048270e-02	-1.27299e-05	1.939457e-03	
942	9.058270e-02	1.251176e-05	2.549574e-03	
943	9.068270e-02	-1.27186e-05	3.211079e-03	
944	9.078270e-02	1.252153e-05	3.821191e-03	
945	9.088270e-02	-1.27098e-05	4.478339e-03	
946	9.098270e-02	1.252928e-05	5.081179e-03	
947	9.108270e-02	-1.27027e-05	5.729101e-03	
948	9.118270e-02	1.253580e-05	6.320741e-03	
949	9.128270e-02	-1.26965e-05	6.955889e-03	
950	9.138270e-02	1.254153e-05	7.533143e-03	
951	9.148270e-02	-1.26911e-05	8.152520e-03	
952	9.158270e-02	1.254674e-05	8.712584e-03	
953	9.168270e-02	-1.26860e-05	9.313490e-03	
954	9.178270e-02	1.255158e-05	9.853788e-03	
955	9.188270e-02	-1.26813e-05	1.043372e-02	
956	9.198270e-02	1.255616e-05	1.095184e-02	
957	9.208270e-02	-1.26768e-05	1.150846e-02	
958	9.218270e-02	1.256056e-05	1.200213e-02	
959	9.228270e-02	-1.26725e-05	1.253321e-02	
960	9.238270e-02	1.256483e-05	1.300029e-02	
961	9.248270e-02	-1.26683e-05	1.350377e-02	
962	9.258270e-02	1.256901e-05	1.394224e-02	
963	9.268270e-02	-1.26641e-05	1.441615e-02	
964	9.278270e-02	1.257312e-05	1.482413e-02	
965	9.288270e-02	-1.26600e-05	1.526666e-02	
966	9.298270e-02	1.257719e-05	1.564239e-02	
967	9.308270e-02	-1.26560e-05	1.605185e-02	
968	9.318270e-02	1.258123e-05	1.639372e-02	
969	9.328270e-02	-1.26520e-05	1.676857e-02	
970	9.338270e-02	1.258524e-05	1.707510e-02	
971	9.348270e-02	-1.26480e-05	1.741391e-02	
972	9.358270e-02	1.258924e-05	1.768377e-02	
973	9.368270e-02	-1.26440e-05	1.798530e-02	
974	9.378270e-02	1.259323e-05	1.821730e-02	
975	9.388270e-02	-1.26400e-05	1.848044e-02	
976	9.398270e-02	1.259722e-05	1.867355e-02	
977	9.408270e-02	-1.26360e-05	1.889735e-02	
978	9.418270e-02	1.260120e-05	1.905070e-02	
979	9.428270e-02	-1.26320e-05	1.923436e-02	
980	9.438270e-02	1.260519e-05	1.934723e-02	
981	9.448270e-02	-1.26280e-05	1.949012e-02	
982	9.458270e-02	1.260917e-05	1.956197e-02	

Index   time            i(vd1)          i(vd2)          
--------------------------------------------------------------------------------
983	9.468270e-02	-1.26240e-05	1.966361e-02	
984	9.478270e-02	1.261316e-05	1.969405e-02	
985	9.488270e-02	-1.26200e-05	1.975414e-02	
986	9.498270e-02	1.261715e-05	1.974294e-02	
987	9.508270e-02	-1.26160e-05	1.976135e-02	
988	9.518270e-02	1.262113e-05	1.970845e-02	
989	9.528270e-02	-1.26120e-05	1.968520e-02	
990	9.538270e-02	1.262512e-05	1.959071e-02	
991	9.548270e-02	-1.26081e-05	1.952600e-02	
992	9.558270e-02	1.262910e-05	1.939021e-02	
993	9.568270e-02	-1.26041e-05	1.928439e-02	
994	9.578270e-02	1.263309e-05	1.910773e-02	
995	9.588270e-02	-1.26001e-05	1.896132e-02	
996	9.598270e-02	1.263708e-05	1.874441e-02	
997	9.608270e-02	-1.25961e-05	1.855811e-02	
998	9.618270e-02	1.264106e-05	1.830170e-02	
999	9.628270e-02	-1.25921e-05	1.807635e-02	
1000	9.638270e-02	1.264506e-05	1.778137e-02	
1001	9.648270e-02	-1.25881e-05	1.751797e-02	
1002	9.658270e-02	1.264906e-05	1.718551e-02	
1003	9.668270e-02	-1.25841e-05	1.688522e-02	
1004	9.678270e-02	1.265307e-05	1.651650e-02	
1005	9.688270e-02	-1.25801e-05	1.618063e-02	
1006	9.698270e-02	1.265710e-05	1.577704e-02	
1007	9.708270e-02	-1.25760e-05	1.540704e-02	
1008	9.718270e-02	1.266116e-05	1.497010e-02	
1009	9.728270e-02	-1.25720e-05	1.456756e-02	
1010	9.738270e-02	1.266527e-05	1.409893e-02	
1011	9.748270e-02	-1.25678e-05	1.366559e-02	
1012	9.758270e-02	1.266943e-05	1.316707e-02	
1013	9.768270e-02	-1.25636e-05	1.270479e-02	
1014	9.778270e-02	1.267369e-05	1.217830e-02	
1015	9.788270e-02	-1.25593e-05	1.168907e-02	
1016	9.798270e-02	1.267807e-05	1.113668e-02	
1017	9.808270e-02	-1.25548e-05	1.062262e-02	
1018	9.818270e-02	1.268262e-05	1.004651e-02	
1019	9.828270e-02	-1.25502e-05	9.509870e-03	
1020	9.838270e-02	1.268742e-05	8.912359e-03	
1021	9.848270e-02	-1.25452e-05	8.355525e-03	
1022	9.858270e-02	1.269256e-05	7.739073e-03	
1023	9.868270e-02	-1.25398e-05	7.164596e-03	
1024	9.878270e-02	1.269821e-05	6.531850e-03	
1025	9.888270e-02	-1.25339e-05	5.942492e-03	
1026	9.898270e-02	1.270460e-05	5.296361e-03	
1027	9.908270e-02	-1.25269e-05	4.695227e-03	
1028	9.918270e-02	1.271214e-05	4.039098e-03	
1029	9.928270e-02	-1.25186e-05	3.430005e-03	
1030	9.938270e-02	1.272157e-05	2.768398e-03	
1031	9.948270e-02	-1.25078e-05	2.157144e-03	
1032	9.958270e-02	1.273420e-05	1.498493e-03	
1033	9.968270e-02	-1.24931e-05	9.011093e-04	
1034	9.978270e-02	1.274869e-05	2.894815e-04	
1035	9.988270e-02	-1.25303e-05	1.093637e-05	
1036	9.998270e-02	1.269403e-05	-8.72904e-06	
1037	1.000000e-01	-1.25071e-05	8.563080e-06	
