
Circuit: bridge rectifier

                                bridge rectifier
                                Transient Analysis  Wed Jan 19 13:02:24  2022
--------------------------------------------------------------------------------
Index   time            v(2)            
--------------------------------------------------------------------------------
0	0.000000e+00	7.395349e-24	
1	1.000000e-06	-5.21325e-15	
2	2.000000e-06	2.963268e-07	
3	4.000000e-06	9.070842e-07	
4	8.000000e-06	1.552326e-06	
5	1.600000e-05	3.518656e-06	
6	3.200000e-05	7.791407e-06	
7	6.400000e-05	4.063895e-05	
8	1.094471e-04	1.505366e-03	
9	1.531389e-04	4.191509e-02	
10	1.969984e-04	2.092035e-01	
11	2.494797e-04	4.890268e-01	
12	3.494797e-04	1.090625e+00	
13	4.494797e-04	1.716727e+00	
14	5.494797e-04	2.351090e+00	
15	6.494797e-04	2.987171e+00	
16	7.494797e-04	3.622903e+00	
17	8.494797e-04	4.256150e+00	
18	9.494797e-04	4.885588e+00	
19	1.049480e-03	5.510196e+00	
20	1.149480e-03	6.129075e+00	
21	1.249480e-03	6.741405e+00	
22	1.349480e-03	7.346429e+00	
23	1.449480e-03	7.943432e+00	
24	1.549480e-03	8.531736e+00	
25	1.649480e-03	9.110685e+00	
26	1.749480e-03	9.679650e+00	
27	1.849480e-03	1.023802e+01	
28	1.949480e-03	1.078521e+01	
29	2.049480e-03	1.132063e+01	
30	2.149480e-03	1.184374e+01	
31	2.249480e-03	1.235399e+01	
32	2.349480e-03	1.285086e+01	
33	2.449480e-03	1.333383e+01	
34	2.549480e-03	1.380242e+01	
35	2.649480e-03	1.425614e+01	
36	2.749480e-03	1.469454e+01	
37	2.849480e-03	1.511718e+01	
38	2.949480e-03	1.552362e+01	
39	3.049480e-03	1.591345e+01	
40	3.149480e-03	1.628629e+01	
41	3.249480e-03	1.664175e+01	
42	3.349480e-03	1.697948e+01	
43	3.449480e-03	1.729914e+01	
44	3.549480e-03	1.760040e+01	
45	3.649480e-03	1.788298e+01	
46	3.749480e-03	1.814658e+01	
47	3.849480e-03	1.839093e+01	
48	3.949480e-03	1.861580e+01	
49	4.049480e-03	1.882096e+01	
50	4.149480e-03	1.900621e+01	
51	4.249480e-03	1.917135e+01	
52	4.349480e-03	1.931622e+01	
53	4.449480e-03	1.944069e+01	
54	4.549480e-03	1.954462e+01	

Index   time            v(2)            
--------------------------------------------------------------------------------
55	4.649480e-03	1.962791e+01	
56	4.749480e-03	1.969047e+01	
57	4.849480e-03	1.973225e+01	
58	4.949480e-03	1.975321e+01	
59	5.049480e-03	1.975331e+01	
60	5.149480e-03	1.973257e+01	
61	5.249480e-03	1.969100e+01	
62	5.349480e-03	1.962864e+01	
63	5.449480e-03	1.954556e+01	
64	5.549480e-03	1.944184e+01	
65	5.649480e-03	1.931758e+01	
66	5.749480e-03	1.917291e+01	
67	5.849480e-03	1.900797e+01	
68	5.949480e-03	1.882293e+01	
69	6.049480e-03	1.861797e+01	
70	6.149480e-03	1.839329e+01	
71	6.249480e-03	1.814913e+01	
72	6.349480e-03	1.788572e+01	
73	6.449480e-03	1.760334e+01	
74	6.549480e-03	1.730225e+01	
75	6.649480e-03	1.698277e+01	
76	6.749480e-03	1.664522e+01	
77	6.849480e-03	1.628993e+01	
78	6.949480e-03	1.591726e+01	
79	7.049480e-03	1.552759e+01	
80	7.149480e-03	1.512132e+01	
81	7.249480e-03	1.469884e+01	
82	7.349480e-03	1.426058e+01	
83	7.449480e-03	1.380700e+01	
84	7.549480e-03	1.333855e+01	
85	7.649480e-03	1.285571e+01	
86	7.749480e-03	1.235897e+01	
87	7.849480e-03	1.184884e+01	
88	7.949480e-03	1.132584e+01	
89	8.049480e-03	1.079052e+01	
90	8.149480e-03	1.024343e+01	
91	8.249480e-03	9.685143e+00	
92	8.349480e-03	9.116255e+00	
93	8.449480e-03	8.537373e+00	
94	8.549480e-03	7.949125e+00	
95	8.649480e-03	7.352163e+00	
96	8.749480e-03	6.747166e+00	
97	8.849480e-03	6.134846e+00	
98	8.949480e-03	5.515957e+00	
99	9.049480e-03	4.891313e+00	
100	9.149480e-03	4.261813e+00	
101	9.249480e-03	3.628494e+00	
102	9.349480e-03	2.992626e+00	
103	9.449480e-03	2.355913e+00	
104	9.549480e-03	1.720994e+00	
105	9.649480e-03	1.092909e+00	
106	9.749480e-03	4.885189e-01	
107	9.849480e-03	2.190684e-02	
108	9.916588e-03	1.010134e-02	
109	9.963076e-03	-1.00146e-02	
110	1.000843e-02	9.987373e-03	
111	1.008941e-02	-9.68249e-03	
112	1.017171e-02	1.016005e-01	

Index   time            v(2)            
--------------------------------------------------------------------------------
113	1.024778e-02	4.795159e-01	
114	1.034017e-02	1.032637e+00	
115	1.044017e-02	1.657883e+00	
116	1.054017e-02	2.291062e+00	
117	1.064017e-02	2.927657e+00	
118	1.074017e-02	3.563854e+00	
119	1.084017e-02	4.197296e+00	
120	1.094017e-02	4.827189e+00	
121	1.104017e-02	5.452235e+00	
122	1.114017e-02	6.071724e+00	
123	1.124017e-02	6.684664e+00	
124	1.134017e-02	7.290425e+00	
125	1.144017e-02	7.888184e+00	
126	1.154017e-02	8.477342e+00	
127	1.164017e-02	9.057176e+00	
128	1.174017e-02	9.627108e+00	
129	1.184017e-02	1.018648e+01	
130	1.194017e-02	1.073474e+01	
131	1.204017e-02	1.127128e+01	
132	1.214017e-02	1.179556e+01	
133	1.224017e-02	1.230703e+01	
134	1.234017e-02	1.280517e+01	
135	1.244017e-02	1.328945e+01	
136	1.254017e-02	1.375940e+01	
137	1.264017e-02	1.421453e+01	
138	1.274017e-02	1.465438e+01	
139	1.284017e-02	1.507850e+01	
140	1.294017e-02	1.548646e+01	
141	1.304017e-02	1.587786e+01	
142	1.314017e-02	1.625229e+01	
143	1.324017e-02	1.660939e+01	
144	1.334017e-02	1.694878e+01	
145	1.344017e-02	1.727014e+01	
146	1.354017e-02	1.757313e+01	
147	1.364017e-02	1.785746e+01	
148	1.374017e-02	1.812284e+01	
149	1.384017e-02	1.836900e+01	
150	1.394017e-02	1.859569e+01	
151	1.404017e-02	1.880269e+01	
152	1.414017e-02	1.898980e+01	
153	1.424017e-02	1.915682e+01	
154	1.434017e-02	1.930359e+01	
155	1.444017e-02	1.942996e+01	
156	1.454017e-02	1.953581e+01	
157	1.464017e-02	1.962102e+01	
158	1.474017e-02	1.968552e+01	
159	1.484017e-02	1.972924e+01	
160	1.494017e-02	1.975214e+01	
161	1.504017e-02	1.975418e+01	
162	1.514017e-02	1.973538e+01	
163	1.524017e-02	1.969575e+01	
164	1.534017e-02	1.963532e+01	
165	1.544017e-02	1.955417e+01	
166	1.554017e-02	1.945237e+01	
167	1.564017e-02	1.933002e+01	
168	1.574017e-02	1.918724e+01	
169	1.584017e-02	1.902418e+01	
170	1.594017e-02	1.884100e+01	

Index   time            v(2)            
--------------------------------------------------------------------------------
171	1.604017e-02	1.863789e+01	
172	1.614017e-02	1.841504e+01	
173	1.624017e-02	1.817268e+01	
174	1.634017e-02	1.791106e+01	
175	1.644017e-02	1.763043e+01	
176	1.654017e-02	1.733107e+01	
177	1.664017e-02	1.701329e+01	
178	1.674017e-02	1.667741e+01	
179	1.684017e-02	1.632376e+01	
180	1.694017e-02	1.595269e+01	
181	1.704017e-02	1.556459e+01	
182	1.714017e-02	1.515984e+01	
183	1.724017e-02	1.473885e+01	
184	1.734017e-02	1.430205e+01	
185	1.744017e-02	1.384988e+01	
186	1.754017e-02	1.338279e+01	
187	1.764017e-02	1.290127e+01	
188	1.774017e-02	1.240580e+01	
189	1.784017e-02	1.189689e+01	
190	1.794017e-02	1.137507e+01	
191	1.804017e-02	1.084087e+01	
192	1.814017e-02	1.029486e+01	
193	1.824017e-02	9.737590e+00	
194	1.834017e-02	9.169666e+00	
195	1.844017e-02	8.591686e+00	
196	1.854017e-02	8.004285e+00	
197	1.864017e-02	7.408105e+00	
198	1.874017e-02	6.803828e+00	
199	1.884017e-02	6.192157e+00	
200	1.894017e-02	5.573848e+00	
201	1.904017e-02	4.949702e+00	
202	1.914017e-02	4.320615e+00	
203	1.924017e-02	3.687601e+00	
204	1.934017e-02	3.051909e+00	
205	1.944017e-02	2.415182e+00	
206	1.954017e-02	1.779941e+00	
207	1.964017e-02	1.150871e+00	
208	1.974017e-02	5.428564e-01	
209	1.984017e-02	4.469444e-02	
210	1.988162e-02	7.311414e-03	
211	1.992235e-02	-5.21311e-03	
212	1.994990e-02	5.230560e-03	
213	1.997558e-02	-5.21936e-03	
214	2.002694e-02	5.210007e-03	
215	2.012694e-02	1.290159e-03	
216	2.022694e-02	3.646308e-01	
217	2.032694e-02	9.509112e-01	
218	2.042694e-02	1.574556e+00	
219	2.052694e-02	2.206687e+00	
220	2.062694e-02	2.843526e+00	
221	2.072694e-02	3.479762e+00	
222	2.082694e-02	4.113789e+00	
223	2.092694e-02	4.744086e+00	
224	2.102694e-02	5.369926e+00	
225	2.112694e-02	5.990123e+00	
226	2.122694e-02	6.604034e+00	
227	2.132694e-02	7.210739e+00	
228	2.142694e-02	7.809633e+00	

Index   time            v(2)            
--------------------------------------------------------------------------------
229	2.152694e-02	8.399937e+00	
230	2.162694e-02	8.981064e+00	
231	2.172694e-02	9.552322e+00	
232	2.182694e-02	1.011314e+01	
233	2.192694e-02	1.066289e+01	
234	2.202694e-02	1.120102e+01	
235	2.212694e-02	1.172695e+01	
236	2.222694e-02	1.224015e+01	
237	2.232694e-02	1.274007e+01	
238	2.242694e-02	1.322622e+01	
239	2.252694e-02	1.369809e+01	
240	2.262694e-02	1.415521e+01	
241	2.272694e-02	1.459710e+01	
242	2.282694e-02	1.502333e+01	
243	2.292694e-02	1.543345e+01	
244	2.302694e-02	1.582706e+01	
245	2.312694e-02	1.620376e+01	
246	2.322694e-02	1.656317e+01	
247	2.332694e-02	1.690493e+01	
248	2.342694e-02	1.722869e+01	
249	2.352694e-02	1.753413e+01	
250	2.362694e-02	1.782094e+01	
251	2.372694e-02	1.808884e+01	
252	2.382694e-02	1.833756e+01	
253	2.392694e-02	1.856684e+01	
254	2.402694e-02	1.877646e+01	
255	2.412694e-02	1.896621e+01	
256	2.422694e-02	1.913589e+01	
257	2.432694e-02	1.928535e+01	
258	2.442694e-02	1.941443e+01	
259	2.452694e-02	1.952299e+01	
260	2.462694e-02	1.961094e+01	
261	2.472694e-02	1.967818e+01	
262	2.482694e-02	1.972465e+01	
263	2.492694e-02	1.975030e+01	
264	2.502694e-02	1.975511e+01	
265	2.512694e-02	1.973906e+01	
266	2.522694e-02	1.970218e+01	
267	2.532694e-02	1.964451e+01	
268	2.542694e-02	1.956609e+01	
269	2.552694e-02	1.946701e+01	
270	2.562694e-02	1.934737e+01	
271	2.572694e-02	1.920729e+01	
272	2.582694e-02	1.904690e+01	
273	2.592694e-02	1.886638e+01	
274	2.602694e-02	1.866589e+01	
275	2.612694e-02	1.844564e+01	
276	2.622694e-02	1.820584e+01	
277	2.632694e-02	1.794675e+01	
278	2.642694e-02	1.766862e+01	
279	2.652694e-02	1.737172e+01	
280	2.662694e-02	1.705636e+01	
281	2.672694e-02	1.672285e+01	
282	2.682694e-02	1.637153e+01	
283	2.692694e-02	1.600275e+01	
284	2.702694e-02	1.561688e+01	
285	2.712694e-02	1.521431e+01	
286	2.722694e-02	1.479544e+01	

Index   time            v(2)            
--------------------------------------------------------------------------------
287	2.732694e-02	1.436071e+01	
288	2.742694e-02	1.391054e+01	
289	2.752694e-02	1.344540e+01	
290	2.762694e-02	1.296576e+01	
291	2.772694e-02	1.247210e+01	
292	2.782694e-02	1.196494e+01	
293	2.792694e-02	1.144480e+01	
294	2.802694e-02	1.091221e+01	
295	2.812694e-02	1.036772e+01	
296	2.822694e-02	9.811909e+00	
297	2.832694e-02	9.245359e+00	
298	2.842694e-02	8.668674e+00	
299	2.852694e-02	8.082481e+00	
300	2.862694e-02	7.487424e+00	
301	2.872694e-02	6.884178e+00	
302	2.882694e-02	6.273444e+00	
303	2.892694e-02	5.655967e+00	
304	2.902694e-02	5.032544e+00	
305	2.912694e-02	4.404055e+00	
306	2.922694e-02	3.771496e+00	
307	2.932694e-02	3.136074e+00	
308	2.942694e-02	2.499366e+00	
309	2.952694e-02	1.863730e+00	
310	2.962694e-02	1.233418e+00	
311	2.972694e-02	6.210177e-01	
312	2.982694e-02	8.980517e-02	
313	2.989777e-02	6.892308e-03	
314	2.992384e-02	-6.39317e-03	
315	2.994076e-02	6.380070e-03	
316	2.995670e-02	-6.34749e-03	
317	2.998860e-02	6.317745e-03	
318	3.005239e-02	-6.29056e-03	
319	3.015239e-02	4.217007e-02	
320	3.025239e-02	5.064503e-01	
321	3.034482e-02	1.061474e+00	
322	3.044482e-02	1.687469e+00	
323	3.054482e-02	2.320610e+00	
324	3.064482e-02	2.957336e+00	
325	3.074482e-02	3.593318e+00	
326	3.084482e-02	4.226725e+00	
327	3.094482e-02	4.856335e+00	
328	3.104482e-02	5.481205e+00	
329	3.114482e-02	6.100357e+00	
330	3.124482e-02	6.713019e+00	
331	3.134482e-02	7.318393e+00	
332	3.144482e-02	7.915791e+00	
333	3.154482e-02	8.504510e+00	
334	3.164482e-02	9.083913e+00	
335	3.174482e-02	9.653354e+00	
336	3.184482e-02	1.021223e+01	
337	3.194482e-02	1.075995e+01	
338	3.204482e-02	1.129594e+01	
339	3.214482e-02	1.181963e+01	
340	3.224482e-02	1.233050e+01	
341	3.234482e-02	1.282800e+01	
342	3.244482e-02	1.331163e+01	
343	3.254482e-02	1.378090e+01	
344	3.264482e-02	1.423533e+01	

Index   time            v(2)            
--------------------------------------------------------------------------------
345	3.274482e-02	1.467445e+01	
346	3.284482e-02	1.509783e+01	
347	3.294482e-02	1.550503e+01	
348	3.304482e-02	1.589565e+01	
349	3.314482e-02	1.626929e+01	
350	3.324482e-02	1.662557e+01	
351	3.334482e-02	1.696413e+01	
352	3.344482e-02	1.728464e+01	
353	3.354482e-02	1.758677e+01	
354	3.364482e-02	1.787022e+01	
355	3.374482e-02	1.813471e+01	
356	3.384482e-02	1.837997e+01	
357	3.394482e-02	1.860576e+01	
358	3.404482e-02	1.881184e+01	
359	3.414482e-02	1.899802e+01	
360	3.424482e-02	1.916410e+01	
361	3.434482e-02	1.930992e+01	
362	3.444482e-02	1.943534e+01	
363	3.454482e-02	1.954023e+01	
364	3.464482e-02	1.962448e+01	
365	3.474482e-02	1.968802e+01	
366	3.484482e-02	1.973077e+01	
367	3.494482e-02	1.975269e+01	
368	3.504482e-02	1.975377e+01	
369	3.514482e-02	1.973400e+01	
370	3.524482e-02	1.969340e+01	
371	3.534482e-02	1.963201e+01	
372	3.544482e-02	1.954989e+01	
373	3.554482e-02	1.944713e+01	
374	3.564482e-02	1.932383e+01	
375	3.574482e-02	1.918011e+01	
376	3.584482e-02	1.901611e+01	
377	3.594482e-02	1.883200e+01	
378	3.604482e-02	1.862796e+01	
379	3.614482e-02	1.840420e+01	
380	3.624482e-02	1.816094e+01	
381	3.634482e-02	1.789843e+01	
382	3.644482e-02	1.761692e+01	
383	3.654482e-02	1.731670e+01	
384	3.664482e-02	1.699807e+01	
385	3.674482e-02	1.666135e+01	
386	3.684482e-02	1.630688e+01	
387	3.694482e-02	1.593502e+01	
388	3.704482e-02	1.554613e+01	
389	3.714482e-02	1.514062e+01	
390	3.724482e-02	1.471889e+01	
391	3.734482e-02	1.428136e+01	
392	3.744482e-02	1.382848e+01	
393	3.754482e-02	1.336071e+01	
394	3.764482e-02	1.287853e+01	
395	3.774482e-02	1.238243e+01	
396	3.784482e-02	1.187291e+01	
397	3.794482e-02	1.135050e+01	
398	3.804482e-02	1.081574e+01	
399	3.814482e-02	1.026919e+01	
400	3.824482e-02	9.711410e+00	
401	3.834482e-02	9.143004e+00	
402	3.844482e-02	8.564573e+00	

Index   time            v(2)            
--------------------------------------------------------------------------------
403	3.854482e-02	7.976748e+00	
404	3.864482e-02	7.380177e+00	
405	3.874482e-02	6.775540e+00	
406	3.884482e-02	6.163544e+00	
407	3.894482e-02	5.544944e+00	
408	3.904482e-02	4.920549e+00	
409	3.914482e-02	4.291254e+00	
410	3.924482e-02	3.658087e+00	
411	3.934482e-02	3.022304e+00	
412	3.944482e-02	2.385582e+00	
413	3.954482e-02	1.750497e+00	
414	3.964482e-02	1.121907e+00	
415	3.974482e-02	5.156400e-01	
416	3.984482e-02	3.227479e-02	
417	3.990900e-02	9.709196e-03	
418	3.995157e-02	-9.53122e-03	
419	3.999346e-02	9.501029e-03	
420	4.005137e-02	-9.46685e-03	
421	4.015137e-02	4.223288e-02	
422	4.024520e-02	4.650422e-01	
423	4.033820e-02	1.020768e+00	
424	4.043820e-02	1.645542e+00	
425	4.053820e-02	2.278439e+00	
426	4.063820e-02	2.915119e+00	
427	4.073820e-02	3.551313e+00	
428	4.083820e-02	4.184863e+00	
429	4.093820e-02	4.814802e+00	
430	4.103820e-02	5.439980e+00	
431	4.113820e-02	6.059565e+00	
432	4.123820e-02	6.672659e+00	
433	4.133820e-02	7.278555e+00	
434	4.143820e-02	7.876489e+00	
435	4.153820e-02	8.465814e+00	
436	4.163820e-02	9.045845e+00	
437	4.173820e-02	9.615972e+00	
438	4.183820e-02	1.017556e+01	
439	4.193820e-02	1.072404e+01	
440	4.203820e-02	1.126082e+01	
441	4.213820e-02	1.178535e+01	
442	4.223820e-02	1.229707e+01	
443	4.233820e-02	1.279548e+01	
444	4.243820e-02	1.328004e+01	
445	4.253820e-02	1.375028e+01	
446	4.263820e-02	1.420570e+01	
447	4.273820e-02	1.464586e+01	
448	4.283820e-02	1.507029e+01	
449	4.293820e-02	1.547858e+01	
450	4.303820e-02	1.587031e+01	
451	4.313820e-02	1.624508e+01	
452	4.323820e-02	1.660252e+01	
453	4.333820e-02	1.694227e+01	
454	4.343820e-02	1.726398e+01	
455	4.353820e-02	1.756734e+01	
456	4.363820e-02	1.785204e+01	
457	4.373820e-02	1.811779e+01	
458	4.383820e-02	1.836433e+01	
459	4.393820e-02	1.859141e+01	
460	4.403820e-02	1.879881e+01	

Index   time            v(2)            
--------------------------------------------------------------------------------
461	4.413820e-02	1.898631e+01	
462	4.423820e-02	1.915373e+01	
463	4.433820e-02	1.930090e+01	
464	4.443820e-02	1.942767e+01	
465	4.453820e-02	1.953392e+01	
466	4.463820e-02	1.961954e+01	
467	4.473820e-02	1.968445e+01	
468	4.483820e-02	1.972858e+01	
469	4.493820e-02	1.975189e+01	
470	4.503820e-02	1.975434e+01	
471	4.513820e-02	1.973595e+01	
472	4.523820e-02	1.969673e+01	
473	4.533820e-02	1.963672e+01	
474	4.543820e-02	1.955597e+01	
475	4.553820e-02	1.945457e+01	
476	4.563820e-02	1.933262e+01	
477	4.573820e-02	1.919025e+01	
478	4.583820e-02	1.902759e+01	
479	4.593820e-02	1.884481e+01	
480	4.603820e-02	1.864208e+01	
481	4.613820e-02	1.841962e+01	
482	4.623820e-02	1.817765e+01	
483	4.633820e-02	1.791640e+01	
484	4.643820e-02	1.763614e+01	
485	4.653820e-02	1.733715e+01	
486	4.663820e-02	1.701973e+01	
487	4.673820e-02	1.668420e+01	
488	4.683820e-02	1.633090e+01	
489	4.693820e-02	1.596017e+01	
490	4.703820e-02	1.557240e+01	
491	4.713820e-02	1.516798e+01	
492	4.723820e-02	1.474730e+01	
493	4.733820e-02	1.431081e+01	
494	4.743820e-02	1.385893e+01	
495	4.753820e-02	1.339214e+01	
496	4.763820e-02	1.291089e+01	
497	4.773820e-02	1.241570e+01	
498	4.783820e-02	1.190705e+01	
499	4.793820e-02	1.138548e+01	
500	4.803820e-02	1.085152e+01	
501	4.813820e-02	1.030573e+01	
502	4.823820e-02	9.748678e+00	
503	4.833820e-02	9.180958e+00	
504	4.843820e-02	8.603171e+00	
505	4.853820e-02	8.015949e+00	
506	4.863820e-02	7.419935e+00	
507	4.873820e-02	6.815812e+00	
508	4.883820e-02	6.204280e+00	
509	4.893820e-02	5.586094e+00	
510	4.903820e-02	4.962054e+00	
511	4.913820e-02	4.333055e+00	
512	4.923820e-02	3.700108e+00	
513	4.933820e-02	3.064454e+00	
514	4.943820e-02	2.427727e+00	
515	4.953820e-02	1.792423e+00	
516	4.963820e-02	1.163157e+00	
517	4.973820e-02	5.544356e-01	
518	4.983820e-02	5.054883e-02	

Index   time            v(2)            
--------------------------------------------------------------------------------
519	4.988764e-02	7.383969e-03	
520	4.991409e-02	-6.15663e-03	
521	4.992906e-02	6.213628e-03	
522	4.994317e-02	-6.15774e-03	
523	4.997138e-02	6.126026e-03	
524	5.002782e-02	-6.11369e-03	
525	5.012782e-02	1.217983e-02	
526	5.019893e-02	2.167582e-01	
527	5.026554e-02	5.828872e-01	
528	5.036554e-02	1.190028e+00	
529	5.046554e-02	1.818473e+00	
530	5.056554e-02	2.452617e+00	
531	5.066554e-02	3.089295e+00	
532	5.076554e-02	3.724837e+00	
533	5.086554e-02	4.357553e+00	
534	5.096554e-02	4.986261e+00	
535	5.106554e-02	5.610018e+00	
536	5.116554e-02	6.227890e+00	
537	5.126554e-02	6.839103e+00	
538	5.136554e-02	7.442881e+00	
539	5.146554e-02	8.038536e+00	
540	5.156554e-02	8.625377e+00	
541	5.166554e-02	9.202766e+00	
542	5.176554e-02	9.770068e+00	
543	5.186554e-02	1.032668e+01	
544	5.196554e-02	1.087202e+01	
545	5.206554e-02	1.140550e+01	
546	5.216554e-02	1.192658e+01	
547	5.226554e-02	1.243472e+01	
548	5.236554e-02	1.292938e+01	
549	5.246554e-02	1.341008e+01	
550	5.256554e-02	1.387631e+01	
551	5.266554e-02	1.432761e+01	
552	5.276554e-02	1.476350e+01	
553	5.286554e-02	1.518357e+01	
554	5.296554e-02	1.558736e+01	
555	5.306554e-02	1.597449e+01	
556	5.316554e-02	1.634456e+01	
557	5.326554e-02	1.669720e+01	
558	5.336554e-02	1.703205e+01	
559	5.346554e-02	1.734878e+01	
560	5.356554e-02	1.764706e+01	
561	5.366554e-02	1.792661e+01	
562	5.376554e-02	1.818713e+01	
563	5.386554e-02	1.842837e+01	
564	5.396554e-02	1.865009e+01	
565	5.406554e-02	1.885207e+01	
566	5.416554e-02	1.903409e+01	
567	5.426554e-02	1.919599e+01	
568	5.436554e-02	1.933760e+01	
569	5.446554e-02	1.945877e+01	
570	5.456554e-02	1.955939e+01	
571	5.466554e-02	1.963935e+01	
572	5.476554e-02	1.969859e+01	
573	5.486554e-02	1.973702e+01	
574	5.496554e-02	1.975463e+01	
575	5.506554e-02	1.975138e+01	
576	5.516554e-02	1.972729e+01	

Index   time            v(2)            
--------------------------------------------------------------------------------
577	5.526554e-02	1.968238e+01	
578	5.536554e-02	1.961669e+01	
579	5.546554e-02	1.953029e+01	
580	5.556554e-02	1.942326e+01	
581	5.566554e-02	1.929571e+01	
582	5.576554e-02	1.914778e+01	
583	5.586554e-02	1.897960e+01	
584	5.596554e-02	1.879134e+01	
585	5.606554e-02	1.858320e+01	
586	5.616554e-02	1.835538e+01	
587	5.626554e-02	1.810811e+01	
588	5.636554e-02	1.784164e+01	
589	5.646554e-02	1.755623e+01	
590	5.656554e-02	1.725217e+01	
591	5.666554e-02	1.692976e+01	
592	5.676554e-02	1.658934e+01	
593	5.686554e-02	1.623123e+01	
594	5.696554e-02	1.585581e+01	
595	5.706554e-02	1.546344e+01	
596	5.716554e-02	1.505453e+01	
597	5.726554e-02	1.462949e+01	
598	5.736554e-02	1.418875e+01	
599	5.746554e-02	1.373275e+01	
600	5.756554e-02	1.326195e+01	
601	5.766554e-02	1.277684e+01	
602	5.776554e-02	1.227792e+01	
603	5.786554e-02	1.176568e+01	
604	5.796554e-02	1.124067e+01	
605	5.806554e-02	1.070342e+01	
606	5.816554e-02	1.015449e+01	
607	5.826554e-02	9.594463e+00	
608	5.836554e-02	9.023929e+00	
609	5.846554e-02	8.443498e+00	
610	5.856554e-02	7.853807e+00	
611	5.866554e-02	7.255507e+00	
612	5.876554e-02	6.649286e+00	
613	5.886554e-02	6.035858e+00	
614	5.896554e-02	5.415988e+00	
615	5.906554e-02	4.790500e+00	
616	5.916554e-02	4.160313e+00	
617	5.926554e-02	3.526491e+00	
618	5.936554e-02	2.890356e+00	
619	5.946554e-02	2.253716e+00	
620	5.956554e-02	1.619454e+00	
621	5.966554e-02	9.933041e-01	
622	5.976554e-02	3.965243e-01	
623	5.986554e-02	2.121893e-03	
624	5.991918e-02	7.553827e-03	
625	5.995068e-02	-7.48028e-03	
626	5.998106e-02	7.445272e-03	
627	6.004182e-02	-7.42456e-03	
628	6.014182e-02	2.507488e-02	
629	6.024182e-02	4.460514e-01	
630	6.033564e-02	1.004548e+00	
631	6.043564e-02	1.629352e+00	
632	6.053564e-02	2.262230e+00	
633	6.063564e-02	2.898863e+00	
634	6.073564e-02	3.535098e+00	

Index   time            v(2)            
--------------------------------------------------------------------------------
635	6.083564e-02	4.168719e+00	
636	6.093564e-02	4.798771e+00	
637	6.103564e-02	5.424077e+00	
638	6.113564e-02	6.043820e+00	
639	6.123564e-02	6.657086e+00	
640	6.133564e-02	7.263178e+00	
641	6.143564e-02	7.861321e+00	
642	6.153564e-02	8.450877e+00	
643	6.163564e-02	9.031151e+00	
644	6.173564e-02	9.601540e+00	
645	6.183564e-02	1.016141e+01	
646	6.193564e-02	1.071018e+01	
647	6.203564e-02	1.124726e+01	
648	6.213564e-02	1.177211e+01	
649	6.223564e-02	1.228417e+01	
650	6.233564e-02	1.278292e+01	
651	6.243564e-02	1.326784e+01	
652	6.253564e-02	1.373845e+01	
653	6.263564e-02	1.419426e+01	
654	6.273564e-02	1.463481e+01	
655	6.283564e-02	1.505965e+01	
656	6.293564e-02	1.546836e+01	
657	6.303564e-02	1.586051e+01	
658	6.313564e-02	1.623572e+01	
659	6.323564e-02	1.659361e+01	
660	6.333564e-02	1.693381e+01	
661	6.343564e-02	1.725599e+01	
662	6.353564e-02	1.755982e+01	
663	6.363564e-02	1.784500e+01	
664	6.373564e-02	1.811124e+01	
665	6.383564e-02	1.835828e+01	
666	6.393564e-02	1.858586e+01	
667	6.403564e-02	1.879376e+01	
668	6.413564e-02	1.898177e+01	
669	6.423564e-02	1.914970e+01	
670	6.433564e-02	1.929739e+01	
671	6.443564e-02	1.942469e+01	
672	6.453564e-02	1.953147e+01	
673	6.463564e-02	1.961761e+01	
674	6.473564e-02	1.968305e+01	
675	6.483564e-02	1.972771e+01	
676	6.493564e-02	1.975155e+01	
677	6.503564e-02	1.975454e+01	
678	6.513564e-02	1.973668e+01	
679	6.523564e-02	1.969799e+01	
680	6.533564e-02	1.963851e+01	
681	6.543564e-02	1.955829e+01	
682	6.553564e-02	1.945742e+01	
683	6.563564e-02	1.933599e+01	
684	6.573564e-02	1.919414e+01	
685	6.583564e-02	1.903200e+01	
686	6.593564e-02	1.884972e+01	
687	6.603564e-02	1.864751e+01	
688	6.613564e-02	1.842555e+01	
689	6.623564e-02	1.818407e+01	
690	6.633564e-02	1.792331e+01	
691	6.643564e-02	1.764353e+01	
692	6.653564e-02	1.734502e+01	

Index   time            v(2)            
--------------------------------------------------------------------------------
693	6.663564e-02	1.702806e+01	
694	6.673564e-02	1.669299e+01	
695	6.683564e-02	1.634014e+01	
696	6.693564e-02	1.596985e+01	
697	6.703564e-02	1.558251e+01	
698	6.713564e-02	1.517851e+01	
699	6.723564e-02	1.475825e+01	
700	6.733564e-02	1.432215e+01	
701	6.743564e-02	1.387066e+01	
702	6.753564e-02	1.340424e+01	
703	6.763564e-02	1.292336e+01	
704	6.773564e-02	1.242851e+01	
705	6.783564e-02	1.192020e+01	
706	6.793564e-02	1.139896e+01	
707	6.803564e-02	1.086531e+01	
708	6.813564e-02	1.031981e+01	
709	6.823564e-02	9.763041e+00	
710	6.833564e-02	9.195585e+00	
711	6.843564e-02	8.618047e+00	
712	6.853564e-02	8.031058e+00	
713	6.863564e-02	7.435261e+00	
714	6.873564e-02	6.831336e+00	
715	6.883564e-02	6.219984e+00	
716	6.893564e-02	5.601958e+00	
717	6.903564e-02	4.978058e+00	
718	6.913564e-02	4.349173e+00	
719	6.923564e-02	3.716313e+00	
720	6.933564e-02	3.080710e+00	
721	6.943564e-02	2.443985e+00	
722	6.953564e-02	1.808600e+00	
723	6.963564e-02	1.179086e+00	
724	6.973564e-02	5.694784e-01	
725	6.983564e-02	5.862507e-02	
726	6.989307e-02	7.564134e-03	
727	6.991214e-02	-6.75770e-03	
728	6.992479e-02	6.825656e-03	
729	6.993671e-02	-6.73732e-03	
730	6.996055e-02	6.703498e-03	
731	6.999814e-02	-6.69214e-03	
732	7.007331e-02	6.749270e-03	
733	7.013853e-02	1.009288e-02	
734	7.023853e-02	4.293702e-01	
735	7.033115e-02	9.763679e-01	
736	7.043115e-02	1.601288e+00	
737	7.053115e-02	2.233556e+00	
738	7.063115e-02	2.870378e+00	
739	7.073115e-02	3.506458e+00	
740	7.083115e-02	4.140417e+00	
741	7.093115e-02	4.770501e+00	
742	7.103115e-02	5.396159e+00	
743	7.113115e-02	6.016078e+00	
744	7.123115e-02	6.629724e+00	
745	7.133115e-02	7.236096e+00	
746	7.143115e-02	7.834658e+00	
747	7.153115e-02	8.424577e+00	
748	7.163115e-02	9.005311e+00	
749	7.173115e-02	9.576134e+00	
750	7.183115e-02	1.013651e+01	

Index   time            v(2)            
--------------------------------------------------------------------------------
751	7.193115e-02	1.068577e+01	
752	7.203115e-02	1.122340e+01	
753	7.213115e-02	1.174880e+01	
754	7.223115e-02	1.226146e+01	
755	7.233115e-02	1.276081e+01	
756	7.243115e-02	1.324637e+01	
757	7.253115e-02	1.371763e+01	
758	7.263115e-02	1.417412e+01	
759	7.273115e-02	1.461536e+01	
760	7.283115e-02	1.504092e+01	
761	7.293115e-02	1.545035e+01	
762	7.303115e-02	1.584326e+01	
763	7.313115e-02	1.621924e+01	
764	7.323115e-02	1.657791e+01	
765	7.333115e-02	1.691892e+01	
766	7.343115e-02	1.724191e+01	
767	7.353115e-02	1.754658e+01	
768	7.363115e-02	1.783260e+01	
769	7.373115e-02	1.809970e+01	
770	7.383115e-02	1.834760e+01	
771	7.393115e-02	1.857606e+01	
772	7.403115e-02	1.878485e+01	
773	7.413115e-02	1.897375e+01	
774	7.423115e-02	1.914259e+01	
775	7.433115e-02	1.929119e+01	
776	7.443115e-02	1.941941e+01	
777	7.453115e-02	1.952711e+01	
778	7.463115e-02	1.961419e+01	
779	7.473115e-02	1.968056e+01	
780	7.483115e-02	1.972615e+01	
781	7.493115e-02	1.975093e+01	
782	7.503115e-02	1.975485e+01	
783	7.513115e-02	1.973793e+01	
784	7.523115e-02	1.970017e+01	
785	7.533115e-02	1.964162e+01	
786	7.543115e-02	1.956234e+01	
787	7.553115e-02	1.946239e+01	
788	7.563115e-02	1.934189e+01	
789	7.573115e-02	1.920095e+01	
790	7.583115e-02	1.903971e+01	
791	7.593115e-02	1.885834e+01	
792	7.603115e-02	1.865701e+01	
793	7.613115e-02	1.843594e+01	
794	7.623115e-02	1.819533e+01	
795	7.633115e-02	1.793543e+01	
796	7.643115e-02	1.765650e+01	
797	7.653115e-02	1.735882e+01	
798	7.663115e-02	1.704269e+01	
799	7.673115e-02	1.670843e+01	
800	7.683115e-02	1.635636e+01	
801	7.693115e-02	1.598685e+01	
802	7.703115e-02	1.560027e+01	
803	7.713115e-02	1.519701e+01	
804	7.723115e-02	1.477746e+01	
805	7.733115e-02	1.434207e+01	
806	7.743115e-02	1.389126e+01	
807	7.753115e-02	1.342550e+01	
808	7.763115e-02	1.294526e+01	

Index   time            v(2)            
--------------------------------------------------------------------------------
809	7.773115e-02	1.245103e+01	
810	7.783115e-02	1.194331e+01	
811	7.793115e-02	1.142264e+01	
812	7.803115e-02	1.088953e+01	
813	7.813115e-02	1.034456e+01	
814	7.823115e-02	9.788280e+00	
815	7.833115e-02	9.221291e+00	
816	7.843115e-02	8.644194e+00	
817	7.853115e-02	8.057614e+00	
818	7.863115e-02	7.462200e+00	
819	7.873115e-02	6.858623e+00	
820	7.883115e-02	6.247591e+00	
821	7.893115e-02	5.629847e+00	
822	7.903115e-02	5.006193e+00	
823	7.913115e-02	4.377510e+00	
824	7.923115e-02	3.744805e+00	
825	7.933115e-02	3.109293e+00	
826	7.943115e-02	2.472576e+00	
827	7.953115e-02	1.837056e+00	
828	7.963115e-02	1.207123e+00	
829	7.973115e-02	5.960303e-01	
830	7.983115e-02	7.401579e-02	
831	7.991330e-02	9.234865e-03	
832	7.997061e-02	-9.11247e-03	
833	8.002755e-02	9.096310e-03	
834	8.009718e-02	-8.51456e-03	
835	8.016544e-02	8.022268e-02	
836	8.022876e-02	3.727824e-01	
837	8.030677e-02	8.282824e-01	
838	8.040670e-02	1.446983e+00	
839	8.050670e-02	2.079279e+00	
840	8.060670e-02	2.714799e+00	
841	8.070670e-02	3.351117e+00	
842	8.080670e-02	3.985649e+00	
843	8.090670e-02	4.616841e+00	
844	8.100670e-02	5.243634e+00	
845	8.110670e-02	5.865066e+00	
846	8.120670e-02	6.480295e+00	
847	8.130670e-02	7.088533e+00	
848	8.140670e-02	7.689053e+00	
849	8.150670e-02	8.281160e+00	
850	8.160670e-02	8.864189e+00	
851	8.170670e-02	9.437502e+00	
852	8.180670e-02	1.000048e+01	
853	8.190670e-02	1.055252e+01	
854	8.200670e-02	1.109304e+01	
855	8.210670e-02	1.162149e+01	
856	8.220670e-02	1.213731e+01	
857	8.230670e-02	1.263996e+01	
858	8.240670e-02	1.312894e+01	
859	8.250670e-02	1.360374e+01	
860	8.260670e-02	1.406388e+01	
861	8.270670e-02	1.450890e+01	
862	8.280670e-02	1.493833e+01	
863	8.290670e-02	1.535175e+01	
864	8.300670e-02	1.574873e+01	
865	8.310670e-02	1.612889e+01	
866	8.320670e-02	1.649182e+01	

Index   time            v(2)            
--------------------------------------------------------------------------------
867	8.330670e-02	1.683718e+01	
868	8.340670e-02	1.716461e+01	
869	8.350670e-02	1.747379e+01	
870	8.360670e-02	1.776440e+01	
871	8.370670e-02	1.803615e+01	
872	8.380670e-02	1.828876e+01	
873	8.390670e-02	1.852200e+01	
874	8.400670e-02	1.873562e+01	
875	8.410670e-02	1.892941e+01	
876	8.420670e-02	1.910317e+01	
877	8.430670e-02	1.925674e+01	
878	8.440670e-02	1.938995e+01	
879	8.450670e-02	1.950268e+01	
880	8.460670e-02	1.959481e+01	
881	8.470670e-02	1.966625e+01	
882	8.480670e-02	1.971692e+01	
883	8.490670e-02	1.974679e+01	
884	8.500670e-02	1.975582e+01	
885	8.510670e-02	1.974399e+01	
886	8.520670e-02	1.971133e+01	
887	8.530670e-02	1.965786e+01	
888	8.540670e-02	1.958363e+01	
889	8.550670e-02	1.948873e+01	
890	8.560670e-02	1.937325e+01	
891	8.570670e-02	1.923729e+01	
892	8.580670e-02	1.908100e+01	
893	8.590670e-02	1.890454e+01	
894	8.600670e-02	1.870808e+01	
895	8.610670e-02	1.849181e+01	
896	8.620670e-02	1.825595e+01	
897	8.630670e-02	1.800075e+01	
898	8.640670e-02	1.772645e+01	
899	8.650670e-02	1.743333e+01	
900	8.660670e-02	1.712168e+01	
901	8.670670e-02	1.679182e+01	
902	8.680670e-02	1.644407e+01	
903	8.690670e-02	1.607880e+01	
904	8.700670e-02	1.569636e+01	
905	8.710670e-02	1.529713e+01	
906	8.720670e-02	1.488153e+01	
907	8.730670e-02	1.444998e+01	
908	8.740670e-02	1.400290e+01	
909	8.750670e-02	1.354075e+01	
910	8.760670e-02	1.306400e+01	
911	8.770670e-02	1.257315e+01	
912	8.780670e-02	1.206868e+01	
913	8.790670e-02	1.155112e+01	
914	8.800670e-02	1.102101e+01	
915	8.810670e-02	1.047888e+01	
916	8.820670e-02	9.925316e+00	
917	8.830670e-02	9.360892e+00	
918	8.840670e-02	8.786208e+00	
919	8.850670e-02	8.201890e+00	
920	8.860670e-02	7.608573e+00	
921	8.870670e-02	7.006931e+00	
922	8.880670e-02	6.397652e+00	
923	8.890670e-02	5.781480e+00	
924	8.900670e-02	5.159191e+00	

Index   time            v(2)            
--------------------------------------------------------------------------------
925	8.910670e-02	4.531653e+00	
926	8.920670e-02	3.899828e+00	
927	8.930670e-02	3.264875e+00	
928	8.940670e-02	2.628271e+00	
929	8.950670e-02	1.992164e+00	
930	8.960670e-02	1.360252e+00	
931	8.970670e-02	7.424812e-01	
932	8.980670e-02	1.789215e-01	
933	8.987363e-02	2.382444e-03	
934	8.994494e-02	2.491940e-03	
935	8.999922e-02	-2.48989e-03	
936	9.004824e-02	2.499950e-03	
937	9.014626e-02	2.407356e-02	
938	9.021652e-02	3.090165e-01	
939	9.028270e-02	6.831551e-01	
940	9.038270e-02	1.296396e+00	
941	9.048270e-02	1.926727e+00	
942	9.058270e-02	2.562086e+00	
943	9.068270e-02	3.198360e+00	
944	9.078270e-02	3.833713e+00	
945	9.088270e-02	4.465630e+00	
946	9.098270e-02	5.093708e+00	
947	9.108270e-02	5.716399e+00	
948	9.118270e-02	6.333276e+00	
949	9.128270e-02	6.943193e+00	
950	9.138270e-02	7.545685e+00	
951	9.148270e-02	8.139829e+00	
952	9.158270e-02	8.725131e+00	
953	9.168270e-02	9.300804e+00	
954	9.178270e-02	9.866340e+00	
955	9.188270e-02	1.042104e+01	
956	9.198270e-02	1.096440e+01	
957	9.208270e-02	1.149578e+01	
958	9.218270e-02	1.201469e+01	
959	9.228270e-02	1.252054e+01	
960	9.238270e-02	1.301285e+01	
961	9.248270e-02	1.349110e+01	
962	9.258270e-02	1.395481e+01	
963	9.268270e-02	1.440349e+01	
964	9.278270e-02	1.483670e+01	
965	9.288270e-02	1.525400e+01	
966	9.298270e-02	1.565497e+01	
967	9.308270e-02	1.603920e+01	
968	9.318270e-02	1.640631e+01	
969	9.328270e-02	1.675591e+01	
970	9.338270e-02	1.708768e+01	
971	9.348270e-02	1.740126e+01	
972	9.358270e-02	1.769636e+01	
973	9.368270e-02	1.797266e+01	
974	9.378270e-02	1.822989e+01	
975	9.388270e-02	1.846780e+01	
976	9.398270e-02	1.868615e+01	
977	9.408270e-02	1.888471e+01	
978	9.418270e-02	1.906330e+01	
979	9.428270e-02	1.922173e+01	
980	9.438270e-02	1.935984e+01	
981	9.448270e-02	1.947749e+01	
982	9.458270e-02	1.957458e+01	

Index   time            v(2)            
--------------------------------------------------------------------------------
983	9.468270e-02	1.965099e+01	
984	9.478270e-02	1.970666e+01	
985	9.488270e-02	1.974152e+01	
986	9.498270e-02	1.975555e+01	
987	9.508270e-02	1.974873e+01	
988	9.518270e-02	1.972107e+01	
989	9.528270e-02	1.967259e+01	
990	9.538270e-02	1.960334e+01	
991	9.548270e-02	1.951339e+01	
992	9.558270e-02	1.940284e+01	
993	9.568270e-02	1.927178e+01	
994	9.578270e-02	1.912036e+01	
995	9.588270e-02	1.894872e+01	
996	9.598270e-02	1.875705e+01	
997	9.608270e-02	1.854551e+01	
998	9.618270e-02	1.831434e+01	
999	9.628270e-02	1.806375e+01	
1000	9.638270e-02	1.779401e+01	
1001	9.648270e-02	1.750538e+01	
1002	9.658270e-02	1.719816e+01	
1003	9.668270e-02	1.687263e+01	
1004	9.678270e-02	1.652915e+01	
1005	9.688270e-02	1.616805e+01	
1006	9.698270e-02	1.578969e+01	
1007	9.708270e-02	1.539446e+01	
1008	9.718270e-02	1.498276e+01	
1009	9.728270e-02	1.455499e+01	
1010	9.738270e-02	1.411160e+01	
1011	9.748270e-02	1.365302e+01	
1012	9.758270e-02	1.317974e+01	
1013	9.768270e-02	1.269222e+01	
1014	9.778270e-02	1.219098e+01	
1015	9.788270e-02	1.167651e+01	
1016	9.798270e-02	1.114936e+01	
1017	9.808270e-02	1.061007e+01	
1018	9.818270e-02	1.005920e+01	
1019	9.828270e-02	9.497320e+00	
1020	9.838270e-02	8.925046e+00	
1021	9.848270e-02	8.342979e+00	
1022	9.858270e-02	7.751766e+00	
1023	9.868270e-02	7.152056e+00	
1024	9.878270e-02	6.544548e+00	
1025	9.888270e-02	5.929958e+00	
1026	9.898270e-02	5.309065e+00	
1027	9.908270e-02	4.682701e+00	
1028	9.918270e-02	4.051811e+00	
1029	9.928270e-02	3.417487e+00	
1030	9.938270e-02	2.781119e+00	
1031	9.948270e-02	2.144636e+00	
1032	9.958270e-02	1.511227e+00	
1033	9.968270e-02	8.886161e-01	
1034	9.978270e-02	3.022302e-01	
1035	9.988270e-02	-1.59394e-03	
1036	9.998270e-02	3.964988e-03	
1037	1.000000e-01	-3.94405e-03	
