
Circuit: instrumentation amplifier

                           instrumentation amplifier
                           DC transfer characteristic  Fri Feb 11 23:51:24  2022
--------------------------------------------------------------------------------
Index   v-sweep         v(out)          
--------------------------------------------------------------------------------
0	-2.00000e+00	1.030515e-04	
1	-1.99000e+00	1.027297e-04	
2	-1.98000e+00	1.024078e-04	
3	-1.97000e+00	1.020860e-04	
4	-1.96000e+00	1.017642e-04	
5	-1.95000e+00	1.014424e-04	
6	-1.94000e+00	1.011206e-04	
7	-1.93000e+00	1.007988e-04	
8	-1.92000e+00	1.004770e-04	
9	-1.91000e+00	1.001552e-04	
10	-1.90000e+00	9.983349e-05	
11	-1.89000e+00	9.951175e-05	
12	-1.88000e+00	9.919002e-05	
13	-1.87000e+00	9.886829e-05	
14	-1.86000e+00	9.854658e-05	
15	-1.85000e+00	9.822488e-05	
16	-1.84000e+00	9.790319e-05	
17	-1.83000e+00	9.758151e-05	
18	-1.82000e+00	9.725984e-05	
19	-1.81000e+00	9.693818e-05	
20	-1.80000e+00	9.661653e-05	
21	-1.79000e+00	9.629489e-05	
22	-1.78000e+00	9.597326e-05	
23	-1.77000e+00	9.565164e-05	
24	-1.76000e+00	9.533003e-05	
25	-1.75000e+00	9.500844e-05	
26	-1.74000e+00	9.468685e-05	
27	-1.73000e+00	9.436527e-05	
28	-1.72000e+00	9.404371e-05	
29	-1.71000e+00	9.372215e-05	
30	-1.70000e+00	9.340061e-05	
31	-1.69000e+00	9.307907e-05	
32	-1.68000e+00	9.275755e-05	
33	-1.67000e+00	9.243604e-05	
34	-1.66000e+00	9.211453e-05	
35	-1.65000e+00	9.179304e-05	
36	-1.64000e+00	9.147156e-05	
37	-1.63000e+00	9.115009e-05	
38	-1.62000e+00	9.082863e-05	
39	-1.61000e+00	9.050718e-05	
40	-1.60000e+00	9.018574e-05	
41	-1.59000e+00	8.986431e-05	
42	-1.58000e+00	8.954289e-05	
43	-1.57000e+00	8.922148e-05	
44	-1.56000e+00	8.890008e-05	
45	-1.55000e+00	8.857869e-05	
46	-1.54000e+00	8.825732e-05	
47	-1.53000e+00	8.793595e-05	
48	-1.52000e+00	8.761459e-05	
49	-1.51000e+00	8.729325e-05	
50	-1.50000e+00	8.697191e-05	
51	-1.49000e+00	8.665059e-05	
52	-1.48000e+00	8.632927e-05	
53	-1.47000e+00	8.600797e-05	
54	-1.46000e+00	8.568668e-05	

Index   v-sweep         v(out)          
--------------------------------------------------------------------------------
55	-1.45000e+00	8.536539e-05	
56	-1.44000e+00	8.504412e-05	
57	-1.43000e+00	8.472286e-05	
58	-1.42000e+00	8.440161e-05	
59	-1.41000e+00	8.408037e-05	
60	-1.40000e+00	8.375913e-05	
61	-1.39000e+00	8.343791e-05	
62	-1.38000e+00	8.311670e-05	
63	-1.37000e+00	8.279550e-05	
64	-1.36000e+00	8.247432e-05	
65	-1.35000e+00	8.215314e-05	
66	-1.34000e+00	8.183197e-05	
67	-1.33000e+00	8.151081e-05	
68	-1.32000e+00	8.118966e-05	
69	-1.31000e+00	8.086853e-05	
70	-1.30000e+00	8.054740e-05	
71	-1.29000e+00	8.022629e-05	
72	-1.28000e+00	7.990518e-05	
73	-1.27000e+00	7.958409e-05	
74	-1.26000e+00	7.926300e-05	
75	-1.25000e+00	7.894193e-05	
76	-1.24000e+00	7.862086e-05	
77	-1.23000e+00	7.829981e-05	
78	-1.22000e+00	7.797877e-05	
79	-1.21000e+00	7.765773e-05	
80	-1.20000e+00	7.733671e-05	
81	-1.19000e+00	7.701570e-05	
82	-1.18000e+00	7.669470e-05	
83	-1.17000e+00	7.637371e-05	
84	-1.16000e+00	7.605273e-05	
85	-1.15000e+00	7.573176e-05	
86	-1.14000e+00	7.541080e-05	
87	-1.13000e+00	7.508985e-05	
88	-1.12000e+00	7.476891e-05	
89	-1.11000e+00	7.444799e-05	
90	-1.10000e+00	7.412707e-05	
91	-1.09000e+00	7.380616e-05	
92	-1.08000e+00	7.348526e-05	
93	-1.07000e+00	7.316438e-05	
94	-1.06000e+00	7.284350e-05	
95	-1.05000e+00	7.252264e-05	
96	-1.04000e+00	7.220178e-05	
97	-1.03000e+00	7.188094e-05	
98	-1.02000e+00	7.156010e-05	
99	-1.01000e+00	7.123928e-05	
100	-1.00000e+00	7.091847e-05	
101	-9.90000e-01	7.059766e-05	
102	-9.80000e-01	7.027687e-05	
103	-9.70000e-01	6.995609e-05	
104	-9.60000e-01	6.963532e-05	
105	-9.50000e-01	6.931456e-05	
106	-9.40000e-01	6.899381e-05	
107	-9.30000e-01	6.867307e-05	
108	-9.20000e-01	6.835234e-05	
109	-9.10000e-01	6.803162e-05	
110	-9.00000e-01	6.771091e-05	
111	-8.90000e-01	6.739021e-05	
112	-8.80000e-01	6.706952e-05	

Index   v-sweep         v(out)          
--------------------------------------------------------------------------------
113	-8.70000e-01	6.674884e-05	
114	-8.60000e-01	6.642817e-05	
115	-8.50000e-01	6.610752e-05	
116	-8.40000e-01	6.578687e-05	
117	-8.30000e-01	6.546623e-05	
118	-8.20000e-01	6.514561e-05	
119	-8.10000e-01	6.482499e-05	
120	-8.00000e-01	6.450439e-05	
121	-7.90000e-01	6.418379e-05	
122	-7.80000e-01	6.386321e-05	
123	-7.70000e-01	6.354264e-05	
124	-7.60000e-01	6.322207e-05	
125	-7.50000e-01	6.290152e-05	
126	-7.40000e-01	6.258098e-05	
127	-7.30000e-01	6.226044e-05	
128	-7.20000e-01	6.193992e-05	
129	-7.10000e-01	6.161941e-05	
130	-7.00000e-01	6.129891e-05	
131	-6.90000e-01	6.097842e-05	
132	-6.80000e-01	6.065794e-05	
133	-6.70000e-01	6.033747e-05	
134	-6.60000e-01	6.001701e-05	
135	-6.50000e-01	5.969656e-05	
136	-6.40000e-01	5.937612e-05	
137	-6.30000e-01	5.905570e-05	
138	-6.20000e-01	5.873528e-05	
139	-6.10000e-01	5.841487e-05	
140	-6.00000e-01	5.809447e-05	
141	-5.90000e-01	5.777409e-05	
142	-5.80000e-01	5.745371e-05	
143	-5.70000e-01	5.713334e-05	
144	-5.60000e-01	5.681299e-05	
145	-5.50000e-01	5.649264e-05	
146	-5.40000e-01	5.617231e-05	
147	-5.30000e-01	5.585198e-05	
148	-5.20000e-01	5.553167e-05	
149	-5.10000e-01	5.521137e-05	
150	-5.00000e-01	5.489107e-05	
151	-4.90000e-01	5.457079e-05	
152	-4.80000e-01	5.425052e-05	
153	-4.70000e-01	5.393026e-05	
154	-4.60000e-01	5.361000e-05	
155	-4.50000e-01	5.328976e-05	
156	-4.40000e-01	5.296953e-05	
157	-4.30000e-01	5.264931e-05	
158	-4.20000e-01	5.232910e-05	
159	-4.10000e-01	5.200890e-05	
160	-4.00000e-01	5.168871e-05	
161	-3.90000e-01	5.136853e-05	
162	-3.80000e-01	5.104837e-05	
163	-3.70000e-01	5.072821e-05	
164	-3.60000e-01	5.040806e-05	
165	-3.50000e-01	5.008792e-05	
166	-3.40000e-01	4.976779e-05	
167	-3.30000e-01	4.944768e-05	
168	-3.20000e-01	4.912757e-05	
169	-3.10000e-01	4.880748e-05	
170	-3.00000e-01	4.848739e-05	

Index   v-sweep         v(out)          
--------------------------------------------------------------------------------
171	-2.90000e-01	4.816731e-05	
172	-2.80000e-01	4.784725e-05	
173	-2.70000e-01	4.752719e-05	
174	-2.60000e-01	4.720715e-05	
175	-2.50000e-01	4.688712e-05	
176	-2.40000e-01	4.656709e-05	
177	-2.30000e-01	4.624708e-05	
178	-2.20000e-01	4.592708e-05	
179	-2.10000e-01	4.560709e-05	
180	-2.00000e-01	4.528710e-05	
181	-1.90000e-01	4.496713e-05	
182	-1.80000e-01	4.464717e-05	
183	-1.70000e-01	4.432722e-05	
184	-1.60000e-01	4.400728e-05	
185	-1.50000e-01	4.368735e-05	
186	-1.40000e-01	4.336743e-05	
187	-1.30000e-01	4.304752e-05	
188	-1.20000e-01	4.272762e-05	
189	-1.10000e-01	4.240773e-05	
190	-1.00000e-01	4.208785e-05	
191	-9.00000e-02	4.176798e-05	
192	-8.00000e-02	4.144813e-05	
193	-7.00000e-02	4.112828e-05	
194	-6.00000e-02	4.080844e-05	
195	-5.00000e-02	4.048862e-05	
196	-4.00000e-02	4.016880e-05	
197	-3.00000e-02	3.984899e-05	
198	-2.00000e-02	3.952920e-05	
199	-1.00000e-02	3.920941e-05	
200	1.641048e-15	3.888964e-05	
201	1.000000e-02	3.856987e-05	
202	2.000000e-02	3.825012e-05	
203	3.000000e-02	3.793037e-05	
204	4.000000e-02	3.761064e-05	
205	5.000000e-02	3.729092e-05	
206	6.000000e-02	3.697120e-05	
207	7.000000e-02	3.665150e-05	
208	8.000000e-02	3.633181e-05	
209	9.000000e-02	3.601213e-05	
210	1.000000e-01	3.569246e-05	
211	1.100000e-01	3.537279e-05	
212	1.200000e-01	3.505314e-05	
213	1.300000e-01	3.473350e-05	
214	1.400000e-01	3.441387e-05	
215	1.500000e-01	3.409425e-05	
216	1.600000e-01	3.377464e-05	
217	1.700000e-01	3.345504e-05	
218	1.800000e-01	3.313545e-05	
219	1.900000e-01	3.281588e-05	
220	2.000000e-01	3.249631e-05	
221	2.100000e-01	3.217675e-05	
222	2.200000e-01	3.185720e-05	
223	2.300000e-01	3.153766e-05	
224	2.400000e-01	3.121814e-05	
225	2.500000e-01	3.089862e-05	
226	2.600000e-01	3.057911e-05	
227	2.700000e-01	3.025962e-05	
228	2.800000e-01	2.994013e-05	

Index   v-sweep         v(out)          
--------------------------------------------------------------------------------
229	2.900000e-01	2.962066e-05	
230	3.000000e-01	2.930119e-05	
231	3.100000e-01	2.898174e-05	
232	3.200000e-01	2.866229e-05	
233	3.300000e-01	2.834286e-05	
234	3.400000e-01	2.802344e-05	
235	3.500000e-01	2.770402e-05	
236	3.600000e-01	2.738462e-05	
237	3.700000e-01	2.706523e-05	
238	3.800000e-01	2.674584e-05	
239	3.900000e-01	2.642647e-05	
240	4.000000e-01	2.610711e-05	
241	4.100000e-01	2.578776e-05	
242	4.200000e-01	2.546842e-05	
243	4.300000e-01	2.514909e-05	
244	4.400000e-01	2.482976e-05	
245	4.500000e-01	2.451045e-05	
246	4.600000e-01	2.419115e-05	
247	4.700000e-01	2.387186e-05	
248	4.800000e-01	2.355258e-05	
249	4.900000e-01	2.323332e-05	
250	5.000000e-01	2.291406e-05	
251	5.100000e-01	2.259481e-05	
252	5.200000e-01	2.227557e-05	
253	5.300000e-01	2.195634e-05	
254	5.400000e-01	2.163712e-05	
255	5.500000e-01	2.131792e-05	
256	5.600000e-01	2.099872e-05	
257	5.700000e-01	2.067953e-05	
258	5.800000e-01	2.036036e-05	
259	5.900000e-01	2.004119e-05	
260	6.000000e-01	1.972204e-05	
261	6.100000e-01	1.940289e-05	
262	6.200000e-01	1.908375e-05	
263	6.300000e-01	1.876463e-05	
264	6.400000e-01	1.844552e-05	
265	6.500000e-01	1.812641e-05	
266	6.600000e-01	1.780732e-05	
267	6.700000e-01	1.748823e-05	
268	6.800000e-01	1.716916e-05	
269	6.900000e-01	1.685010e-05	
270	7.000000e-01	1.653104e-05	
271	7.100000e-01	1.621200e-05	
272	7.200000e-01	1.589297e-05	
273	7.300000e-01	1.557395e-05	
274	7.400000e-01	1.525493e-05	
275	7.500000e-01	1.493593e-05	
276	7.600000e-01	1.461694e-05	
277	7.700000e-01	1.429796e-05	
278	7.800000e-01	1.397899e-05	
279	7.900000e-01	1.366003e-05	
280	8.000000e-01	1.334108e-05	
281	8.100000e-01	1.302214e-05	
282	8.200000e-01	1.270321e-05	
283	8.300000e-01	1.238429e-05	
284	8.400000e-01	1.206538e-05	
285	8.500000e-01	1.174648e-05	
286	8.600000e-01	1.142760e-05	

Index   v-sweep         v(out)          
--------------------------------------------------------------------------------
287	8.700000e-01	1.110872e-05	
288	8.800000e-01	1.078985e-05	
289	8.900000e-01	1.047099e-05	
290	9.000000e-01	1.015215e-05	
291	9.100000e-01	9.833309e-06	
292	9.200000e-01	9.514482e-06	
293	9.300000e-01	9.195666e-06	
294	9.400000e-01	8.876859e-06	
295	9.500000e-01	8.558063e-06	
296	9.600000e-01	8.239278e-06	
297	9.700000e-01	7.920502e-06	
298	9.800000e-01	7.601737e-06	
299	9.900000e-01	7.282983e-06	
300	1.000000e+00	6.964238e-06	
301	1.010000e+00	6.645504e-06	
302	1.020000e+00	6.326780e-06	
303	1.030000e+00	6.008066e-06	
304	1.040000e+00	5.689362e-06	
305	1.050000e+00	5.370669e-06	
306	1.060000e+00	5.051986e-06	
307	1.070000e+00	4.733313e-06	
308	1.080000e+00	4.414651e-06	
309	1.090000e+00	4.095999e-06	
310	1.100000e+00	3.777357e-06	
311	1.110000e+00	3.458725e-06	
312	1.120000e+00	3.140104e-06	
313	1.130000e+00	2.821493e-06	
314	1.140000e+00	2.502892e-06	
315	1.150000e+00	2.184301e-06	
316	1.160000e+00	1.865721e-06	
317	1.170000e+00	1.547151e-06	
318	1.180000e+00	1.228591e-06	
319	1.190000e+00	9.100410e-07	
320	1.200000e+00	5.915017e-07	
321	1.210000e+00	2.729725e-07	
322	1.220000e+00	-4.55464e-08	
323	1.230000e+00	-3.64055e-07	
324	1.240000e+00	-6.82553e-07	
325	1.250000e+00	-1.00104e-06	
326	1.260000e+00	-1.31952e-06	
327	1.270000e+00	-1.63799e-06	
328	1.280000e+00	-1.95644e-06	
329	1.290000e+00	-2.27489e-06	
330	1.300000e+00	-2.59333e-06	
331	1.310000e+00	-2.91176e-06	
332	1.320000e+00	-3.23017e-06	
333	1.330000e+00	-3.54858e-06	
334	1.340000e+00	-3.86697e-06	
335	1.350000e+00	-4.18536e-06	
336	1.360000e+00	-4.50374e-06	
337	1.370000e+00	-4.82210e-06	
338	1.380000e+00	-5.14046e-06	
339	1.390000e+00	-5.45880e-06	
340	1.400000e+00	-5.77713e-06	
341	1.410000e+00	-6.09546e-06	
342	1.420000e+00	-6.41377e-06	
343	1.430000e+00	-6.73208e-06	
344	1.440000e+00	-7.05037e-06	

Index   v-sweep         v(out)          
--------------------------------------------------------------------------------
345	1.450000e+00	-7.36865e-06	
346	1.460000e+00	-7.68693e-06	
347	1.470000e+00	-8.00519e-06	
348	1.480000e+00	-8.32344e-06	
349	1.490000e+00	-8.64168e-06	
350	1.500000e+00	-8.95992e-06	
351	1.510000e+00	-9.27814e-06	
352	1.520000e+00	-9.59635e-06	
353	1.530000e+00	-9.91455e-06	
354	1.540000e+00	-1.02327e-05	
355	1.550000e+00	-1.05509e-05	
356	1.560000e+00	-1.08691e-05	
357	1.570000e+00	-1.11873e-05	
358	1.580000e+00	-1.15054e-05	
359	1.590000e+00	-1.18235e-05	
360	1.600000e+00	-1.21417e-05	
361	1.610000e+00	-1.24598e-05	
362	1.620000e+00	-1.27779e-05	
363	1.630000e+00	-1.30960e-05	
364	1.640000e+00	-1.34141e-05	
365	1.650000e+00	-1.37322e-05	
366	1.660000e+00	-1.40502e-05	
367	1.670000e+00	-1.43683e-05	
368	1.680000e+00	-1.46863e-05	
369	1.690000e+00	-1.50044e-05	
370	1.700000e+00	-1.53224e-05	
371	1.710000e+00	-1.56404e-05	
372	1.720000e+00	-1.59584e-05	
373	1.730000e+00	-1.62764e-05	
374	1.740000e+00	-1.65944e-05	
375	1.750000e+00	-1.69124e-05	
376	1.760000e+00	-1.72304e-05	
377	1.770000e+00	-1.75483e-05	
378	1.780000e+00	-1.78663e-05	
379	1.790000e+00	-1.81842e-05	
380	1.800000e+00	-1.85021e-05	
381	1.810000e+00	-1.88200e-05	
382	1.820000e+00	-1.91380e-05	
383	1.830000e+00	-1.94558e-05	
384	1.840000e+00	-1.97737e-05	
385	1.850000e+00	-2.00916e-05	
386	1.860000e+00	-2.04095e-05	
387	1.870000e+00	-2.07273e-05	
388	1.880000e+00	-2.10452e-05	
389	1.890000e+00	-2.13630e-05	
390	1.900000e+00	-2.16808e-05	
391	1.910000e+00	-2.19986e-05	
392	1.920000e+00	-2.23164e-05	
393	1.930000e+00	-2.26342e-05	
394	1.940000e+00	-2.29520e-05	
395	1.950000e+00	-2.32698e-05	
396	1.960000e+00	-2.35876e-05	
397	1.970000e+00	-2.39053e-05	
398	1.980000e+00	-2.42231e-05	
399	1.990000e+00	-2.45408e-05	
400	2.000000e+00	-2.48585e-05	
