
Circuit: instrumentation amplifier

                           instrumentation amplifier
                           Transient Analysis  Fri Feb 11 23:52:43  2022
--------------------------------------------------------------------------------
Index   time            v(in1,in2)      v(out)          
--------------------------------------------------------------------------------
0	0.000000e+00	0.000000e+00	3.888964e-05	
1	1.000000e-07	-3.14159e-04	5.241392e-05	
2	1.035869e-07	-3.25428e-04	5.291704e-05	
3	1.107606e-07	-3.47965e-04	5.396080e-05	
4	1.251081e-07	-3.93039e-04	5.629018e-05	
5	1.538031e-07	-4.83187e-04	6.211426e-05	
6	2.111931e-07	-6.63482e-04	8.040228e-05	
7	2.947556e-07	-9.26002e-04	1.318575e-04	
8	3.833228e-07	-1.20424e-03	2.352819e-04	
9	4.802781e-07	-1.50884e-03	4.303552e-04	
10	5.838834e-07	-1.83432e-03	7.582002e-04	
11	7.301159e-07	-2.29372e-03	1.465854e-03	
12	9.346133e-07	-2.93616e-03	2.967240e-03	
13	1.157300e-06	-3.63573e-03	5.268192e-03	
14	1.492775e-06	-4.68962e-03	9.897591e-03	
15	2.030693e-06	-6.37944e-03	1.964998e-02	
16	2.650237e-06	-8.32558e-03	3.351255e-02	
17	3.517330e-06	-1.10491e-02	5.594085e-02	
18	4.449571e-06	-1.39769e-02	8.245609e-02	
19	5.683274e-06	-1.78507e-02	1.194906e-01	
20	7.080186e-06	-2.22357e-02	1.626914e-01	
21	9.027696e-06	-2.83461e-02	2.237189e-01	
22	1.149753e-05	-3.60892e-02	3.014757e-01	
23	1.540918e-05	-4.83338e-02	4.246158e-01	
24	2.161869e-05	-6.77085e-02	6.195576e-01	
25	3.161869e-05	-9.86809e-02	9.313792e-01	
26	4.161869e-05	-1.29264e-01	1.239551e+00	
27	5.161869e-05	-1.59337e-01	1.542819e+00	
28	6.161869e-05	-1.88781e-01	1.840004e+00	
29	7.161869e-05	-2.17480e-01	2.129924e+00	
30	8.161869e-05	-2.45321e-01	2.411440e+00	
31	9.161869e-05	-2.72193e-01	2.683438e+00	
32	1.016187e-04	-2.97991e-01	2.944846e+00	
33	1.116187e-04	-3.22614e-01	3.194633e+00	
34	1.216187e-04	-3.45963e-01	3.431811e+00	
35	1.316187e-04	-3.67947e-01	3.655445e+00	
36	1.416187e-04	-3.88478e-01	3.864653e+00	
37	1.516187e-04	-4.07477e-01	4.058608e+00	
38	1.616187e-04	-4.24867e-01	4.236546e+00	
39	1.716187e-04	-4.40580e-01	4.397764e+00	
40	1.816187e-04	-4.54555e-01	4.541625e+00	
41	1.916187e-04	-4.66736e-01	4.667563e+00	
42	2.016187e-04	-4.77075e-01	4.775080e+00	
43	2.116187e-04	-4.85531e-01	4.863751e+00	
44	2.216187e-04	-4.92071e-01	4.933228e+00	
45	2.316187e-04	-4.96669e-01	4.983235e+00	
46	2.416187e-04	-4.99307e-01	5.013576e+00	
47	2.516187e-04	-4.99974e-01	5.024131e+00	
48	2.616187e-04	-4.98668e-01	5.014857e+00	
49	2.716187e-04	-4.95394e-01	4.985793e+00	
50	2.816187e-04	-4.90165e-01	4.937052e+00	
51	2.916187e-04	-4.83002e-01	4.868828e+00	
52	3.016187e-04	-4.73932e-01	4.781388e+00	
53	3.116187e-04	-4.62992e-01	4.675079e+00	
54	3.216187e-04	-4.50225e-01	4.550320e+00	

Index   time            v(in1,in2)      v(out)          
--------------------------------------------------------------------------------
55	3.316187e-04	-4.35681e-01	4.407604e+00	
56	3.416187e-04	-4.19417e-01	4.247493e+00	
57	3.516187e-04	-4.01499e-01	4.070620e+00	
58	3.616187e-04	-3.81995e-01	3.877683e+00	
59	3.716187e-04	-3.60984e-01	3.669442e+00	
60	3.816187e-04	-3.38549e-01	3.446721e+00	
61	3.916187e-04	-3.14777e-01	3.210397e+00	
62	4.016187e-04	-2.89763e-01	2.961404e+00	
63	4.116187e-04	-2.63606e-01	2.700724e+00	
64	4.216187e-04	-2.36408e-01	2.429386e+00	
65	4.316187e-04	-2.08277e-01	2.148461e+00	
66	4.416187e-04	-1.79325e-01	1.859057e+00	
67	4.516187e-04	-1.49664e-01	1.562316e+00	
68	4.616187e-04	-1.19413e-01	1.259410e+00	
69	4.716187e-04	-8.86907e-02	9.515338e-01	
70	4.816187e-04	-5.76183e-02	6.399023e-01	
71	4.916187e-04	-2.63185e-02	3.257456e-01	
72	5.016187e-04	5.085188e-03	1.030328e-02	
73	5.116187e-04	3.646879e-02	-3.05180e-01	
74	5.216187e-04	6.770847e-02	-6.19458e-01	
75	5.316187e-04	9.868093e-02	-9.31292e-01	
76	5.416187e-04	1.292639e-01	-1.23945e+00	
77	5.516187e-04	1.593368e-01	-1.54272e+00	
78	5.616187e-04	1.887808e-01	-1.83990e+00	
79	5.716187e-04	2.174799e-01	-2.12981e+00	
80	5.816187e-04	2.453206e-01	-2.41133e+00	
81	5.916187e-04	2.721931e-01	-2.68332e+00	
82	6.016187e-04	2.979914e-01	-2.94473e+00	
83	6.116187e-04	3.226137e-01	-3.19451e+00	
84	6.216187e-04	3.459628e-01	-3.43169e+00	
85	6.316187e-04	3.679465e-01	-3.65533e+00	
86	6.416187e-04	3.884781e-01	-3.86453e+00	
87	6.516187e-04	4.074766e-01	-4.05849e+00	
88	6.616187e-04	4.248669e-01	-4.23643e+00	
89	6.716187e-04	4.405805e-01	-4.39765e+00	
90	6.816187e-04	4.545553e-01	-4.54151e+00	
91	6.916187e-04	4.667362e-01	-4.66746e+00	
92	7.016187e-04	4.770751e-01	-4.77498e+00	
93	7.116187e-04	4.855312e-01	-4.86365e+00	
94	7.216187e-04	4.920711e-01	-4.93313e+00	
95	7.316187e-04	4.966690e-01	-4.98315e+00	
96	7.416187e-04	4.993069e-01	-5.01349e+00	
97	7.516187e-04	4.999741e-01	-5.02405e+00	
98	7.616187e-04	4.986683e-01	-5.01478e+00	
99	7.716187e-04	4.953944e-01	-4.98572e+00	
100	7.816187e-04	4.901654e-01	-4.93699e+00	
101	7.916187e-04	4.830019e-01	-4.86877e+00	
102	8.016187e-04	4.739323e-01	-4.78133e+00	
103	8.116187e-04	4.629922e-01	-4.67503e+00	
104	8.216187e-04	4.502250e-01	-4.55027e+00	
105	8.316187e-04	4.356809e-01	-4.40756e+00	
106	8.416187e-04	4.194173e-01	-4.24745e+00	
107	8.516187e-04	4.014986e-01	-4.07058e+00	
108	8.616187e-04	3.819953e-01	-3.87764e+00	
109	8.716187e-04	3.609844e-01	-3.66941e+00	
110	8.816187e-04	3.385489e-01	-3.44668e+00	
111	8.916187e-04	3.147773e-01	-3.21036e+00	
112	9.016187e-04	2.897634e-01	-2.96137e+00	

Index   time            v(in1,in2)      v(out)          
--------------------------------------------------------------------------------
113	9.116187e-04	2.636060e-01	-2.70068e+00	
114	9.216187e-04	2.364082e-01	-2.42934e+00	
115	9.316187e-04	2.082774e-01	-2.14841e+00	
116	9.416187e-04	1.793247e-01	-1.85901e+00	
117	9.516187e-04	1.496642e-01	-1.56226e+00	
118	9.616187e-04	1.194131e-01	-1.25935e+00	
119	9.716187e-04	8.869070e-02	-9.51471e-01	
120	9.816187e-04	5.761829e-02	-6.39835e-01	
121	9.916187e-04	2.631848e-02	-3.25673e-01	
122	1.001619e-03	-5.08519e-03	-1.02256e-02	
123	1.011619e-03	-3.64688e-02	3.052625e-01	
124	1.021619e-03	-6.77085e-02	6.195462e-01	
125	1.031619e-03	-9.86809e-02	9.313851e-01	
126	1.041619e-03	-1.29264e-01	1.239548e+00	
127	1.051619e-03	-1.59337e-01	1.542820e+00	
128	1.061619e-03	-1.88781e-01	1.840003e+00	
129	1.071619e-03	-2.17480e-01	2.129924e+00	
130	1.081619e-03	-2.45321e-01	2.411440e+00	
131	1.091619e-03	-2.72193e-01	2.683438e+00	
132	1.101619e-03	-2.97991e-01	2.944846e+00	
133	1.111619e-03	-3.22614e-01	3.194633e+00	
134	1.121619e-03	-3.45963e-01	3.431811e+00	
135	1.131619e-03	-3.67947e-01	3.655445e+00	
136	1.141619e-03	-3.88478e-01	3.864653e+00	
137	1.151619e-03	-4.07477e-01	4.058608e+00	
138	1.161619e-03	-4.24867e-01	4.236546e+00	
139	1.171619e-03	-4.40580e-01	4.397764e+00	
140	1.181619e-03	-4.54555e-01	4.541625e+00	
141	1.191619e-03	-4.66736e-01	4.667563e+00	
142	1.201619e-03	-4.77075e-01	4.775080e+00	
143	1.211619e-03	-4.85531e-01	4.863751e+00	
144	1.221619e-03	-4.92071e-01	4.933228e+00	
145	1.231619e-03	-4.96669e-01	4.983235e+00	
146	1.241619e-03	-4.99307e-01	5.013576e+00	
147	1.251619e-03	-4.99974e-01	5.024131e+00	
148	1.261619e-03	-4.98668e-01	5.014857e+00	
149	1.271619e-03	-4.95394e-01	4.985793e+00	
150	1.281619e-03	-4.90165e-01	4.937052e+00	
151	1.291619e-03	-4.83002e-01	4.868828e+00	
152	1.301619e-03	-4.73932e-01	4.781388e+00	
153	1.311619e-03	-4.62992e-01	4.675079e+00	
154	1.321619e-03	-4.50225e-01	4.550320e+00	
155	1.331619e-03	-4.35681e-01	4.407604e+00	
156	1.341619e-03	-4.19417e-01	4.247493e+00	
157	1.351619e-03	-4.01499e-01	4.070620e+00	
158	1.361619e-03	-3.81995e-01	3.877683e+00	
159	1.371619e-03	-3.60984e-01	3.669442e+00	
160	1.381619e-03	-3.38549e-01	3.446721e+00	
161	1.391619e-03	-3.14777e-01	3.210397e+00	
162	1.401619e-03	-2.89763e-01	2.961404e+00	
163	1.411619e-03	-2.63606e-01	2.700724e+00	
164	1.421619e-03	-2.36408e-01	2.429386e+00	
165	1.431619e-03	-2.08277e-01	2.148461e+00	
166	1.441619e-03	-1.79325e-01	1.859057e+00	
167	1.451619e-03	-1.49664e-01	1.562316e+00	
168	1.461619e-03	-1.19413e-01	1.259410e+00	
169	1.471619e-03	-8.86907e-02	9.515338e-01	
170	1.481619e-03	-5.76183e-02	6.399023e-01	

Index   time            v(in1,in2)      v(out)          
--------------------------------------------------------------------------------
171	1.491619e-03	-2.63185e-02	3.257456e-01	
172	1.501619e-03	5.085188e-03	1.030327e-02	
173	1.511619e-03	3.646879e-02	-3.05180e-01	
174	1.521619e-03	6.770847e-02	-6.19458e-01	
175	1.531619e-03	9.868093e-02	-9.31292e-01	
176	1.541619e-03	1.292639e-01	-1.23945e+00	
177	1.551619e-03	1.593368e-01	-1.54272e+00	
178	1.561619e-03	1.887808e-01	-1.83990e+00	
179	1.571619e-03	2.174799e-01	-2.12981e+00	
180	1.581619e-03	2.453206e-01	-2.41133e+00	
181	1.591619e-03	2.721931e-01	-2.68332e+00	
182	1.601619e-03	2.979914e-01	-2.94473e+00	
183	1.611619e-03	3.226137e-01	-3.19451e+00	
184	1.621619e-03	3.459628e-01	-3.43169e+00	
185	1.631619e-03	3.679465e-01	-3.65533e+00	
186	1.641619e-03	3.884781e-01	-3.86453e+00	
187	1.651619e-03	4.074766e-01	-4.05849e+00	
188	1.661619e-03	4.248669e-01	-4.23643e+00	
189	1.671619e-03	4.405805e-01	-4.39765e+00	
190	1.681619e-03	4.545553e-01	-4.54151e+00	
191	1.691619e-03	4.667362e-01	-4.66746e+00	
192	1.701619e-03	4.770751e-01	-4.77498e+00	
193	1.711619e-03	4.855312e-01	-4.86365e+00	
194	1.721619e-03	4.920711e-01	-4.93313e+00	
195	1.731619e-03	4.966690e-01	-4.98315e+00	
196	1.741619e-03	4.993069e-01	-5.01349e+00	
197	1.751619e-03	4.999741e-01	-5.02405e+00	
198	1.761619e-03	4.986683e-01	-5.01478e+00	
199	1.771619e-03	4.953944e-01	-4.98572e+00	
200	1.781619e-03	4.901654e-01	-4.93699e+00	
201	1.791619e-03	4.830019e-01	-4.86877e+00	
202	1.801619e-03	4.739323e-01	-4.78133e+00	
203	1.811619e-03	4.629922e-01	-4.67503e+00	
204	1.821619e-03	4.502250e-01	-4.55027e+00	
205	1.831619e-03	4.356809e-01	-4.40756e+00	
206	1.841619e-03	4.194173e-01	-4.24745e+00	
207	1.851619e-03	4.014986e-01	-4.07058e+00	
208	1.861619e-03	3.819953e-01	-3.87764e+00	
209	1.871619e-03	3.609844e-01	-3.66941e+00	
210	1.881619e-03	3.385489e-01	-3.44668e+00	
211	1.891619e-03	3.147773e-01	-3.21036e+00	
212	1.901619e-03	2.897634e-01	-2.96137e+00	
213	1.911619e-03	2.636060e-01	-2.70068e+00	
214	1.921619e-03	2.364082e-01	-2.42934e+00	
215	1.931619e-03	2.082774e-01	-2.14841e+00	
216	1.941619e-03	1.793247e-01	-1.85901e+00	
217	1.951619e-03	1.496642e-01	-1.56226e+00	
218	1.961619e-03	1.194131e-01	-1.25935e+00	
219	1.971619e-03	8.869070e-02	-9.51471e-01	
220	1.981619e-03	5.761829e-02	-6.39835e-01	
221	1.991619e-03	2.631848e-02	-3.25673e-01	
222	2.001619e-03	-5.08519e-03	-1.02256e-02	
223	2.011619e-03	-3.64688e-02	3.052625e-01	
224	2.021619e-03	-6.77085e-02	6.195462e-01	
225	2.031619e-03	-9.86809e-02	9.313851e-01	
226	2.041619e-03	-1.29264e-01	1.239548e+00	
227	2.051619e-03	-1.59337e-01	1.542820e+00	
228	2.061619e-03	-1.88781e-01	1.840003e+00	

Index   time            v(in1,in2)      v(out)          
--------------------------------------------------------------------------------
229	2.071619e-03	-2.17480e-01	2.129924e+00	
230	2.081619e-03	-2.45321e-01	2.411440e+00	
231	2.091619e-03	-2.72193e-01	2.683438e+00	
232	2.101619e-03	-2.97991e-01	2.944846e+00	
233	2.111619e-03	-3.22614e-01	3.194633e+00	
234	2.121619e-03	-3.45963e-01	3.431811e+00	
235	2.131619e-03	-3.67947e-01	3.655445e+00	
236	2.141619e-03	-3.88478e-01	3.864653e+00	
237	2.151619e-03	-4.07477e-01	4.058608e+00	
238	2.161619e-03	-4.24867e-01	4.236546e+00	
239	2.171619e-03	-4.40580e-01	4.397764e+00	
240	2.181619e-03	-4.54555e-01	4.541625e+00	
241	2.191619e-03	-4.66736e-01	4.667563e+00	
242	2.201619e-03	-4.77075e-01	4.775080e+00	
243	2.211619e-03	-4.85531e-01	4.863751e+00	
244	2.221619e-03	-4.92071e-01	4.933228e+00	
245	2.231619e-03	-4.96669e-01	4.983235e+00	
246	2.241619e-03	-4.99307e-01	5.013576e+00	
247	2.251619e-03	-4.99974e-01	5.024131e+00	
248	2.261619e-03	-4.98668e-01	5.014857e+00	
249	2.271619e-03	-4.95394e-01	4.985793e+00	
250	2.281619e-03	-4.90165e-01	4.937052e+00	
251	2.291619e-03	-4.83002e-01	4.868828e+00	
252	2.301619e-03	-4.73932e-01	4.781388e+00	
253	2.311619e-03	-4.62992e-01	4.675079e+00	
254	2.321619e-03	-4.50225e-01	4.550320e+00	
255	2.331619e-03	-4.35681e-01	4.407604e+00	
256	2.341619e-03	-4.19417e-01	4.247493e+00	
257	2.351619e-03	-4.01499e-01	4.070620e+00	
258	2.361619e-03	-3.81995e-01	3.877683e+00	
259	2.371619e-03	-3.60984e-01	3.669442e+00	
260	2.381619e-03	-3.38549e-01	3.446721e+00	
261	2.391619e-03	-3.14777e-01	3.210397e+00	
262	2.401619e-03	-2.89763e-01	2.961404e+00	
263	2.411619e-03	-2.63606e-01	2.700724e+00	
264	2.421619e-03	-2.36408e-01	2.429386e+00	
265	2.431619e-03	-2.08277e-01	2.148461e+00	
266	2.441619e-03	-1.79325e-01	1.859057e+00	
267	2.451619e-03	-1.49664e-01	1.562316e+00	
268	2.461619e-03	-1.19413e-01	1.259410e+00	
269	2.471619e-03	-8.86907e-02	9.515338e-01	
270	2.481619e-03	-5.76183e-02	6.399023e-01	
271	2.491619e-03	-2.63185e-02	3.257456e-01	
272	2.501619e-03	5.085188e-03	1.030327e-02	
273	2.511619e-03	3.646879e-02	-3.05180e-01	
274	2.521619e-03	6.770847e-02	-6.19458e-01	
275	2.531619e-03	9.868093e-02	-9.31292e-01	
276	2.541619e-03	1.292639e-01	-1.23945e+00	
277	2.551619e-03	1.593368e-01	-1.54272e+00	
278	2.561619e-03	1.887808e-01	-1.83990e+00	
279	2.571619e-03	2.174799e-01	-2.12981e+00	
280	2.581619e-03	2.453206e-01	-2.41133e+00	
281	2.591619e-03	2.721931e-01	-2.68332e+00	
282	2.601619e-03	2.979914e-01	-2.94473e+00	
283	2.611619e-03	3.226137e-01	-3.19451e+00	
284	2.621619e-03	3.459628e-01	-3.43169e+00	
285	2.631619e-03	3.679465e-01	-3.65533e+00	
286	2.641619e-03	3.884781e-01	-3.86453e+00	

Index   time            v(in1,in2)      v(out)          
--------------------------------------------------------------------------------
287	2.651619e-03	4.074766e-01	-4.05849e+00	
288	2.661619e-03	4.248669e-01	-4.23643e+00	
289	2.671619e-03	4.405805e-01	-4.39765e+00	
290	2.681619e-03	4.545553e-01	-4.54151e+00	
291	2.691619e-03	4.667362e-01	-4.66746e+00	
292	2.701619e-03	4.770751e-01	-4.77498e+00	
293	2.711619e-03	4.855312e-01	-4.86365e+00	
294	2.721619e-03	4.920711e-01	-4.93313e+00	
295	2.731619e-03	4.966690e-01	-4.98315e+00	
296	2.741619e-03	4.993069e-01	-5.01349e+00	
297	2.751619e-03	4.999741e-01	-5.02405e+00	
298	2.761619e-03	4.986683e-01	-5.01478e+00	
299	2.771619e-03	4.953944e-01	-4.98572e+00	
300	2.781619e-03	4.901654e-01	-4.93699e+00	
301	2.791619e-03	4.830019e-01	-4.86877e+00	
302	2.801619e-03	4.739323e-01	-4.78133e+00	
303	2.811619e-03	4.629922e-01	-4.67503e+00	
304	2.821619e-03	4.502250e-01	-4.55027e+00	
305	2.831619e-03	4.356809e-01	-4.40756e+00	
306	2.841619e-03	4.194173e-01	-4.24745e+00	
307	2.851619e-03	4.014986e-01	-4.07058e+00	
308	2.861619e-03	3.819953e-01	-3.87764e+00	
309	2.871619e-03	3.609844e-01	-3.66941e+00	
310	2.881619e-03	3.385489e-01	-3.44668e+00	
311	2.891619e-03	3.147773e-01	-3.21036e+00	
312	2.901619e-03	2.897634e-01	-2.96137e+00	
313	2.911619e-03	2.636060e-01	-2.70068e+00	
314	2.921619e-03	2.364082e-01	-2.42934e+00	
315	2.931619e-03	2.082774e-01	-2.14841e+00	
316	2.941619e-03	1.793247e-01	-1.85901e+00	
317	2.951619e-03	1.496642e-01	-1.56226e+00	
318	2.961619e-03	1.194131e-01	-1.25935e+00	
319	2.971619e-03	8.869070e-02	-9.51471e-01	
320	2.981619e-03	5.761829e-02	-6.39835e-01	
321	2.991619e-03	2.631848e-02	-3.25673e-01	
322	3.001619e-03	-5.08519e-03	-1.02256e-02	
323	3.011619e-03	-3.64688e-02	3.052625e-01	
324	3.021619e-03	-6.77085e-02	6.195462e-01	
325	3.031619e-03	-9.86809e-02	9.313851e-01	
326	3.041619e-03	-1.29264e-01	1.239548e+00	
327	3.051619e-03	-1.59337e-01	1.542820e+00	
328	3.061619e-03	-1.88781e-01	1.840003e+00	
329	3.071619e-03	-2.17480e-01	2.129924e+00	
330	3.081619e-03	-2.45321e-01	2.411440e+00	
331	3.091619e-03	-2.72193e-01	2.683438e+00	
332	3.101619e-03	-2.97991e-01	2.944846e+00	
333	3.111619e-03	-3.22614e-01	3.194633e+00	
334	3.121619e-03	-3.45963e-01	3.431811e+00	
335	3.131619e-03	-3.67947e-01	3.655445e+00	
336	3.141619e-03	-3.88478e-01	3.864653e+00	
337	3.151619e-03	-4.07477e-01	4.058608e+00	
338	3.161619e-03	-4.24867e-01	4.236546e+00	
339	3.171619e-03	-4.40580e-01	4.397764e+00	
340	3.181619e-03	-4.54555e-01	4.541625e+00	
341	3.191619e-03	-4.66736e-01	4.667563e+00	
342	3.201619e-03	-4.77075e-01	4.775080e+00	
343	3.211619e-03	-4.85531e-01	4.863751e+00	
344	3.221619e-03	-4.92071e-01	4.933228e+00	

Index   time            v(in1,in2)      v(out)          
--------------------------------------------------------------------------------
345	3.231619e-03	-4.96669e-01	4.983235e+00	
346	3.241619e-03	-4.99307e-01	5.013576e+00	
347	3.251619e-03	-4.99974e-01	5.024131e+00	
348	3.261619e-03	-4.98668e-01	5.014857e+00	
349	3.271619e-03	-4.95394e-01	4.985793e+00	
350	3.281619e-03	-4.90165e-01	4.937052e+00	
351	3.291619e-03	-4.83002e-01	4.868828e+00	
352	3.301619e-03	-4.73932e-01	4.781388e+00	
353	3.311619e-03	-4.62992e-01	4.675079e+00	
354	3.321619e-03	-4.50225e-01	4.550320e+00	
355	3.331619e-03	-4.35681e-01	4.407604e+00	
356	3.341619e-03	-4.19417e-01	4.247493e+00	
357	3.351619e-03	-4.01499e-01	4.070620e+00	
358	3.361619e-03	-3.81995e-01	3.877683e+00	
359	3.371619e-03	-3.60984e-01	3.669442e+00	
360	3.381619e-03	-3.38549e-01	3.446721e+00	
361	3.391619e-03	-3.14777e-01	3.210397e+00	
362	3.401619e-03	-2.89763e-01	2.961404e+00	
363	3.411619e-03	-2.63606e-01	2.700724e+00	
364	3.421619e-03	-2.36408e-01	2.429386e+00	
365	3.431619e-03	-2.08277e-01	2.148461e+00	
366	3.441619e-03	-1.79325e-01	1.859057e+00	
367	3.451619e-03	-1.49664e-01	1.562316e+00	
368	3.461619e-03	-1.19413e-01	1.259410e+00	
369	3.471619e-03	-8.86907e-02	9.515338e-01	
370	3.481619e-03	-5.76183e-02	6.399023e-01	
371	3.491619e-03	-2.63185e-02	3.257456e-01	
372	3.501619e-03	5.085188e-03	1.030327e-02	
373	3.511619e-03	3.646879e-02	-3.05180e-01	
374	3.521619e-03	6.770847e-02	-6.19458e-01	
375	3.531619e-03	9.868093e-02	-9.31292e-01	
376	3.541619e-03	1.292639e-01	-1.23945e+00	
377	3.551619e-03	1.593368e-01	-1.54272e+00	
378	3.561619e-03	1.887808e-01	-1.83990e+00	
379	3.571619e-03	2.174799e-01	-2.12981e+00	
380	3.581619e-03	2.453206e-01	-2.41133e+00	
381	3.591619e-03	2.721931e-01	-2.68332e+00	
382	3.601619e-03	2.979914e-01	-2.94473e+00	
383	3.611619e-03	3.226137e-01	-3.19451e+00	
384	3.621619e-03	3.459628e-01	-3.43169e+00	
385	3.631619e-03	3.679465e-01	-3.65533e+00	
386	3.641619e-03	3.884781e-01	-3.86453e+00	
387	3.651619e-03	4.074766e-01	-4.05849e+00	
388	3.661619e-03	4.248669e-01	-4.23643e+00	
389	3.671619e-03	4.405805e-01	-4.39765e+00	
390	3.681619e-03	4.545553e-01	-4.54151e+00	
391	3.691619e-03	4.667362e-01	-4.66746e+00	
392	3.701619e-03	4.770751e-01	-4.77498e+00	
393	3.711619e-03	4.855312e-01	-4.86365e+00	
394	3.721619e-03	4.920711e-01	-4.93313e+00	
395	3.731619e-03	4.966690e-01	-4.98315e+00	
396	3.741619e-03	4.993069e-01	-5.01349e+00	
397	3.751619e-03	4.999741e-01	-5.02405e+00	
398	3.761619e-03	4.986683e-01	-5.01478e+00	
399	3.771619e-03	4.953944e-01	-4.98572e+00	
400	3.781619e-03	4.901654e-01	-4.93699e+00	
401	3.791619e-03	4.830019e-01	-4.86877e+00	
402	3.801619e-03	4.739323e-01	-4.78133e+00	

Index   time            v(in1,in2)      v(out)          
--------------------------------------------------------------------------------
403	3.811619e-03	4.629922e-01	-4.67503e+00	
404	3.821619e-03	4.502250e-01	-4.55027e+00	
405	3.831619e-03	4.356809e-01	-4.40756e+00	
406	3.841619e-03	4.194173e-01	-4.24745e+00	
407	3.851619e-03	4.014986e-01	-4.07058e+00	
408	3.861619e-03	3.819953e-01	-3.87764e+00	
409	3.871619e-03	3.609844e-01	-3.66941e+00	
410	3.881619e-03	3.385489e-01	-3.44668e+00	
411	3.891619e-03	3.147773e-01	-3.21036e+00	
412	3.901619e-03	2.897634e-01	-2.96137e+00	
413	3.911619e-03	2.636060e-01	-2.70068e+00	
414	3.921619e-03	2.364082e-01	-2.42934e+00	
415	3.931619e-03	2.082774e-01	-2.14841e+00	
416	3.941619e-03	1.793247e-01	-1.85901e+00	
417	3.951619e-03	1.496642e-01	-1.56226e+00	
418	3.961619e-03	1.194131e-01	-1.25935e+00	
419	3.971619e-03	8.869070e-02	-9.51471e-01	
420	3.981619e-03	5.761829e-02	-6.39835e-01	
421	3.991619e-03	2.631848e-02	-3.25673e-01	
422	4.001619e-03	-5.08519e-03	-1.02256e-02	
423	4.011619e-03	-3.64688e-02	3.052625e-01	
424	4.021619e-03	-6.77085e-02	6.195462e-01	
425	4.031619e-03	-9.86809e-02	9.313851e-01	
426	4.041619e-03	-1.29264e-01	1.239548e+00	
427	4.051619e-03	-1.59337e-01	1.542820e+00	
428	4.061619e-03	-1.88781e-01	1.840003e+00	
429	4.071619e-03	-2.17480e-01	2.129924e+00	
430	4.081619e-03	-2.45321e-01	2.411440e+00	
431	4.091619e-03	-2.72193e-01	2.683438e+00	
432	4.101619e-03	-2.97991e-01	2.944846e+00	
433	4.111619e-03	-3.22614e-01	3.194633e+00	
434	4.121619e-03	-3.45963e-01	3.431811e+00	
435	4.131619e-03	-3.67947e-01	3.655445e+00	
436	4.141619e-03	-3.88478e-01	3.864653e+00	
437	4.151619e-03	-4.07477e-01	4.058608e+00	
438	4.161619e-03	-4.24867e-01	4.236546e+00	
439	4.171619e-03	-4.40580e-01	4.397764e+00	
440	4.181619e-03	-4.54555e-01	4.541625e+00	
441	4.191619e-03	-4.66736e-01	4.667563e+00	
442	4.201619e-03	-4.77075e-01	4.775080e+00	
443	4.211619e-03	-4.85531e-01	4.863751e+00	
444	4.221619e-03	-4.92071e-01	4.933228e+00	
445	4.231619e-03	-4.96669e-01	4.983235e+00	
446	4.241619e-03	-4.99307e-01	5.013576e+00	
447	4.251619e-03	-4.99974e-01	5.024131e+00	
448	4.261619e-03	-4.98668e-01	5.014857e+00	
449	4.271619e-03	-4.95394e-01	4.985793e+00	
450	4.281619e-03	-4.90165e-01	4.937052e+00	
451	4.291619e-03	-4.83002e-01	4.868828e+00	
452	4.301619e-03	-4.73932e-01	4.781388e+00	
453	4.311619e-03	-4.62992e-01	4.675079e+00	
454	4.321619e-03	-4.50225e-01	4.550320e+00	
455	4.331619e-03	-4.35681e-01	4.407604e+00	
456	4.341619e-03	-4.19417e-01	4.247493e+00	
457	4.351619e-03	-4.01499e-01	4.070620e+00	
458	4.361619e-03	-3.81995e-01	3.877683e+00	
459	4.371619e-03	-3.60984e-01	3.669442e+00	
460	4.381619e-03	-3.38549e-01	3.446721e+00	

Index   time            v(in1,in2)      v(out)          
--------------------------------------------------------------------------------
461	4.391619e-03	-3.14777e-01	3.210397e+00	
462	4.401619e-03	-2.89763e-01	2.961404e+00	
463	4.411619e-03	-2.63606e-01	2.700724e+00	
464	4.421619e-03	-2.36408e-01	2.429386e+00	
465	4.431619e-03	-2.08277e-01	2.148461e+00	
466	4.441619e-03	-1.79325e-01	1.859057e+00	
467	4.451619e-03	-1.49664e-01	1.562316e+00	
468	4.461619e-03	-1.19413e-01	1.259410e+00	
469	4.471619e-03	-8.86907e-02	9.515338e-01	
470	4.481619e-03	-5.76183e-02	6.399023e-01	
471	4.491619e-03	-2.63185e-02	3.257456e-01	
472	4.501619e-03	5.085188e-03	1.030327e-02	
473	4.511619e-03	3.646879e-02	-3.05180e-01	
474	4.521619e-03	6.770847e-02	-6.19458e-01	
475	4.531619e-03	9.868093e-02	-9.31292e-01	
476	4.541619e-03	1.292639e-01	-1.23945e+00	
477	4.551619e-03	1.593368e-01	-1.54272e+00	
478	4.561619e-03	1.887808e-01	-1.83990e+00	
479	4.571619e-03	2.174799e-01	-2.12981e+00	
480	4.581619e-03	2.453206e-01	-2.41133e+00	
481	4.591619e-03	2.721931e-01	-2.68332e+00	
482	4.601619e-03	2.979914e-01	-2.94473e+00	
483	4.611619e-03	3.226137e-01	-3.19451e+00	
484	4.621619e-03	3.459628e-01	-3.43169e+00	
485	4.631619e-03	3.679465e-01	-3.65533e+00	
486	4.641619e-03	3.884781e-01	-3.86453e+00	
487	4.651619e-03	4.074766e-01	-4.05849e+00	
488	4.661619e-03	4.248669e-01	-4.23643e+00	
489	4.671619e-03	4.405805e-01	-4.39765e+00	
490	4.681619e-03	4.545553e-01	-4.54151e+00	
491	4.691619e-03	4.667362e-01	-4.66746e+00	
492	4.701619e-03	4.770751e-01	-4.77498e+00	
493	4.711619e-03	4.855312e-01	-4.86365e+00	
494	4.721619e-03	4.920711e-01	-4.93313e+00	
495	4.731619e-03	4.966690e-01	-4.98315e+00	
496	4.741619e-03	4.993069e-01	-5.01349e+00	
497	4.751619e-03	4.999741e-01	-5.02405e+00	
498	4.761619e-03	4.986683e-01	-5.01478e+00	
499	4.771619e-03	4.953944e-01	-4.98572e+00	
500	4.781619e-03	4.901654e-01	-4.93699e+00	
501	4.791619e-03	4.830019e-01	-4.86877e+00	
502	4.801619e-03	4.739323e-01	-4.78133e+00	
503	4.811619e-03	4.629922e-01	-4.67503e+00	
504	4.821619e-03	4.502250e-01	-4.55027e+00	
505	4.831619e-03	4.356809e-01	-4.40756e+00	
506	4.841619e-03	4.194173e-01	-4.24745e+00	
507	4.851619e-03	4.014986e-01	-4.07058e+00	
508	4.861619e-03	3.819953e-01	-3.87764e+00	
509	4.871619e-03	3.609844e-01	-3.66941e+00	
510	4.881619e-03	3.385489e-01	-3.44668e+00	
511	4.891619e-03	3.147773e-01	-3.21036e+00	
512	4.901619e-03	2.897634e-01	-2.96137e+00	
513	4.911619e-03	2.636060e-01	-2.70068e+00	
514	4.921619e-03	2.364082e-01	-2.42934e+00	
515	4.931619e-03	2.082774e-01	-2.14841e+00	
516	4.941619e-03	1.793247e-01	-1.85901e+00	
517	4.951619e-03	1.496642e-01	-1.56226e+00	
518	4.961619e-03	1.194131e-01	-1.25935e+00	

Index   time            v(in1,in2)      v(out)          
--------------------------------------------------------------------------------
519	4.971619e-03	8.869070e-02	-9.51471e-01	
520	4.981619e-03	5.761829e-02	-6.39835e-01	
521	4.991619e-03	2.631848e-02	-3.25673e-01	
522	5.001619e-03	-5.08519e-03	-1.02256e-02	
523	5.011619e-03	-3.64688e-02	3.052625e-01	
524	5.021619e-03	-6.77085e-02	6.195462e-01	
525	5.031619e-03	-9.86809e-02	9.313851e-01	
526	5.041619e-03	-1.29264e-01	1.239548e+00	
527	5.051619e-03	-1.59337e-01	1.542820e+00	
528	5.061619e-03	-1.88781e-01	1.840003e+00	
529	5.071619e-03	-2.17480e-01	2.129924e+00	
530	5.081619e-03	-2.45321e-01	2.411440e+00	
531	5.091619e-03	-2.72193e-01	2.683438e+00	
532	5.101619e-03	-2.97991e-01	2.944846e+00	
533	5.111619e-03	-3.22614e-01	3.194633e+00	
534	5.121619e-03	-3.45963e-01	3.431811e+00	
535	5.131619e-03	-3.67947e-01	3.655445e+00	
536	5.141619e-03	-3.88478e-01	3.864653e+00	
537	5.151619e-03	-4.07477e-01	4.058608e+00	
538	5.161619e-03	-4.24867e-01	4.236546e+00	
539	5.171619e-03	-4.40580e-01	4.397764e+00	
540	5.181619e-03	-4.54555e-01	4.541625e+00	
541	5.191619e-03	-4.66736e-01	4.667563e+00	
542	5.201619e-03	-4.77075e-01	4.775080e+00	
543	5.211619e-03	-4.85531e-01	4.863751e+00	
544	5.221619e-03	-4.92071e-01	4.933228e+00	
545	5.231619e-03	-4.96669e-01	4.983235e+00	
546	5.241619e-03	-4.99307e-01	5.013576e+00	
547	5.251619e-03	-4.99974e-01	5.024131e+00	
548	5.261619e-03	-4.98668e-01	5.014857e+00	
549	5.271619e-03	-4.95394e-01	4.985793e+00	
550	5.281619e-03	-4.90165e-01	4.937052e+00	
551	5.291619e-03	-4.83002e-01	4.868828e+00	
552	5.301619e-03	-4.73932e-01	4.781388e+00	
553	5.311619e-03	-4.62992e-01	4.675079e+00	
554	5.321619e-03	-4.50225e-01	4.550320e+00	
555	5.331619e-03	-4.35681e-01	4.407604e+00	
556	5.341619e-03	-4.19417e-01	4.247493e+00	
557	5.351619e-03	-4.01499e-01	4.070620e+00	
558	5.361619e-03	-3.81995e-01	3.877683e+00	
559	5.371619e-03	-3.60984e-01	3.669442e+00	
560	5.381619e-03	-3.38549e-01	3.446721e+00	
561	5.391619e-03	-3.14777e-01	3.210397e+00	
562	5.401619e-03	-2.89763e-01	2.961404e+00	
563	5.411619e-03	-2.63606e-01	2.700724e+00	
564	5.421619e-03	-2.36408e-01	2.429386e+00	
565	5.431619e-03	-2.08277e-01	2.148461e+00	
566	5.441619e-03	-1.79325e-01	1.859057e+00	
567	5.451619e-03	-1.49664e-01	1.562316e+00	
568	5.461619e-03	-1.19413e-01	1.259410e+00	
569	5.471619e-03	-8.86907e-02	9.515338e-01	
570	5.481619e-03	-5.76183e-02	6.399023e-01	
571	5.491619e-03	-2.63185e-02	3.257456e-01	
572	5.501619e-03	5.085188e-03	1.030327e-02	
573	5.511619e-03	3.646879e-02	-3.05180e-01	
574	5.521619e-03	6.770847e-02	-6.19458e-01	
575	5.531619e-03	9.868093e-02	-9.31292e-01	
576	5.541619e-03	1.292639e-01	-1.23945e+00	

Index   time            v(in1,in2)      v(out)          
--------------------------------------------------------------------------------
577	5.551619e-03	1.593368e-01	-1.54272e+00	
578	5.561619e-03	1.887808e-01	-1.83990e+00	
579	5.571619e-03	2.174799e-01	-2.12981e+00	
580	5.581619e-03	2.453206e-01	-2.41133e+00	
581	5.591619e-03	2.721931e-01	-2.68332e+00	
582	5.601619e-03	2.979914e-01	-2.94473e+00	
583	5.611619e-03	3.226137e-01	-3.19451e+00	
584	5.621619e-03	3.459628e-01	-3.43169e+00	
585	5.631619e-03	3.679465e-01	-3.65533e+00	
586	5.641619e-03	3.884781e-01	-3.86453e+00	
587	5.651619e-03	4.074766e-01	-4.05849e+00	
588	5.661619e-03	4.248669e-01	-4.23643e+00	
589	5.671619e-03	4.405805e-01	-4.39765e+00	
590	5.681619e-03	4.545553e-01	-4.54151e+00	
591	5.691619e-03	4.667362e-01	-4.66746e+00	
592	5.701619e-03	4.770751e-01	-4.77498e+00	
593	5.711619e-03	4.855312e-01	-4.86365e+00	
594	5.721619e-03	4.920711e-01	-4.93313e+00	
595	5.731619e-03	4.966690e-01	-4.98315e+00	
596	5.741619e-03	4.993069e-01	-5.01349e+00	
597	5.751619e-03	4.999741e-01	-5.02405e+00	
598	5.761619e-03	4.986683e-01	-5.01478e+00	
599	5.771619e-03	4.953944e-01	-4.98572e+00	
600	5.781619e-03	4.901654e-01	-4.93699e+00	
601	5.791619e-03	4.830019e-01	-4.86877e+00	
602	5.801619e-03	4.739323e-01	-4.78133e+00	
603	5.811619e-03	4.629922e-01	-4.67503e+00	
604	5.821619e-03	4.502250e-01	-4.55027e+00	
605	5.831619e-03	4.356809e-01	-4.40756e+00	
606	5.841619e-03	4.194173e-01	-4.24745e+00	
607	5.851619e-03	4.014986e-01	-4.07058e+00	
608	5.861619e-03	3.819953e-01	-3.87764e+00	
609	5.871619e-03	3.609844e-01	-3.66941e+00	
610	5.881619e-03	3.385489e-01	-3.44668e+00	
611	5.891619e-03	3.147773e-01	-3.21036e+00	
612	5.901619e-03	2.897634e-01	-2.96137e+00	
613	5.911619e-03	2.636060e-01	-2.70068e+00	
614	5.921619e-03	2.364082e-01	-2.42934e+00	
615	5.931619e-03	2.082774e-01	-2.14841e+00	
616	5.941619e-03	1.793247e-01	-1.85901e+00	
617	5.951619e-03	1.496642e-01	-1.56226e+00	
618	5.961619e-03	1.194131e-01	-1.25935e+00	
619	5.971619e-03	8.869070e-02	-9.51471e-01	
620	5.981619e-03	5.761829e-02	-6.39835e-01	
621	5.991619e-03	2.631848e-02	-3.25673e-01	
622	6.001619e-03	-5.08519e-03	-1.02256e-02	
623	6.011619e-03	-3.64688e-02	3.052625e-01	
624	6.021619e-03	-6.77085e-02	6.195462e-01	
625	6.031619e-03	-9.86809e-02	9.313851e-01	
626	6.041619e-03	-1.29264e-01	1.239548e+00	
627	6.051619e-03	-1.59337e-01	1.542820e+00	
628	6.061619e-03	-1.88781e-01	1.840003e+00	
629	6.071619e-03	-2.17480e-01	2.129924e+00	
630	6.081619e-03	-2.45321e-01	2.411440e+00	
631	6.091619e-03	-2.72193e-01	2.683438e+00	
632	6.101619e-03	-2.97991e-01	2.944846e+00	
633	6.111619e-03	-3.22614e-01	3.194633e+00	
634	6.121619e-03	-3.45963e-01	3.431811e+00	

Index   time            v(in1,in2)      v(out)          
--------------------------------------------------------------------------------
635	6.131619e-03	-3.67947e-01	3.655445e+00	
636	6.141619e-03	-3.88478e-01	3.864653e+00	
637	6.151619e-03	-4.07477e-01	4.058608e+00	
638	6.161619e-03	-4.24867e-01	4.236546e+00	
639	6.171619e-03	-4.40580e-01	4.397764e+00	
640	6.181619e-03	-4.54555e-01	4.541625e+00	
641	6.191619e-03	-4.66736e-01	4.667563e+00	
642	6.201619e-03	-4.77075e-01	4.775080e+00	
643	6.211619e-03	-4.85531e-01	4.863751e+00	
644	6.221619e-03	-4.92071e-01	4.933228e+00	
645	6.231619e-03	-4.96669e-01	4.983235e+00	
646	6.241619e-03	-4.99307e-01	5.013576e+00	
647	6.251619e-03	-4.99974e-01	5.024131e+00	
648	6.261619e-03	-4.98668e-01	5.014857e+00	
649	6.271619e-03	-4.95394e-01	4.985793e+00	
650	6.281619e-03	-4.90165e-01	4.937052e+00	
651	6.291619e-03	-4.83002e-01	4.868828e+00	
652	6.301619e-03	-4.73932e-01	4.781388e+00	
653	6.311619e-03	-4.62992e-01	4.675079e+00	
654	6.321619e-03	-4.50225e-01	4.550320e+00	
655	6.331619e-03	-4.35681e-01	4.407604e+00	
656	6.341619e-03	-4.19417e-01	4.247493e+00	
657	6.351619e-03	-4.01499e-01	4.070620e+00	
658	6.361619e-03	-3.81995e-01	3.877683e+00	
659	6.371619e-03	-3.60984e-01	3.669442e+00	
660	6.381619e-03	-3.38549e-01	3.446721e+00	
661	6.391619e-03	-3.14777e-01	3.210397e+00	
662	6.401619e-03	-2.89763e-01	2.961404e+00	
663	6.411619e-03	-2.63606e-01	2.700724e+00	
664	6.421619e-03	-2.36408e-01	2.429386e+00	
665	6.431619e-03	-2.08277e-01	2.148461e+00	
666	6.441619e-03	-1.79325e-01	1.859057e+00	
667	6.451619e-03	-1.49664e-01	1.562316e+00	
668	6.461619e-03	-1.19413e-01	1.259410e+00	
669	6.471619e-03	-8.86907e-02	9.515338e-01	
670	6.481619e-03	-5.76183e-02	6.399023e-01	
671	6.491619e-03	-2.63185e-02	3.257456e-01	
672	6.501619e-03	5.085188e-03	1.030327e-02	
673	6.511619e-03	3.646879e-02	-3.05180e-01	
674	6.521619e-03	6.770847e-02	-6.19458e-01	
675	6.531619e-03	9.868093e-02	-9.31292e-01	
676	6.541619e-03	1.292639e-01	-1.23945e+00	
677	6.551619e-03	1.593368e-01	-1.54272e+00	
678	6.561619e-03	1.887808e-01	-1.83990e+00	
679	6.571619e-03	2.174799e-01	-2.12981e+00	
680	6.581619e-03	2.453206e-01	-2.41133e+00	
681	6.591619e-03	2.721931e-01	-2.68332e+00	
682	6.601619e-03	2.979914e-01	-2.94473e+00	
683	6.611619e-03	3.226137e-01	-3.19451e+00	
684	6.621619e-03	3.459628e-01	-3.43169e+00	
685	6.631619e-03	3.679465e-01	-3.65533e+00	
686	6.641619e-03	3.884781e-01	-3.86453e+00	
687	6.651619e-03	4.074766e-01	-4.05849e+00	
688	6.661619e-03	4.248669e-01	-4.23643e+00	
689	6.671619e-03	4.405805e-01	-4.39765e+00	
690	6.681619e-03	4.545553e-01	-4.54151e+00	
691	6.691619e-03	4.667362e-01	-4.66746e+00	
692	6.701619e-03	4.770751e-01	-4.77498e+00	

Index   time            v(in1,in2)      v(out)          
--------------------------------------------------------------------------------
693	6.711619e-03	4.855312e-01	-4.86365e+00	
694	6.721619e-03	4.920711e-01	-4.93313e+00	
695	6.731619e-03	4.966690e-01	-4.98315e+00	
696	6.741619e-03	4.993069e-01	-5.01349e+00	
697	6.751619e-03	4.999741e-01	-5.02405e+00	
698	6.761619e-03	4.986683e-01	-5.01478e+00	
699	6.771619e-03	4.953944e-01	-4.98572e+00	
700	6.781619e-03	4.901654e-01	-4.93699e+00	
701	6.791619e-03	4.830019e-01	-4.86877e+00	
702	6.801619e-03	4.739323e-01	-4.78133e+00	
703	6.811619e-03	4.629922e-01	-4.67503e+00	
704	6.821619e-03	4.502250e-01	-4.55027e+00	
705	6.831619e-03	4.356809e-01	-4.40756e+00	
706	6.841619e-03	4.194173e-01	-4.24745e+00	
707	6.851619e-03	4.014986e-01	-4.07058e+00	
708	6.861619e-03	3.819953e-01	-3.87764e+00	
709	6.871619e-03	3.609844e-01	-3.66941e+00	
710	6.881619e-03	3.385489e-01	-3.44668e+00	
711	6.891619e-03	3.147773e-01	-3.21036e+00	
712	6.901619e-03	2.897634e-01	-2.96137e+00	
713	6.911619e-03	2.636060e-01	-2.70068e+00	
714	6.921619e-03	2.364082e-01	-2.42934e+00	
715	6.931619e-03	2.082774e-01	-2.14841e+00	
716	6.941619e-03	1.793247e-01	-1.85901e+00	
717	6.951619e-03	1.496642e-01	-1.56226e+00	
718	6.961619e-03	1.194131e-01	-1.25935e+00	
719	6.971619e-03	8.869070e-02	-9.51471e-01	
720	6.981619e-03	5.761829e-02	-6.39835e-01	
721	6.991619e-03	2.631848e-02	-3.25673e-01	
722	7.001619e-03	-5.08519e-03	-1.02256e-02	
723	7.011619e-03	-3.64688e-02	3.052625e-01	
724	7.021619e-03	-6.77085e-02	6.195462e-01	
725	7.031619e-03	-9.86809e-02	9.313851e-01	
726	7.041619e-03	-1.29264e-01	1.239548e+00	
727	7.051619e-03	-1.59337e-01	1.542820e+00	
728	7.061619e-03	-1.88781e-01	1.840003e+00	
729	7.071619e-03	-2.17480e-01	2.129924e+00	
730	7.081619e-03	-2.45321e-01	2.411440e+00	
731	7.091619e-03	-2.72193e-01	2.683438e+00	
732	7.101619e-03	-2.97991e-01	2.944846e+00	
733	7.111619e-03	-3.22614e-01	3.194633e+00	
734	7.121619e-03	-3.45963e-01	3.431811e+00	
735	7.131619e-03	-3.67947e-01	3.655445e+00	
736	7.141619e-03	-3.88478e-01	3.864653e+00	
737	7.151619e-03	-4.07477e-01	4.058608e+00	
738	7.161619e-03	-4.24867e-01	4.236546e+00	
739	7.171619e-03	-4.40580e-01	4.397764e+00	
740	7.181619e-03	-4.54555e-01	4.541625e+00	
741	7.191619e-03	-4.66736e-01	4.667563e+00	
742	7.201619e-03	-4.77075e-01	4.775080e+00	
743	7.211619e-03	-4.85531e-01	4.863751e+00	
744	7.221619e-03	-4.92071e-01	4.933228e+00	
745	7.231619e-03	-4.96669e-01	4.983235e+00	
746	7.241619e-03	-4.99307e-01	5.013576e+00	
747	7.251619e-03	-4.99974e-01	5.024131e+00	
748	7.261619e-03	-4.98668e-01	5.014857e+00	
749	7.271619e-03	-4.95394e-01	4.985793e+00	
750	7.281619e-03	-4.90165e-01	4.937052e+00	

Index   time            v(in1,in2)      v(out)          
--------------------------------------------------------------------------------
751	7.291619e-03	-4.83002e-01	4.868828e+00	
752	7.301619e-03	-4.73932e-01	4.781388e+00	
753	7.311619e-03	-4.62992e-01	4.675079e+00	
754	7.321619e-03	-4.50225e-01	4.550320e+00	
755	7.331619e-03	-4.35681e-01	4.407604e+00	
756	7.341619e-03	-4.19417e-01	4.247493e+00	
757	7.351619e-03	-4.01499e-01	4.070620e+00	
758	7.361619e-03	-3.81995e-01	3.877683e+00	
759	7.371619e-03	-3.60984e-01	3.669442e+00	
760	7.381619e-03	-3.38549e-01	3.446721e+00	
761	7.391619e-03	-3.14777e-01	3.210397e+00	
762	7.401619e-03	-2.89763e-01	2.961404e+00	
763	7.411619e-03	-2.63606e-01	2.700724e+00	
764	7.421619e-03	-2.36408e-01	2.429386e+00	
765	7.431619e-03	-2.08277e-01	2.148461e+00	
766	7.441619e-03	-1.79325e-01	1.859057e+00	
767	7.451619e-03	-1.49664e-01	1.562316e+00	
768	7.461619e-03	-1.19413e-01	1.259410e+00	
769	7.471619e-03	-8.86907e-02	9.515338e-01	
770	7.481619e-03	-5.76183e-02	6.399023e-01	
771	7.491619e-03	-2.63185e-02	3.257456e-01	
772	7.501619e-03	5.085188e-03	1.030327e-02	
773	7.511619e-03	3.646879e-02	-3.05180e-01	
774	7.521619e-03	6.770847e-02	-6.19458e-01	
775	7.531619e-03	9.868093e-02	-9.31292e-01	
776	7.541619e-03	1.292639e-01	-1.23945e+00	
777	7.551619e-03	1.593368e-01	-1.54272e+00	
778	7.561619e-03	1.887808e-01	-1.83990e+00	
779	7.571619e-03	2.174799e-01	-2.12981e+00	
780	7.581619e-03	2.453206e-01	-2.41133e+00	
781	7.591619e-03	2.721931e-01	-2.68332e+00	
782	7.601619e-03	2.979914e-01	-2.94473e+00	
783	7.611619e-03	3.226137e-01	-3.19451e+00	
784	7.621619e-03	3.459628e-01	-3.43169e+00	
785	7.631619e-03	3.679465e-01	-3.65533e+00	
786	7.641619e-03	3.884781e-01	-3.86453e+00	
787	7.651619e-03	4.074766e-01	-4.05849e+00	
788	7.661619e-03	4.248669e-01	-4.23643e+00	
789	7.671619e-03	4.405805e-01	-4.39765e+00	
790	7.681619e-03	4.545553e-01	-4.54151e+00	
791	7.691619e-03	4.667362e-01	-4.66746e+00	
792	7.701619e-03	4.770751e-01	-4.77498e+00	
793	7.711619e-03	4.855312e-01	-4.86365e+00	
794	7.721619e-03	4.920711e-01	-4.93313e+00	
795	7.731619e-03	4.966690e-01	-4.98315e+00	
796	7.741619e-03	4.993069e-01	-5.01349e+00	
797	7.751619e-03	4.999741e-01	-5.02405e+00	
798	7.761619e-03	4.986683e-01	-5.01478e+00	
799	7.771619e-03	4.953944e-01	-4.98572e+00	
800	7.781619e-03	4.901654e-01	-4.93699e+00	
801	7.791619e-03	4.830019e-01	-4.86877e+00	
802	7.801619e-03	4.739323e-01	-4.78133e+00	
803	7.811619e-03	4.629922e-01	-4.67503e+00	
804	7.821619e-03	4.502250e-01	-4.55027e+00	
805	7.831619e-03	4.356809e-01	-4.40756e+00	
806	7.841619e-03	4.194173e-01	-4.24745e+00	
807	7.851619e-03	4.014986e-01	-4.07058e+00	
808	7.861619e-03	3.819953e-01	-3.87764e+00	

Index   time            v(in1,in2)      v(out)          
--------------------------------------------------------------------------------
809	7.871619e-03	3.609844e-01	-3.66941e+00	
810	7.881619e-03	3.385489e-01	-3.44668e+00	
811	7.891619e-03	3.147773e-01	-3.21036e+00	
812	7.901619e-03	2.897634e-01	-2.96137e+00	
813	7.911619e-03	2.636060e-01	-2.70068e+00	
814	7.921619e-03	2.364082e-01	-2.42934e+00	
815	7.931619e-03	2.082774e-01	-2.14841e+00	
816	7.941619e-03	1.793247e-01	-1.85901e+00	
817	7.951619e-03	1.496642e-01	-1.56226e+00	
818	7.961619e-03	1.194131e-01	-1.25935e+00	
819	7.971619e-03	8.869070e-02	-9.51471e-01	
820	7.981619e-03	5.761829e-02	-6.39835e-01	
821	7.991619e-03	2.631848e-02	-3.25673e-01	
822	8.001619e-03	-5.08519e-03	-1.02256e-02	
823	8.011619e-03	-3.64688e-02	3.052625e-01	
824	8.021619e-03	-6.77085e-02	6.195462e-01	
825	8.031619e-03	-9.86809e-02	9.313851e-01	
826	8.041619e-03	-1.29264e-01	1.239548e+00	
827	8.051619e-03	-1.59337e-01	1.542820e+00	
828	8.061619e-03	-1.88781e-01	1.840003e+00	
829	8.071619e-03	-2.17480e-01	2.129924e+00	
830	8.081619e-03	-2.45321e-01	2.411440e+00	
831	8.091619e-03	-2.72193e-01	2.683438e+00	
832	8.101619e-03	-2.97991e-01	2.944846e+00	
833	8.111619e-03	-3.22614e-01	3.194633e+00	
834	8.121619e-03	-3.45963e-01	3.431811e+00	
835	8.131619e-03	-3.67947e-01	3.655445e+00	
836	8.141619e-03	-3.88478e-01	3.864653e+00	
837	8.151619e-03	-4.07477e-01	4.058608e+00	
838	8.161619e-03	-4.24867e-01	4.236546e+00	
839	8.171619e-03	-4.40580e-01	4.397764e+00	
840	8.181619e-03	-4.54555e-01	4.541625e+00	
841	8.191619e-03	-4.66736e-01	4.667563e+00	
842	8.201619e-03	-4.77075e-01	4.775080e+00	
843	8.211619e-03	-4.85531e-01	4.863751e+00	
844	8.221619e-03	-4.92071e-01	4.933228e+00	
845	8.231619e-03	-4.96669e-01	4.983235e+00	
846	8.241619e-03	-4.99307e-01	5.013576e+00	
847	8.251619e-03	-4.99974e-01	5.024131e+00	
848	8.261619e-03	-4.98668e-01	5.014857e+00	
849	8.271619e-03	-4.95394e-01	4.985793e+00	
850	8.281619e-03	-4.90165e-01	4.937052e+00	
851	8.291619e-03	-4.83002e-01	4.868828e+00	
852	8.301619e-03	-4.73932e-01	4.781388e+00	
853	8.311619e-03	-4.62992e-01	4.675079e+00	
854	8.321619e-03	-4.50225e-01	4.550320e+00	
855	8.331619e-03	-4.35681e-01	4.407604e+00	
856	8.341619e-03	-4.19417e-01	4.247493e+00	
857	8.351619e-03	-4.01499e-01	4.070620e+00	
858	8.361619e-03	-3.81995e-01	3.877683e+00	
859	8.371619e-03	-3.60984e-01	3.669442e+00	
860	8.381619e-03	-3.38549e-01	3.446721e+00	
861	8.391619e-03	-3.14777e-01	3.210397e+00	
862	8.401619e-03	-2.89763e-01	2.961404e+00	
863	8.411619e-03	-2.63606e-01	2.700724e+00	
864	8.421619e-03	-2.36408e-01	2.429386e+00	
865	8.431619e-03	-2.08277e-01	2.148461e+00	
866	8.441619e-03	-1.79325e-01	1.859057e+00	

Index   time            v(in1,in2)      v(out)          
--------------------------------------------------------------------------------
867	8.451619e-03	-1.49664e-01	1.562316e+00	
868	8.461619e-03	-1.19413e-01	1.259410e+00	
869	8.471619e-03	-8.86907e-02	9.515338e-01	
870	8.481619e-03	-5.76183e-02	6.399023e-01	
871	8.491619e-03	-2.63185e-02	3.257456e-01	
872	8.501619e-03	5.085188e-03	1.030327e-02	
873	8.511619e-03	3.646879e-02	-3.05180e-01	
874	8.521619e-03	6.770847e-02	-6.19458e-01	
875	8.531619e-03	9.868093e-02	-9.31292e-01	
876	8.541619e-03	1.292639e-01	-1.23945e+00	
877	8.551619e-03	1.593368e-01	-1.54272e+00	
878	8.561619e-03	1.887808e-01	-1.83990e+00	
879	8.571619e-03	2.174799e-01	-2.12981e+00	
880	8.581619e-03	2.453206e-01	-2.41133e+00	
881	8.591619e-03	2.721931e-01	-2.68332e+00	
882	8.601619e-03	2.979914e-01	-2.94473e+00	
883	8.611619e-03	3.226137e-01	-3.19451e+00	
884	8.621619e-03	3.459628e-01	-3.43169e+00	
885	8.631619e-03	3.679465e-01	-3.65533e+00	
886	8.641619e-03	3.884781e-01	-3.86453e+00	
887	8.651619e-03	4.074766e-01	-4.05849e+00	
888	8.661619e-03	4.248669e-01	-4.23643e+00	
889	8.671619e-03	4.405805e-01	-4.39765e+00	
890	8.681619e-03	4.545553e-01	-4.54151e+00	
891	8.691619e-03	4.667362e-01	-4.66746e+00	
892	8.701619e-03	4.770751e-01	-4.77498e+00	
893	8.711619e-03	4.855312e-01	-4.86365e+00	
894	8.721619e-03	4.920711e-01	-4.93313e+00	
895	8.731619e-03	4.966690e-01	-4.98315e+00	
896	8.741619e-03	4.993069e-01	-5.01349e+00	
897	8.751619e-03	4.999741e-01	-5.02405e+00	
898	8.761619e-03	4.986683e-01	-5.01478e+00	
899	8.771619e-03	4.953944e-01	-4.98572e+00	
900	8.781619e-03	4.901654e-01	-4.93699e+00	
901	8.791619e-03	4.830019e-01	-4.86877e+00	
902	8.801619e-03	4.739323e-01	-4.78133e+00	
903	8.811619e-03	4.629922e-01	-4.67503e+00	
904	8.821619e-03	4.502250e-01	-4.55027e+00	
905	8.831619e-03	4.356809e-01	-4.40756e+00	
906	8.841619e-03	4.194173e-01	-4.24745e+00	
907	8.851619e-03	4.014986e-01	-4.07058e+00	
908	8.861619e-03	3.819953e-01	-3.87764e+00	
909	8.871619e-03	3.609844e-01	-3.66941e+00	
910	8.881619e-03	3.385489e-01	-3.44668e+00	
911	8.891619e-03	3.147773e-01	-3.21036e+00	
912	8.901619e-03	2.897634e-01	-2.96137e+00	
913	8.911619e-03	2.636060e-01	-2.70068e+00	
914	8.921619e-03	2.364082e-01	-2.42934e+00	
915	8.931619e-03	2.082774e-01	-2.14841e+00	
916	8.941619e-03	1.793247e-01	-1.85901e+00	
917	8.951619e-03	1.496642e-01	-1.56226e+00	
918	8.961619e-03	1.194131e-01	-1.25935e+00	
919	8.971619e-03	8.869070e-02	-9.51471e-01	
920	8.981619e-03	5.761829e-02	-6.39835e-01	
921	8.991619e-03	2.631848e-02	-3.25673e-01	
922	9.001619e-03	-5.08519e-03	-1.02256e-02	
923	9.011619e-03	-3.64688e-02	3.052625e-01	
924	9.021619e-03	-6.77085e-02	6.195462e-01	

Index   time            v(in1,in2)      v(out)          
--------------------------------------------------------------------------------
925	9.031619e-03	-9.86809e-02	9.313851e-01	
926	9.041619e-03	-1.29264e-01	1.239548e+00	
927	9.051619e-03	-1.59337e-01	1.542820e+00	
928	9.061619e-03	-1.88781e-01	1.840003e+00	
929	9.071619e-03	-2.17480e-01	2.129924e+00	
930	9.081619e-03	-2.45321e-01	2.411440e+00	
931	9.091619e-03	-2.72193e-01	2.683438e+00	
932	9.101619e-03	-2.97991e-01	2.944846e+00	
933	9.111619e-03	-3.22614e-01	3.194633e+00	
934	9.121619e-03	-3.45963e-01	3.431811e+00	
935	9.131619e-03	-3.67947e-01	3.655445e+00	
936	9.141619e-03	-3.88478e-01	3.864653e+00	
937	9.151619e-03	-4.07477e-01	4.058608e+00	
938	9.161619e-03	-4.24867e-01	4.236546e+00	
939	9.171619e-03	-4.40580e-01	4.397764e+00	
940	9.181619e-03	-4.54555e-01	4.541625e+00	
941	9.191619e-03	-4.66736e-01	4.667563e+00	
942	9.201619e-03	-4.77075e-01	4.775080e+00	
943	9.211619e-03	-4.85531e-01	4.863751e+00	
944	9.221619e-03	-4.92071e-01	4.933228e+00	
945	9.231619e-03	-4.96669e-01	4.983235e+00	
946	9.241619e-03	-4.99307e-01	5.013576e+00	
947	9.251619e-03	-4.99974e-01	5.024131e+00	
948	9.261619e-03	-4.98668e-01	5.014857e+00	
949	9.271619e-03	-4.95394e-01	4.985793e+00	
950	9.281619e-03	-4.90165e-01	4.937052e+00	
951	9.291619e-03	-4.83002e-01	4.868828e+00	
952	9.301619e-03	-4.73932e-01	4.781388e+00	
953	9.311619e-03	-4.62992e-01	4.675079e+00	
954	9.321619e-03	-4.50225e-01	4.550320e+00	
955	9.331619e-03	-4.35681e-01	4.407604e+00	
956	9.341619e-03	-4.19417e-01	4.247493e+00	
957	9.351619e-03	-4.01499e-01	4.070620e+00	
958	9.361619e-03	-3.81995e-01	3.877683e+00	
959	9.371619e-03	-3.60984e-01	3.669442e+00	
960	9.381619e-03	-3.38549e-01	3.446721e+00	
961	9.391619e-03	-3.14777e-01	3.210397e+00	
962	9.401619e-03	-2.89763e-01	2.961404e+00	
963	9.411619e-03	-2.63606e-01	2.700724e+00	
964	9.421619e-03	-2.36408e-01	2.429386e+00	
965	9.431619e-03	-2.08277e-01	2.148461e+00	
966	9.441619e-03	-1.79325e-01	1.859057e+00	
967	9.451619e-03	-1.49664e-01	1.562316e+00	
968	9.461619e-03	-1.19413e-01	1.259410e+00	
969	9.471619e-03	-8.86907e-02	9.515338e-01	
970	9.481619e-03	-5.76183e-02	6.399023e-01	
971	9.491619e-03	-2.63185e-02	3.257456e-01	
972	9.501619e-03	5.085188e-03	1.030327e-02	
973	9.511619e-03	3.646879e-02	-3.05180e-01	
974	9.521619e-03	6.770847e-02	-6.19458e-01	
975	9.531619e-03	9.868093e-02	-9.31292e-01	
976	9.541619e-03	1.292639e-01	-1.23945e+00	
977	9.551619e-03	1.593368e-01	-1.54272e+00	
978	9.561619e-03	1.887808e-01	-1.83990e+00	
979	9.571619e-03	2.174799e-01	-2.12981e+00	
980	9.581619e-03	2.453206e-01	-2.41133e+00	
981	9.591619e-03	2.721931e-01	-2.68332e+00	
982	9.601619e-03	2.979914e-01	-2.94473e+00	

Index   time            v(in1,in2)      v(out)          
--------------------------------------------------------------------------------
983	9.611619e-03	3.226137e-01	-3.19451e+00	
984	9.621619e-03	3.459628e-01	-3.43169e+00	
985	9.631619e-03	3.679465e-01	-3.65533e+00	
986	9.641619e-03	3.884781e-01	-3.86453e+00	
987	9.651619e-03	4.074766e-01	-4.05849e+00	
988	9.661619e-03	4.248669e-01	-4.23643e+00	
989	9.671619e-03	4.405805e-01	-4.39765e+00	
990	9.681619e-03	4.545553e-01	-4.54151e+00	
991	9.691619e-03	4.667362e-01	-4.66746e+00	
992	9.701619e-03	4.770751e-01	-4.77498e+00	
993	9.711619e-03	4.855312e-01	-4.86365e+00	
994	9.721619e-03	4.920711e-01	-4.93313e+00	
995	9.731619e-03	4.966690e-01	-4.98315e+00	
996	9.741619e-03	4.993069e-01	-5.01349e+00	
997	9.751619e-03	4.999741e-01	-5.02405e+00	
998	9.761619e-03	4.986683e-01	-5.01478e+00	
999	9.771619e-03	4.953944e-01	-4.98572e+00	
1000	9.781619e-03	4.901654e-01	-4.93699e+00	
1001	9.791619e-03	4.830019e-01	-4.86877e+00	
1002	9.801619e-03	4.739323e-01	-4.78133e+00	
1003	9.811619e-03	4.629922e-01	-4.67503e+00	
1004	9.821619e-03	4.502250e-01	-4.55027e+00	
1005	9.831619e-03	4.356809e-01	-4.40756e+00	
1006	9.841619e-03	4.194173e-01	-4.24745e+00	
1007	9.851619e-03	4.014986e-01	-4.07058e+00	
1008	9.861619e-03	3.819953e-01	-3.87764e+00	
1009	9.871619e-03	3.609844e-01	-3.66941e+00	
1010	9.881619e-03	3.385489e-01	-3.44668e+00	
1011	9.891619e-03	3.147773e-01	-3.21036e+00	
1012	9.901619e-03	2.897634e-01	-2.96137e+00	
1013	9.911619e-03	2.636060e-01	-2.70068e+00	
1014	9.921619e-03	2.364082e-01	-2.42934e+00	
1015	9.931619e-03	2.082774e-01	-2.14841e+00	
1016	9.941619e-03	1.793247e-01	-1.85901e+00	
1017	9.951619e-03	1.496642e-01	-1.56226e+00	
1018	9.961619e-03	1.194131e-01	-1.25935e+00	
1019	9.971619e-03	8.869070e-02	-9.51471e-01	
1020	9.981619e-03	5.761829e-02	-6.39835e-01	
1021	9.991619e-03	2.631848e-02	-3.25673e-01	
1022	1.000000e-02	1.224647e-15	-6.13137e-02	
