
Circuit: photodiode

                                   photodiode
                                   DC transfer characteristic  Fri Feb 11 23:42:47  2022
--------------------------------------------------------------------------------
Index   i-sweep         v(out)          
--------------------------------------------------------------------------------
0	0.000000e+00	7.815014e-02	
1	1.000000e-07	2.119482e-01	
2	2.000000e-07	3.519079e-01	
3	3.000000e-07	4.919105e-01	
4	4.000000e-07	6.319087e-01	
5	5.000000e-07	7.719068e-01	
6	6.000000e-07	9.119049e-01	
7	7.000000e-07	1.051903e+00	
8	8.000000e-07	1.191901e+00	
9	9.000000e-07	1.331899e+00	
10	1.000000e-06	1.471897e+00	
11	1.100000e-06	1.611895e+00	
12	1.200000e-06	1.751894e+00	
13	1.300000e-06	1.891892e+00	
14	1.400000e-06	2.031890e+00	
15	1.500000e-06	2.171888e+00	
16	1.600000e-06	2.311886e+00	
17	1.700000e-06	2.451884e+00	
18	1.800000e-06	2.591882e+00	
19	1.900000e-06	2.731880e+00	
20	2.000000e-06	2.871878e+00	
21	2.100000e-06	3.011877e+00	
22	2.200000e-06	3.151874e+00	
23	2.300000e-06	3.291832e+00	
24	2.400000e-06	3.424866e+00	
