
Circuit: photodiode

Error on line 18 :
  meas ac vdb_max max vdb(out) from=10 to=100meg
could not find a valid modelname
                                   photodiode
                                   AC Analysis  Fri Feb 11 23:45:07  2022
--------------------------------------------------------------------------------
Index   frequency       vdb(out)        
--------------------------------------------------------------------------------
0	1.000000e+01	1.229224e+02	
1	1.258925e+01	1.229224e+02	
2	1.584893e+01	1.229224e+02	
3	1.995262e+01	1.229224e+02	
4	2.511886e+01	1.229224e+02	
5	3.162278e+01	1.229224e+02	
6	3.981072e+01	1.229224e+02	
7	5.011872e+01	1.229224e+02	
8	6.309573e+01	1.229224e+02	
9	7.943282e+01	1.229224e+02	
10	1.000000e+02	1.229224e+02	
11	1.258925e+02	1.229224e+02	
12	1.584893e+02	1.229224e+02	
13	1.995262e+02	1.229223e+02	
14	2.511886e+02	1.229223e+02	
15	3.162278e+02	1.229222e+02	
16	3.981072e+02	1.229220e+02	
17	5.011872e+02	1.229217e+02	
18	6.309573e+02	1.229213e+02	
19	7.943282e+02	1.229206e+02	
20	1.000000e+03	1.229195e+02	
21	1.258925e+03	1.229178e+02	
22	1.584893e+03	1.229151e+02	
23	1.995262e+03	1.229109e+02	
24	2.511886e+03	1.229041e+02	
25	3.162278e+03	1.228934e+02	
26	3.981072e+03	1.228765e+02	
27	5.011872e+03	1.228498e+02	
28	6.309573e+03	1.228079e+02	
29	7.943282e+03	1.227421e+02	
30	1.000000e+04	1.226399e+02	
31	1.258925e+04	1.224823e+02	
32	1.584893e+04	1.222432e+02	
33	1.995262e+04	1.218878e+02	
34	2.511886e+04	1.213750e+02	
35	3.162278e+04	1.206624e+02	
36	3.981072e+04	1.197153e+02	
37	5.011872e+04	1.185150e+02	
38	6.309573e+04	1.170613e+02	
39	7.943282e+04	1.153657e+02	
40	1.000000e+05	1.134403e+02	
41	1.258925e+05	1.112880e+02	
42	1.584893e+05	1.088992e+02	
43	1.995262e+05	1.062565e+02	
44	2.511886e+05	1.033445e+02	
45	3.162278e+05	1.001596e+02	
46	3.981072e+05	9.671217e+01	
47	5.011872e+05	9.302155e+01	
48	6.309573e+05	8.910481e+01	
49	7.943282e+05	8.496844e+01	
50	1.000000e+06	8.060623e+01	
51	1.258925e+06	7.600467e+01	
52	1.584893e+06	7.115395e+01	
53	1.995262e+06	6.605906e+01	
54	2.511886e+06	6.074498e+01	

Index   frequency       vdb(out)        
--------------------------------------------------------------------------------
55	3.162278e+06	5.525356e+01	
56	3.981072e+06	4.963661e+01	
57	5.011872e+06	4.395369e+01	
58	6.309573e+06	3.828699e+01	
59	7.943282e+06	3.280196e+01	
60	1.000000e+07	2.789772e+01	
61	1.258925e+07	2.428799e+01	
62	1.584893e+07	2.236919e+01	
63	1.995262e+07	2.162042e+01	
64	2.511886e+07	2.136909e+01	
65	3.162278e+07	2.128592e+01	
66	3.981072e+07	2.125638e+01	
67	5.011872e+07	2.124376e+01	
68	6.309573e+07	2.123586e+01	
69	7.943282e+07	2.122787e+01	
70	1.000000e+08	2.121704e+01	
