
Circuit: bjt series regulator

                              bjt series regulator
                              DC transfer characteristic  Sun Jan 23 01:13:37  2022
--------------------------------------------------------------------------------
Index   v-sweep         v(3)            
--------------------------------------------------------------------------------
0	1.500000e+01	1.117649e+01	
1	1.550000e+01	1.126299e+01	
2	1.600000e+01	1.134652e+01	
3	1.650000e+01	1.142977e+01	
4	1.700000e+01	1.151228e+01	
5	1.750000e+01	1.159418e+01	
6	1.800000e+01	1.167563e+01	
7	1.850000e+01	1.175673e+01	
8	1.900000e+01	1.183757e+01	
9	1.950000e+01	1.191823e+01	
10	2.000000e+01	1.199875e+01	
11	2.050000e+01	1.207920e+01	
12	2.100000e+01	1.215960e+01	
13	2.150000e+01	1.224000e+01	
14	2.200000e+01	1.232042e+01	
15	2.250000e+01	1.240090e+01	
16	2.300000e+01	1.248144e+01	
17	2.350000e+01	1.256207e+01	
18	2.400000e+01	1.264281e+01	
19	2.450000e+01	1.272367e+01	
20	2.500000e+01	1.280466e+01	
