
Circuit: rc bandpass filter

                               rc bandpass filter
                               AC Analysis  Tue Jan 11 15:54:33  2022
--------------------------------------------------------------------------------
Index   frequency       vdb(3)          
--------------------------------------------------------------------------------
0	1.000000e+00	-4.40376e+01	
1	1.258925e+00	-4.20383e+01	
2	1.584893e+00	-4.00394e+01	
3	1.995262e+00	-3.80412e+01	
4	2.511886e+00	-3.60440e+01	
5	3.162278e+00	-3.40484e+01	
6	3.981072e+00	-3.20554e+01	
7	5.011872e+00	-3.00664e+01	
8	6.309573e+00	-2.80839e+01	
9	7.943282e+00	-2.61115e+01	
10	1.000000e+01	-2.41549e+01	
11	1.258925e+01	-2.22227e+01	
12	1.584893e+01	-2.03283e+01	
13	1.995262e+01	-1.84907e+01	
14	2.511886e+01	-1.67367e+01	
15	3.162278e+01	-1.51014e+01	
16	3.981072e+01	-1.36257e+01	
17	5.011872e+01	-1.23511e+01	
18	6.309573e+01	-1.13097e+01	
19	7.943282e+01	-1.05168e+01	
20	1.000000e+02	-9.96854e+00	
21	1.258925e+02	-9.64916e+00	
22	1.584893e+02	-9.54246e+00	
23	1.995262e+02	-9.64162e+00	
24	2.511886e+02	-9.95301e+00	
25	3.162278e+02	-1.04926e+01	
26	3.981072e+02	-1.12765e+01	
27	5.011872e+02	-1.23089e+01	
28	6.309573e+02	-1.35756e+01	
29	7.943282e+02	-1.50446e+01	
30	1.000000e+03	-1.66749e+01	
31	1.258925e+03	-1.84252e+01	
32	1.584893e+03	-2.02602e+01	
33	1.995262e+03	-2.21530e+01	
34	2.511886e+03	-2.40840e+01	
35	3.162278e+03	-2.60400e+01	
36	3.981072e+03	-2.80119e+01	
37	5.011872e+03	-2.99942e+01	
38	6.309573e+03	-3.19829e+01	
39	7.943282e+03	-3.39758e+01	
40	1.000000e+04	-3.59713e+01	
41	1.258925e+04	-3.79685e+01	
42	1.584893e+04	-3.99667e+01	
43	1.995262e+04	-4.19655e+01	
44	2.511886e+04	-4.39648e+01	
45	3.162278e+04	-4.59644e+01	
46	3.981072e+04	-4.79641e+01	
47	5.011872e+04	-4.99639e+01	
48	6.309573e+04	-5.19638e+01	
49	7.943282e+04	-5.39637e+01	
50	1.000000e+05	-5.59637e+01	
51	1.258925e+05	-5.79636e+01	
52	1.584893e+05	-5.99636e+01	
53	1.995262e+05	-6.19636e+01	
54	2.511886e+05	-6.39636e+01	

Index   frequency       vdb(3)          
--------------------------------------------------------------------------------
55	3.162278e+05	-6.59636e+01	
56	3.981072e+05	-6.79636e+01	
57	5.011872e+05	-6.99636e+01	
58	6.309573e+05	-7.19636e+01	
59	7.943282e+05	-7.39636e+01	
60	1.000000e+06	-7.59636e+01	
