
Circuit: rc differentiator

                               rc differentiator
                               Transient Analysis  Wed Jan 12 23:42:13  2022
--------------------------------------------------------------------------------
Index   time            v(1)            v(2)            
--------------------------------------------------------------------------------
0	0.000000e+00	0.000000e+00	0.000000e+00	
1	2.000000e-07	5.000000e-02	4.999000e-02	
2	2.168022e-07	5.420056e-02	5.418965e-02	
3	2.504067e-07	6.260168e-02	6.258881e-02	
4	3.176157e-07	7.940392e-02	7.938628e-02	
5	4.520336e-07	1.130084e-01	1.129778e-01	
6	7.208694e-07	1.802174e-01	1.801474e-01	
7	1.258541e-06	3.146353e-01	3.144323e-01	
8	2.333884e-06	5.834711e-01	5.827858e-01	
9	4.484571e-06	1.121143e+00	1.118628e+00	
10	8.785945e-06	2.196486e+00	2.186862e+00	
11	1.738869e-05	4.347173e+00	4.309605e+00	
12	2.000000e-05	5.000000e+00	4.950342e+00	
13	2.172055e-05	5.000000e+00	4.941839e+00	
14	2.516165e-05	5.000000e+00	4.924863e+00	
15	3.204385e-05	5.000000e+00	4.891085e+00	
16	4.580824e-05	5.000000e+00	4.824223e+00	
17	6.580824e-05	5.000000e+00	4.728694e+00	
18	8.580824e-05	5.000000e+00	4.635056e+00	
19	1.058082e-04	5.000000e+00	4.543273e+00	
20	1.258082e-04	5.000000e+00	4.453307e+00	
21	1.458082e-04	5.000000e+00	4.365123e+00	
22	1.658082e-04	5.000000e+00	4.278685e+00	
23	1.858082e-04	5.000000e+00	4.193958e+00	
24	2.058082e-04	5.000000e+00	4.110910e+00	
25	2.258082e-04	5.000000e+00	4.029505e+00	
26	2.458082e-04	5.000000e+00	3.949713e+00	
27	2.658082e-04	5.000000e+00	3.871501e+00	
28	2.858082e-04	5.000000e+00	3.794838e+00	
29	3.058082e-04	5.000000e+00	3.719692e+00	
30	3.258082e-04	5.000000e+00	3.646035e+00	
31	3.458082e-04	5.000000e+00	3.573836e+00	
32	3.658082e-04	5.000000e+00	3.503067e+00	
33	3.858082e-04	5.000000e+00	3.433700e+00	
34	4.058082e-04	5.000000e+00	3.365706e+00	
35	4.258082e-04	5.000000e+00	3.299058e+00	
36	4.458082e-04	5.000000e+00	3.233730e+00	
37	4.658082e-04	5.000000e+00	3.169696e+00	
38	4.858082e-04	5.000000e+00	3.106930e+00	
39	5.058082e-04	5.000000e+00	3.045406e+00	
40	5.258082e-04	5.000000e+00	2.985101e+00	
41	5.458082e-04	5.000000e+00	2.925990e+00	
42	5.658082e-04	5.000000e+00	2.868050e+00	
43	5.858082e-04	5.000000e+00	2.811257e+00	
44	6.058082e-04	5.000000e+00	2.755588e+00	
45	6.258082e-04	5.000000e+00	2.701022e+00	
46	6.458082e-04	5.000000e+00	2.647537e+00	
47	6.658082e-04	5.000000e+00	2.595110e+00	
48	6.858082e-04	5.000000e+00	2.543722e+00	
49	7.058082e-04	5.000000e+00	2.493351e+00	
50	7.258082e-04	5.000000e+00	2.443978e+00	
51	7.458082e-04	5.000000e+00	2.395582e+00	
52	7.658082e-04	5.000000e+00	2.348145e+00	
53	7.858082e-04	5.000000e+00	2.301647e+00	
54	8.058082e-04	5.000000e+00	2.256070e+00	

Index   time            v(1)            v(2)            
--------------------------------------------------------------------------------
55	8.258082e-04	5.000000e+00	2.211395e+00	
56	8.458082e-04	5.000000e+00	2.167605e+00	
57	8.658082e-04	5.000000e+00	2.124682e+00	
58	8.858082e-04	5.000000e+00	2.082609e+00	
59	9.058082e-04	5.000000e+00	2.041370e+00	
60	9.258082e-04	5.000000e+00	2.000946e+00	
61	9.458082e-04	5.000000e+00	1.961324e+00	
62	9.658082e-04	5.000000e+00	1.922486e+00	
63	9.858082e-04	5.000000e+00	1.884417e+00	
64	1.005808e-03	5.000000e+00	1.847101e+00	
65	1.025808e-03	5.000000e+00	1.810525e+00	
66	1.045808e-03	5.000000e+00	1.774673e+00	
67	1.065808e-03	5.000000e+00	1.739531e+00	
68	1.085808e-03	5.000000e+00	1.705085e+00	
69	1.105808e-03	5.000000e+00	1.671321e+00	
70	1.125808e-03	5.000000e+00	1.638226e+00	
71	1.145808e-03	5.000000e+00	1.605785e+00	
72	1.165808e-03	5.000000e+00	1.573988e+00	
73	1.185808e-03	5.000000e+00	1.542820e+00	
74	1.205808e-03	5.000000e+00	1.512269e+00	
75	1.225808e-03	5.000000e+00	1.482323e+00	
76	1.245808e-03	5.000000e+00	1.452970e+00	
77	1.265808e-03	5.000000e+00	1.424198e+00	
78	1.285808e-03	5.000000e+00	1.395996e+00	
79	1.305808e-03	5.000000e+00	1.368353e+00	
80	1.325808e-03	5.000000e+00	1.341257e+00	
81	1.345808e-03	5.000000e+00	1.314697e+00	
82	1.365808e-03	5.000000e+00	1.288664e+00	
83	1.385808e-03	5.000000e+00	1.263145e+00	
84	1.405808e-03	5.000000e+00	1.238133e+00	
85	1.425808e-03	5.000000e+00	1.213615e+00	
86	1.445808e-03	5.000000e+00	1.189583e+00	
87	1.465808e-03	5.000000e+00	1.166027e+00	
88	1.485808e-03	5.000000e+00	1.142937e+00	
89	1.505808e-03	5.000000e+00	1.120305e+00	
90	1.525808e-03	5.000000e+00	1.098121e+00	
91	1.545808e-03	5.000000e+00	1.076376e+00	
92	1.565808e-03	5.000000e+00	1.055061e+00	
93	1.585808e-03	5.000000e+00	1.034169e+00	
94	1.605808e-03	5.000000e+00	1.013691e+00	
95	1.625808e-03	5.000000e+00	9.936174e-01	
96	1.645808e-03	5.000000e+00	9.739418e-01	
97	1.665808e-03	5.000000e+00	9.546559e-01	
98	1.685808e-03	5.000000e+00	9.357518e-01	
99	1.705808e-03	5.000000e+00	9.172220e-01	
100	1.725808e-03	5.000000e+00	8.990592e-01	
101	1.745808e-03	5.000000e+00	8.812561e-01	
102	1.765808e-03	5.000000e+00	8.638055e-01	
103	1.785808e-03	5.000000e+00	8.467004e-01	
104	1.805808e-03	5.000000e+00	8.299341e-01	
105	1.825808e-03	5.000000e+00	8.134997e-01	
106	1.845808e-03	5.000000e+00	7.973908e-01	
107	1.865808e-03	5.000000e+00	7.816009e-01	
108	1.885808e-03	5.000000e+00	7.661237e-01	
109	1.905808e-03	5.000000e+00	7.509529e-01	
110	1.925808e-03	5.000000e+00	7.360825e-01	
111	1.945808e-03	5.000000e+00	7.215066e-01	
112	1.965808e-03	5.000000e+00	7.072194e-01	

Index   time            v(1)            v(2)            
--------------------------------------------------------------------------------
113	1.985808e-03	5.000000e+00	6.932150e-01	
114	2.005808e-03	5.000000e+00	6.794880e-01	
115	2.025808e-03	5.000000e+00	6.660328e-01	
116	2.045808e-03	5.000000e+00	6.528440e-01	
117	2.065808e-03	5.000000e+00	6.399164e-01	
118	2.085808e-03	5.000000e+00	6.272448e-01	
119	2.105808e-03	5.000000e+00	6.148241e-01	
120	2.125808e-03	5.000000e+00	6.026494e-01	
121	2.145808e-03	5.000000e+00	5.907157e-01	
122	2.165808e-03	5.000000e+00	5.790184e-01	
123	2.185808e-03	5.000000e+00	5.675527e-01	
124	2.205808e-03	5.000000e+00	5.563140e-01	
125	2.225808e-03	5.000000e+00	5.452979e-01	
126	2.245808e-03	5.000000e+00	5.344999e-01	
127	2.265808e-03	5.000000e+00	5.239158e-01	
128	2.285808e-03	5.000000e+00	5.135412e-01	
129	2.305808e-03	5.000000e+00	5.033721e-01	
130	2.325808e-03	5.000000e+00	4.934043e-01	
131	2.345808e-03	5.000000e+00	4.836339e-01	
132	2.365808e-03	5.000000e+00	4.740570e-01	
133	2.385808e-03	5.000000e+00	4.646697e-01	
134	2.405808e-03	5.000000e+00	4.554684e-01	
135	2.425808e-03	5.000000e+00	4.464492e-01	
136	2.445808e-03	5.000000e+00	4.376086e-01	
137	2.465808e-03	5.000000e+00	4.289431e-01	
138	2.485808e-03	5.000000e+00	4.204492e-01	
139	2.505808e-03	5.000000e+00	4.121234e-01	
140	2.525808e-03	5.000000e+00	4.039626e-01	
141	2.545808e-03	5.000000e+00	3.959633e-01	
142	2.565808e-03	5.000000e+00	3.881225e-01	
143	2.585808e-03	5.000000e+00	3.804369e-01	
144	2.605808e-03	5.000000e+00	3.729035e-01	
145	2.625808e-03	5.000000e+00	3.655192e-01	
146	2.645808e-03	5.000000e+00	3.582812e-01	
147	2.665808e-03	5.000000e+00	3.511866e-01	
148	2.685808e-03	5.000000e+00	3.442324e-01	
149	2.705808e-03	5.000000e+00	3.374159e-01	
150	2.725808e-03	5.000000e+00	3.307344e-01	
151	2.745808e-03	5.000000e+00	3.241852e-01	
152	2.765808e-03	5.000000e+00	3.177657e-01	
153	2.785808e-03	5.000000e+00	3.114733e-01	
154	2.805808e-03	5.000000e+00	3.053055e-01	
155	2.825808e-03	5.000000e+00	2.992598e-01	
156	2.845808e-03	5.000000e+00	2.933339e-01	
157	2.865808e-03	5.000000e+00	2.875253e-01	
158	2.885808e-03	5.000000e+00	2.818317e-01	
159	2.905808e-03	5.000000e+00	2.762509e-01	
160	2.925808e-03	5.000000e+00	2.707806e-01	
161	2.945808e-03	5.000000e+00	2.654186e-01	
162	2.965808e-03	5.000000e+00	2.601628e-01	
163	2.985808e-03	5.000000e+00	2.550111e-01	
164	3.005808e-03	5.000000e+00	2.499613e-01	
165	3.025808e-03	5.000000e+00	2.450116e-01	
166	3.045808e-03	5.000000e+00	2.401599e-01	
167	3.065808e-03	5.000000e+00	2.354043e-01	
168	3.085808e-03	5.000000e+00	2.307428e-01	
169	3.105808e-03	5.000000e+00	2.261736e-01	
170	3.125808e-03	5.000000e+00	2.216949e-01	

Index   time            v(1)            v(2)            
--------------------------------------------------------------------------------
171	3.145808e-03	5.000000e+00	2.173049e-01	
172	3.165808e-03	5.000000e+00	2.130019e-01	
173	3.185808e-03	5.000000e+00	2.087840e-01	
174	3.205808e-03	5.000000e+00	2.046497e-01	
175	3.225808e-03	5.000000e+00	2.005972e-01	
176	3.245808e-03	5.000000e+00	1.966250e-01	
177	3.265808e-03	5.000000e+00	1.927314e-01	
178	3.285808e-03	5.000000e+00	1.889150e-01	
179	3.305808e-03	5.000000e+00	1.851741e-01	
180	3.325808e-03	5.000000e+00	1.815072e-01	
181	3.345808e-03	5.000000e+00	1.779130e-01	
182	3.365808e-03	5.000000e+00	1.743900e-01	
183	3.385808e-03	5.000000e+00	1.709367e-01	
184	3.405808e-03	5.000000e+00	1.675519e-01	
185	3.425808e-03	5.000000e+00	1.642340e-01	
186	3.445808e-03	5.000000e+00	1.609818e-01	
187	3.465808e-03	5.000000e+00	1.577941e-01	
188	3.485808e-03	5.000000e+00	1.546694e-01	
189	3.505808e-03	5.000000e+00	1.516067e-01	
190	3.525808e-03	5.000000e+00	1.486046e-01	
191	3.545808e-03	5.000000e+00	1.456619e-01	
192	3.565808e-03	5.000000e+00	1.427775e-01	
193	3.585808e-03	5.000000e+00	1.399502e-01	
194	3.605808e-03	5.000000e+00	1.371789e-01	
195	3.625808e-03	5.000000e+00	1.344625e-01	
196	3.645808e-03	5.000000e+00	1.317999e-01	
197	3.665808e-03	5.000000e+00	1.291900e-01	
198	3.685808e-03	5.000000e+00	1.266318e-01	
199	3.705808e-03	5.000000e+00	1.241242e-01	
200	3.725808e-03	5.000000e+00	1.216663e-01	
201	3.745808e-03	5.000000e+00	1.192571e-01	
202	3.765808e-03	5.000000e+00	1.168956e-01	
203	3.785808e-03	5.000000e+00	1.145808e-01	
204	3.805808e-03	5.000000e+00	1.123119e-01	
205	3.825808e-03	5.000000e+00	1.100879e-01	
206	3.845808e-03	5.000000e+00	1.079079e-01	
207	3.865808e-03	5.000000e+00	1.057711e-01	
208	3.885808e-03	5.000000e+00	1.036766e-01	
209	3.905808e-03	5.000000e+00	1.016236e-01	
210	3.925808e-03	5.000000e+00	9.961130e-02	
211	3.945808e-03	5.000000e+00	9.763880e-02	
212	3.965808e-03	5.000000e+00	9.570535e-02	
213	3.985808e-03	5.000000e+00	9.381020e-02	
214	4.005808e-03	5.000000e+00	9.195257e-02	
215	4.025808e-03	5.000000e+00	9.013173e-02	
216	4.045808e-03	5.000000e+00	8.834694e-02	
217	4.065808e-03	5.000000e+00	8.659750e-02	
218	4.085808e-03	5.000000e+00	8.488270e-02	
219	4.105808e-03	5.000000e+00	8.320185e-02	
220	4.125808e-03	5.000000e+00	8.155429e-02	
221	4.145808e-03	5.000000e+00	7.993935e-02	
222	4.165808e-03	5.000000e+00	7.835639e-02	
223	4.185808e-03	5.000000e+00	7.680478e-02	
224	4.205808e-03	5.000000e+00	7.528390e-02	
225	4.225808e-03	5.000000e+00	7.379313e-02	
226	4.245808e-03	5.000000e+00	7.233188e-02	
227	4.265808e-03	5.000000e+00	7.089956e-02	
228	4.285808e-03	5.000000e+00	6.949561e-02	

Index   time            v(1)            v(2)            
--------------------------------------------------------------------------------
229	4.305808e-03	5.000000e+00	6.811946e-02	
230	4.325808e-03	5.000000e+00	6.677056e-02	
231	4.345808e-03	5.000000e+00	6.544837e-02	
232	4.365808e-03	5.000000e+00	6.415236e-02	
233	4.385808e-03	5.000000e+00	6.288202e-02	
234	4.405808e-03	5.000000e+00	6.163683e-02	
235	4.425808e-03	5.000000e+00	6.041630e-02	
236	4.445808e-03	5.000000e+00	5.921994e-02	
237	4.465808e-03	5.000000e+00	5.804726e-02	
238	4.485808e-03	5.000000e+00	5.689781e-02	
239	4.505808e-03	5.000000e+00	5.577112e-02	
240	4.525808e-03	5.000000e+00	5.466675e-02	
241	4.545808e-03	5.000000e+00	5.358424e-02	
242	4.565808e-03	5.000000e+00	5.252316e-02	
243	4.585808e-03	5.000000e+00	5.148310e-02	
244	4.605808e-03	5.000000e+00	5.046363e-02	
245	4.625808e-03	5.000000e+00	4.946435e-02	
246	4.645808e-03	5.000000e+00	4.848486e-02	
247	4.665808e-03	5.000000e+00	4.752476e-02	
248	4.685808e-03	5.000000e+00	4.658368e-02	
249	4.705808e-03	5.000000e+00	4.566123e-02	
250	4.725808e-03	5.000000e+00	4.475705e-02	
251	4.745808e-03	5.000000e+00	4.387077e-02	
252	4.765808e-03	5.000000e+00	4.300204e-02	
253	4.785808e-03	5.000000e+00	4.215052e-02	
254	4.805808e-03	5.000000e+00	4.131585e-02	
255	4.825808e-03	5.000000e+00	4.049772e-02	
256	4.845808e-03	5.000000e+00	3.969578e-02	
257	4.865808e-03	5.000000e+00	3.890973e-02	
258	4.885808e-03	5.000000e+00	3.813924e-02	
259	4.905808e-03	5.000000e+00	3.738400e-02	
260	4.925808e-03	5.000000e+00	3.664373e-02	
261	4.945808e-03	5.000000e+00	3.591811e-02	
262	4.965808e-03	5.000000e+00	3.520686e-02	
263	4.985808e-03	5.000000e+00	3.450969e-02	
264	5.005808e-03	5.000000e+00	3.382633e-02	
265	5.020000e-03	5.000000e+00	3.334966e-02	
266	5.022000e-03	4.500000e+00	-4.65719e-01	
267	5.026000e-03	3.500000e+00	-1.46186e+00	
268	5.034000e-03	1.500000e+00	-3.44225e+00	
269	5.040000e-03	0.000000e+00	-4.91717e+00	
270	5.041600e-03	0.000000e+00	-4.90931e+00	
271	5.044800e-03	0.000000e+00	-4.89363e+00	
272	5.051200e-03	0.000000e+00	-4.86241e+00	
273	5.064000e-03	0.000000e+00	-4.80057e+00	
274	5.084000e-03	0.000000e+00	-4.70551e+00	
275	5.104000e-03	0.000000e+00	-4.61233e+00	
276	5.124000e-03	0.000000e+00	-4.52099e+00	
277	5.144000e-03	0.000000e+00	-4.43147e+00	
278	5.164000e-03	0.000000e+00	-4.34372e+00	
279	5.184000e-03	0.000000e+00	-4.25770e+00	
280	5.204000e-03	0.000000e+00	-4.17339e+00	
281	5.224000e-03	0.000000e+00	-4.09075e+00	
282	5.244000e-03	0.000000e+00	-4.00975e+00	
283	5.264000e-03	0.000000e+00	-3.93035e+00	
284	5.284000e-03	0.000000e+00	-3.85252e+00	
285	5.304000e-03	0.000000e+00	-3.77623e+00	
286	5.324000e-03	0.000000e+00	-3.70145e+00	

Index   time            v(1)            v(2)            
--------------------------------------------------------------------------------
287	5.344000e-03	0.000000e+00	-3.62816e+00	
288	5.364000e-03	0.000000e+00	-3.55631e+00	
289	5.384000e-03	0.000000e+00	-3.48589e+00	
290	5.404000e-03	0.000000e+00	-3.41686e+00	
291	5.424000e-03	0.000000e+00	-3.34920e+00	
292	5.444000e-03	0.000000e+00	-3.28288e+00	
293	5.464000e-03	0.000000e+00	-3.21787e+00	
294	5.484000e-03	0.000000e+00	-3.15415e+00	
295	5.504000e-03	0.000000e+00	-3.09169e+00	
296	5.524000e-03	0.000000e+00	-3.03047e+00	
297	5.544000e-03	0.000000e+00	-2.97046e+00	
298	5.564000e-03	0.000000e+00	-2.91164e+00	
299	5.584000e-03	0.000000e+00	-2.85399e+00	
300	5.604000e-03	0.000000e+00	-2.79747e+00	
301	5.624000e-03	0.000000e+00	-2.74208e+00	
302	5.644000e-03	0.000000e+00	-2.68778e+00	
303	5.664000e-03	0.000000e+00	-2.63455e+00	
304	5.684000e-03	0.000000e+00	-2.58238e+00	
305	5.704000e-03	0.000000e+00	-2.53125e+00	
306	5.724000e-03	0.000000e+00	-2.48112e+00	
307	5.744000e-03	0.000000e+00	-2.43199e+00	
308	5.764000e-03	0.000000e+00	-2.38384e+00	
309	5.784000e-03	0.000000e+00	-2.33663e+00	
310	5.804000e-03	0.000000e+00	-2.29036e+00	
311	5.824000e-03	0.000000e+00	-2.24501e+00	
312	5.844000e-03	0.000000e+00	-2.20055e+00	
313	5.864000e-03	0.000000e+00	-2.15698e+00	
314	5.884000e-03	0.000000e+00	-2.11426e+00	
315	5.904000e-03	0.000000e+00	-2.07240e+00	
316	5.924000e-03	0.000000e+00	-2.03136e+00	
317	5.944000e-03	0.000000e+00	-1.99113e+00	
318	5.964000e-03	0.000000e+00	-1.95171e+00	
319	5.984000e-03	0.000000e+00	-1.91306e+00	
320	6.004000e-03	0.000000e+00	-1.87518e+00	
321	6.024000e-03	0.000000e+00	-1.83804e+00	
322	6.044000e-03	0.000000e+00	-1.80165e+00	
323	6.064000e-03	0.000000e+00	-1.76597e+00	
324	6.084000e-03	0.000000e+00	-1.73100e+00	
325	6.104000e-03	0.000000e+00	-1.69672e+00	
326	6.124000e-03	0.000000e+00	-1.66313e+00	
327	6.144000e-03	0.000000e+00	-1.63019e+00	
328	6.164000e-03	0.000000e+00	-1.59791e+00	
329	6.184000e-03	0.000000e+00	-1.56627e+00	
330	6.204000e-03	0.000000e+00	-1.53525e+00	
331	6.224000e-03	0.000000e+00	-1.50485e+00	
332	6.244000e-03	0.000000e+00	-1.47505e+00	
333	6.264000e-03	0.000000e+00	-1.44585e+00	
334	6.284000e-03	0.000000e+00	-1.41721e+00	
335	6.304000e-03	0.000000e+00	-1.38915e+00	
336	6.324000e-03	0.000000e+00	-1.36164e+00	
337	6.344000e-03	0.000000e+00	-1.33468e+00	
338	6.364000e-03	0.000000e+00	-1.30825e+00	
339	6.384000e-03	0.000000e+00	-1.28234e+00	
340	6.404000e-03	0.000000e+00	-1.25695e+00	
341	6.424000e-03	0.000000e+00	-1.23206e+00	
342	6.444000e-03	0.000000e+00	-1.20766e+00	
343	6.464000e-03	0.000000e+00	-1.18375e+00	
344	6.484000e-03	0.000000e+00	-1.16031e+00	

Index   time            v(1)            v(2)            
--------------------------------------------------------------------------------
345	6.504000e-03	0.000000e+00	-1.13733e+00	
346	6.524000e-03	0.000000e+00	-1.11481e+00	
347	6.544000e-03	0.000000e+00	-1.09274e+00	
348	6.564000e-03	0.000000e+00	-1.07110e+00	
349	6.584000e-03	0.000000e+00	-1.04989e+00	
350	6.604000e-03	0.000000e+00	-1.02910e+00	
351	6.624000e-03	0.000000e+00	-1.00872e+00	
352	6.644000e-03	0.000000e+00	-9.88745e-01	
353	6.664000e-03	0.000000e+00	-9.69166e-01	
354	6.684000e-03	0.000000e+00	-9.49975e-01	
355	6.704000e-03	0.000000e+00	-9.31163e-01	
356	6.724000e-03	0.000000e+00	-9.12724e-01	
357	6.744000e-03	0.000000e+00	-8.94651e-01	
358	6.764000e-03	0.000000e+00	-8.76935e-01	
359	6.784000e-03	0.000000e+00	-8.59570e-01	
360	6.804000e-03	0.000000e+00	-8.42549e-01	
361	6.824000e-03	0.000000e+00	-8.25864e-01	
362	6.844000e-03	0.000000e+00	-8.09511e-01	
363	6.864000e-03	0.000000e+00	-7.93481e-01	
364	6.884000e-03	0.000000e+00	-7.77768e-01	
365	6.904000e-03	0.000000e+00	-7.62367e-01	
366	6.924000e-03	0.000000e+00	-7.47271e-01	
367	6.944000e-03	0.000000e+00	-7.32473e-01	
368	6.964000e-03	0.000000e+00	-7.17969e-01	
369	6.984000e-03	0.000000e+00	-7.03752e-01	
370	7.004000e-03	0.000000e+00	-6.89816e-01	
371	7.024000e-03	0.000000e+00	-6.76156e-01	
372	7.044000e-03	0.000000e+00	-6.62767e-01	
373	7.064000e-03	0.000000e+00	-6.49643e-01	
374	7.084000e-03	0.000000e+00	-6.36779e-01	
375	7.104000e-03	0.000000e+00	-6.24169e-01	
376	7.124000e-03	0.000000e+00	-6.11809e-01	
377	7.144000e-03	0.000000e+00	-5.99694e-01	
378	7.164000e-03	0.000000e+00	-5.87819e-01	
379	7.184000e-03	0.000000e+00	-5.76179e-01	
380	7.204000e-03	0.000000e+00	-5.64770e-01	
381	7.224000e-03	0.000000e+00	-5.53586e-01	
382	7.244000e-03	0.000000e+00	-5.42624e-01	
383	7.264000e-03	0.000000e+00	-5.31879e-01	
384	7.284000e-03	0.000000e+00	-5.21347e-01	
385	7.304000e-03	0.000000e+00	-5.11023e-01	
386	7.324000e-03	0.000000e+00	-5.00904e-01	
387	7.344000e-03	0.000000e+00	-4.90985e-01	
388	7.364000e-03	0.000000e+00	-4.81262e-01	
389	7.384000e-03	0.000000e+00	-4.71732e-01	
390	7.404000e-03	0.000000e+00	-4.62391e-01	
391	7.424000e-03	0.000000e+00	-4.53235e-01	
392	7.444000e-03	0.000000e+00	-4.44260e-01	
393	7.464000e-03	0.000000e+00	-4.35463e-01	
394	7.484000e-03	0.000000e+00	-4.26840e-01	
395	7.504000e-03	0.000000e+00	-4.18387e-01	
396	7.524000e-03	0.000000e+00	-4.10103e-01	
397	7.544000e-03	0.000000e+00	-4.01982e-01	
398	7.564000e-03	0.000000e+00	-3.94022e-01	
399	7.584000e-03	0.000000e+00	-3.86219e-01	
400	7.604000e-03	0.000000e+00	-3.78571e-01	
401	7.624000e-03	0.000000e+00	-3.71075e-01	
402	7.644000e-03	0.000000e+00	-3.63727e-01	

Index   time            v(1)            v(2)            
--------------------------------------------------------------------------------
403	7.664000e-03	0.000000e+00	-3.56524e-01	
404	7.684000e-03	0.000000e+00	-3.49465e-01	
405	7.704000e-03	0.000000e+00	-3.42544e-01	
406	7.724000e-03	0.000000e+00	-3.35761e-01	
407	7.744000e-03	0.000000e+00	-3.29113e-01	
408	7.764000e-03	0.000000e+00	-3.22596e-01	
409	7.784000e-03	0.000000e+00	-3.16208e-01	
410	7.804000e-03	0.000000e+00	-3.09946e-01	
411	7.824000e-03	0.000000e+00	-3.03808e-01	
412	7.844000e-03	0.000000e+00	-2.97792e-01	
413	7.864000e-03	0.000000e+00	-2.91896e-01	
414	7.884000e-03	0.000000e+00	-2.86115e-01	
415	7.904000e-03	0.000000e+00	-2.80450e-01	
416	7.924000e-03	0.000000e+00	-2.74896e-01	
417	7.944000e-03	0.000000e+00	-2.69453e-01	
418	7.964000e-03	0.000000e+00	-2.64117e-01	
419	7.984000e-03	0.000000e+00	-2.58887e-01	
420	8.004000e-03	0.000000e+00	-2.53761e-01	
421	8.024000e-03	0.000000e+00	-2.48736e-01	
422	8.044000e-03	0.000000e+00	-2.43810e-01	
423	8.064000e-03	0.000000e+00	-2.38982e-01	
424	8.084000e-03	0.000000e+00	-2.34250e-01	
425	8.104000e-03	0.000000e+00	-2.29611e-01	
426	8.124000e-03	0.000000e+00	-2.25065e-01	
427	8.144000e-03	0.000000e+00	-2.20608e-01	
428	8.164000e-03	0.000000e+00	-2.16239e-01	
429	8.184000e-03	0.000000e+00	-2.11957e-01	
430	8.204000e-03	0.000000e+00	-2.07760e-01	
431	8.224000e-03	0.000000e+00	-2.03646e-01	
432	8.244000e-03	0.000000e+00	-1.99614e-01	
433	8.264000e-03	0.000000e+00	-1.95661e-01	
434	8.284000e-03	0.000000e+00	-1.91786e-01	
435	8.304000e-03	0.000000e+00	-1.87989e-01	
436	8.324000e-03	0.000000e+00	-1.84266e-01	
437	8.344000e-03	0.000000e+00	-1.80617e-01	
438	8.364000e-03	0.000000e+00	-1.77041e-01	
439	8.384000e-03	0.000000e+00	-1.73535e-01	
440	8.404000e-03	0.000000e+00	-1.70099e-01	
441	8.424000e-03	0.000000e+00	-1.66730e-01	
442	8.444000e-03	0.000000e+00	-1.63429e-01	
443	8.464000e-03	0.000000e+00	-1.60192e-01	
444	8.484000e-03	0.000000e+00	-1.57020e-01	
445	8.504000e-03	0.000000e+00	-1.53911e-01	
446	8.524000e-03	0.000000e+00	-1.50863e-01	
447	8.544000e-03	0.000000e+00	-1.47876e-01	
448	8.564000e-03	0.000000e+00	-1.44948e-01	
449	8.584000e-03	0.000000e+00	-1.42077e-01	
450	8.604000e-03	0.000000e+00	-1.39264e-01	
451	8.624000e-03	0.000000e+00	-1.36506e-01	
452	8.644000e-03	0.000000e+00	-1.33803e-01	
453	8.664000e-03	0.000000e+00	-1.31154e-01	
454	8.684000e-03	0.000000e+00	-1.28557e-01	
455	8.704000e-03	0.000000e+00	-1.26011e-01	
456	8.724000e-03	0.000000e+00	-1.23516e-01	
457	8.744000e-03	0.000000e+00	-1.21070e-01	
458	8.764000e-03	0.000000e+00	-1.18672e-01	
459	8.784000e-03	0.000000e+00	-1.16322e-01	
460	8.804000e-03	0.000000e+00	-1.14019e-01	

Index   time            v(1)            v(2)            
--------------------------------------------------------------------------------
461	8.824000e-03	0.000000e+00	-1.11761e-01	
462	8.844000e-03	0.000000e+00	-1.09548e-01	
463	8.864000e-03	0.000000e+00	-1.07379e-01	
464	8.884000e-03	0.000000e+00	-1.05252e-01	
465	8.904000e-03	0.000000e+00	-1.03168e-01	
466	8.924000e-03	0.000000e+00	-1.01125e-01	
467	8.944000e-03	0.000000e+00	-9.91228e-02	
468	8.964000e-03	0.000000e+00	-9.71600e-02	
469	8.984000e-03	0.000000e+00	-9.52361e-02	
470	9.004000e-03	0.000000e+00	-9.33502e-02	
471	9.024000e-03	0.000000e+00	-9.15017e-02	
472	9.044000e-03	0.000000e+00	-8.96898e-02	
473	9.064000e-03	0.000000e+00	-8.79137e-02	
474	9.084000e-03	0.000000e+00	-8.61729e-02	
475	9.104000e-03	0.000000e+00	-8.44665e-02	
476	9.124000e-03	0.000000e+00	-8.27939e-02	
477	9.144000e-03	0.000000e+00	-8.11544e-02	
478	9.164000e-03	0.000000e+00	-7.95474e-02	
479	9.184000e-03	0.000000e+00	-7.79722e-02	
480	9.204000e-03	0.000000e+00	-7.64282e-02	
481	9.224000e-03	0.000000e+00	-7.49147e-02	
482	9.244000e-03	0.000000e+00	-7.34313e-02	
483	9.264000e-03	0.000000e+00	-7.19772e-02	
484	9.284000e-03	0.000000e+00	-7.05519e-02	
485	9.304000e-03	0.000000e+00	-6.91548e-02	
486	9.324000e-03	0.000000e+00	-6.77854e-02	
487	9.344000e-03	0.000000e+00	-6.64431e-02	
488	9.364000e-03	0.000000e+00	-6.51274e-02	
489	9.384000e-03	0.000000e+00	-6.38378e-02	
490	9.404000e-03	0.000000e+00	-6.25737e-02	
491	9.424000e-03	0.000000e+00	-6.13346e-02	
492	9.444000e-03	0.000000e+00	-6.01200e-02	
493	9.464000e-03	0.000000e+00	-5.89295e-02	
494	9.484000e-03	0.000000e+00	-5.77626e-02	
495	9.504000e-03	0.000000e+00	-5.66188e-02	
496	9.524000e-03	0.000000e+00	-5.54976e-02	
497	9.544000e-03	0.000000e+00	-5.43987e-02	
498	9.564000e-03	0.000000e+00	-5.33215e-02	
499	9.584000e-03	0.000000e+00	-5.22656e-02	
500	9.604000e-03	0.000000e+00	-5.12306e-02	
501	9.624000e-03	0.000000e+00	-5.02162e-02	
502	9.644000e-03	0.000000e+00	-4.92218e-02	
503	9.664000e-03	0.000000e+00	-4.82471e-02	
504	9.684000e-03	0.000000e+00	-4.72917e-02	
505	9.704000e-03	0.000000e+00	-4.63553e-02	
506	9.724000e-03	0.000000e+00	-4.54373e-02	
507	9.744000e-03	0.000000e+00	-4.45376e-02	
508	9.764000e-03	0.000000e+00	-4.36556e-02	
509	9.784000e-03	0.000000e+00	-4.27912e-02	
510	9.804000e-03	0.000000e+00	-4.19438e-02	
511	9.824000e-03	0.000000e+00	-4.11133e-02	
512	9.844000e-03	0.000000e+00	-4.02991e-02	
513	9.864000e-03	0.000000e+00	-3.95011e-02	
514	9.884000e-03	0.000000e+00	-3.87189e-02	
515	9.904000e-03	0.000000e+00	-3.79522e-02	
516	9.924000e-03	0.000000e+00	-3.72007e-02	
517	9.944000e-03	0.000000e+00	-3.64640e-02	
518	9.964000e-03	0.000000e+00	-3.57420e-02	

Index   time            v(1)            v(2)            
--------------------------------------------------------------------------------
519	9.984000e-03	0.000000e+00	-3.50342e-02	
520	1.000000e-02	0.000000e+00	-3.44781e-02	
521	1.000200e-02	5.000000e-01	4.645927e-01	
522	1.000600e-02	1.500000e+00	1.460742e+00	
523	1.001400e-02	3.500000e+00	3.441135e+00	
524	1.002000e-02	5.000000e+00	4.916063e+00	
525	1.002145e-02	5.000000e+00	4.908932e+00	
526	1.002436e-02	5.000000e+00	4.894692e+00	
527	1.003017e-02	5.000000e+00	4.866334e+00	
528	1.004179e-02	5.000000e+00	4.810110e+00	
529	1.006179e-02	5.000000e+00	4.714861e+00	
530	1.008179e-02	5.000000e+00	4.621497e+00	
531	1.010179e-02	5.000000e+00	4.529982e+00	
532	1.012179e-02	5.000000e+00	4.440280e+00	
533	1.014179e-02	5.000000e+00	4.352353e+00	
534	1.016179e-02	5.000000e+00	4.266168e+00	
535	1.018179e-02	5.000000e+00	4.181690e+00	
536	1.020179e-02	5.000000e+00	4.098884e+00	
537	1.022179e-02	5.000000e+00	4.017718e+00	
538	1.024179e-02	5.000000e+00	3.938159e+00	
539	1.026179e-02	5.000000e+00	3.860176e+00	
540	1.028179e-02	5.000000e+00	3.783737e+00	
541	1.030179e-02	5.000000e+00	3.708811e+00	
542	1.032179e-02	5.000000e+00	3.635369e+00	
543	1.034179e-02	5.000000e+00	3.563382e+00	
544	1.036179e-02	5.000000e+00	3.492820e+00	
545	1.038179e-02	5.000000e+00	3.423655e+00	
546	1.040179e-02	5.000000e+00	3.355860e+00	
547	1.042179e-02	5.000000e+00	3.289407e+00	
548	1.044179e-02	5.000000e+00	3.224270e+00	
549	1.046179e-02	5.000000e+00	3.160423e+00	
550	1.048179e-02	5.000000e+00	3.097841e+00	
551	1.050179e-02	5.000000e+00	3.036497e+00	
552	1.052179e-02	5.000000e+00	2.976369e+00	
553	1.054179e-02	5.000000e+00	2.917431e+00	
554	1.056179e-02	5.000000e+00	2.859660e+00	
555	1.058179e-02	5.000000e+00	2.803033e+00	
556	1.060179e-02	5.000000e+00	2.747527e+00	
557	1.062179e-02	5.000000e+00	2.693121e+00	
558	1.064179e-02	5.000000e+00	2.639792e+00	
559	1.066179e-02	5.000000e+00	2.587519e+00	
560	1.068179e-02	5.000000e+00	2.536281e+00	
561	1.070179e-02	5.000000e+00	2.486057e+00	
562	1.072179e-02	5.000000e+00	2.436828e+00	
563	1.074179e-02	5.000000e+00	2.388574e+00	
564	1.076179e-02	5.000000e+00	2.341276e+00	
565	1.078179e-02	5.000000e+00	2.294914e+00	
566	1.080179e-02	5.000000e+00	2.249470e+00	
567	1.082179e-02	5.000000e+00	2.204926e+00	
568	1.084179e-02	5.000000e+00	2.161264e+00	
569	1.086179e-02	5.000000e+00	2.118467e+00	
570	1.088179e-02	5.000000e+00	2.076517e+00	
571	1.090179e-02	5.000000e+00	2.035398e+00	
572	1.092179e-02	5.000000e+00	1.995093e+00	
573	1.094179e-02	5.000000e+00	1.955586e+00	
574	1.096179e-02	5.000000e+00	1.916862e+00	
575	1.098179e-02	5.000000e+00	1.878904e+00	
576	1.100179e-02	5.000000e+00	1.841698e+00	

Index   time            v(1)            v(2)            
--------------------------------------------------------------------------------
577	1.102179e-02	5.000000e+00	1.805229e+00	
578	1.104179e-02	5.000000e+00	1.769482e+00	
579	1.106179e-02	5.000000e+00	1.734442e+00	
580	1.108179e-02	5.000000e+00	1.700097e+00	
581	1.110179e-02	5.000000e+00	1.666432e+00	
582	1.112179e-02	5.000000e+00	1.633433e+00	
583	1.114179e-02	5.000000e+00	1.601088e+00	
584	1.116179e-02	5.000000e+00	1.569383e+00	
585	1.118179e-02	5.000000e+00	1.538306e+00	
586	1.120179e-02	5.000000e+00	1.507845e+00	
587	1.122179e-02	5.000000e+00	1.477987e+00	
588	1.124179e-02	5.000000e+00	1.448719e+00	
589	1.126179e-02	5.000000e+00	1.420032e+00	
590	1.128179e-02	5.000000e+00	1.391912e+00	
591	1.130179e-02	5.000000e+00	1.364350e+00	
592	1.132179e-02	5.000000e+00	1.337333e+00	
593	1.134179e-02	5.000000e+00	1.310851e+00	
594	1.136179e-02	5.000000e+00	1.284894e+00	
595	1.138179e-02	5.000000e+00	1.259450e+00	
596	1.140179e-02	5.000000e+00	1.234511e+00	
597	1.142179e-02	5.000000e+00	1.210065e+00	
598	1.144179e-02	5.000000e+00	1.186103e+00	
599	1.146179e-02	5.000000e+00	1.162616e+00	
600	1.148179e-02	5.000000e+00	1.139594e+00	
601	1.150179e-02	5.000000e+00	1.117028e+00	
602	1.152179e-02	5.000000e+00	1.094908e+00	
603	1.154179e-02	5.000000e+00	1.073227e+00	
604	1.156179e-02	5.000000e+00	1.051975e+00	
605	1.158179e-02	5.000000e+00	1.031144e+00	
606	1.160179e-02	5.000000e+00	1.010725e+00	
607	1.162179e-02	5.000000e+00	9.907108e-01	
608	1.164179e-02	5.000000e+00	9.710927e-01	
609	1.166179e-02	5.000000e+00	9.518632e-01	
610	1.168179e-02	5.000000e+00	9.330144e-01	
611	1.170179e-02	5.000000e+00	9.145389e-01	
612	1.172179e-02	5.000000e+00	8.964292e-01	
613	1.174179e-02	5.000000e+00	8.786781e-01	
614	1.176179e-02	5.000000e+00	8.612785e-01	
615	1.178179e-02	5.000000e+00	8.442235e-01	
616	1.180179e-02	5.000000e+00	8.275062e-01	
617	1.182179e-02	5.000000e+00	8.111200e-01	
618	1.184179e-02	5.000000e+00	7.950582e-01	
619	1.186179e-02	5.000000e+00	7.793145e-01	
620	1.188179e-02	5.000000e+00	7.638825e-01	
621	1.190179e-02	5.000000e+00	7.487561e-01	
622	1.192179e-02	5.000000e+00	7.339293e-01	
623	1.194179e-02	5.000000e+00	7.193960e-01	
624	1.196179e-02	5.000000e+00	7.051505e-01	
625	1.198179e-02	5.000000e+00	6.911872e-01	
626	1.200179e-02	5.000000e+00	6.775003e-01	
627	1.202179e-02	5.000000e+00	6.640844e-01	
628	1.204179e-02	5.000000e+00	6.509342e-01	
629	1.206179e-02	5.000000e+00	6.380445e-01	
630	1.208179e-02	5.000000e+00	6.254099e-01	
631	1.210179e-02	5.000000e+00	6.130256e-01	
632	1.212179e-02	5.000000e+00	6.008864e-01	
633	1.214179e-02	5.000000e+00	5.889877e-01	
634	1.216179e-02	5.000000e+00	5.773246e-01	

Index   time            v(1)            v(2)            
--------------------------------------------------------------------------------
635	1.218179e-02	5.000000e+00	5.658924e-01	
636	1.220179e-02	5.000000e+00	5.546866e-01	
637	1.222179e-02	5.000000e+00	5.437027e-01	
638	1.224179e-02	5.000000e+00	5.329363e-01	
639	1.226179e-02	5.000000e+00	5.223831e-01	
640	1.228179e-02	5.000000e+00	5.120389e-01	
641	1.230179e-02	5.000000e+00	5.018995e-01	
642	1.232179e-02	5.000000e+00	4.919609e-01	
643	1.234179e-02	5.000000e+00	4.822191e-01	
644	1.236179e-02	5.000000e+00	4.726702e-01	
645	1.238179e-02	5.000000e+00	4.633104e-01	
646	1.240179e-02	5.000000e+00	4.541360e-01	
647	1.242179e-02	5.000000e+00	4.451432e-01	
648	1.244179e-02	5.000000e+00	4.363285e-01	
649	1.246179e-02	5.000000e+00	4.276883e-01	
650	1.248179e-02	5.000000e+00	4.192192e-01	
651	1.250179e-02	5.000000e+00	4.109178e-01	
652	1.252179e-02	5.000000e+00	4.027809e-01	
653	1.254179e-02	5.000000e+00	3.948050e-01	
654	1.256179e-02	5.000000e+00	3.869871e-01	
655	1.258179e-02	5.000000e+00	3.793240e-01	
656	1.260179e-02	5.000000e+00	3.718126e-01	
657	1.262179e-02	5.000000e+00	3.644500e-01	
658	1.264179e-02	5.000000e+00	3.572331e-01	
659	1.266179e-02	5.000000e+00	3.501592e-01	
660	1.268179e-02	5.000000e+00	3.432254e-01	
661	1.270179e-02	5.000000e+00	3.364288e-01	
662	1.272179e-02	5.000000e+00	3.297669e-01	
663	1.274179e-02	5.000000e+00	3.232368e-01	
664	1.276179e-02	5.000000e+00	3.168361e-01	
665	1.278179e-02	5.000000e+00	3.105621e-01	
666	1.280179e-02	5.000000e+00	3.044124e-01	
667	1.282179e-02	5.000000e+00	2.983844e-01	
668	1.284179e-02	5.000000e+00	2.924758e-01	
669	1.286179e-02	5.000000e+00	2.866842e-01	
670	1.288179e-02	5.000000e+00	2.810073e-01	
671	1.290179e-02	5.000000e+00	2.754428e-01	
672	1.292179e-02	5.000000e+00	2.699885e-01	
673	1.294179e-02	5.000000e+00	2.646422e-01	
674	1.296179e-02	5.000000e+00	2.594017e-01	
675	1.298179e-02	5.000000e+00	2.542651e-01	
676	1.300179e-02	5.000000e+00	2.492301e-01	
677	1.302179e-02	5.000000e+00	2.442949e-01	
678	1.304179e-02	5.000000e+00	2.394573e-01	
679	1.306179e-02	5.000000e+00	2.347156e-01	
680	1.308179e-02	5.000000e+00	2.300678e-01	
681	1.310179e-02	5.000000e+00	2.255120e-01	
682	1.312179e-02	5.000000e+00	2.210464e-01	
683	1.314179e-02	5.000000e+00	2.166692e-01	
684	1.316179e-02	5.000000e+00	2.123788e-01	
685	1.318179e-02	5.000000e+00	2.081732e-01	
686	1.320179e-02	5.000000e+00	2.040510e-01	
687	1.322179e-02	5.000000e+00	2.000104e-01	
688	1.324179e-02	5.000000e+00	1.960498e-01	
689	1.326179e-02	5.000000e+00	1.921676e-01	
690	1.328179e-02	5.000000e+00	1.883623e-01	
691	1.330179e-02	5.000000e+00	1.846324e-01	
692	1.332179e-02	5.000000e+00	1.809763e-01	

Index   time            v(1)            v(2)            
--------------------------------------------------------------------------------
693	1.334179e-02	5.000000e+00	1.773926e-01	
694	1.336179e-02	5.000000e+00	1.738799e-01	
695	1.338179e-02	5.000000e+00	1.704367e-01	
696	1.340179e-02	5.000000e+00	1.670617e-01	
697	1.342179e-02	5.000000e+00	1.637536e-01	
698	1.344179e-02	5.000000e+00	1.605109e-01	
699	1.346179e-02	5.000000e+00	1.573325e-01	
700	1.348179e-02	5.000000e+00	1.542170e-01	
701	1.350179e-02	5.000000e+00	1.511632e-01	
702	1.352179e-02	5.000000e+00	1.481699e-01	
703	1.354179e-02	5.000000e+00	1.452358e-01	
704	1.356179e-02	5.000000e+00	1.423598e-01	
705	1.358179e-02	5.000000e+00	1.395408e-01	
706	1.360179e-02	5.000000e+00	1.367777e-01	
707	1.362179e-02	5.000000e+00	1.340692e-01	
708	1.364179e-02	5.000000e+00	1.314143e-01	
709	1.366179e-02	5.000000e+00	1.288121e-01	
710	1.368179e-02	5.000000e+00	1.262614e-01	
711	1.370179e-02	5.000000e+00	1.237611e-01	
712	1.372179e-02	5.000000e+00	1.213104e-01	
713	1.374179e-02	5.000000e+00	1.189082e-01	
714	1.376179e-02	5.000000e+00	1.165536e-01	
715	1.378179e-02	5.000000e+00	1.142456e-01	
716	1.380179e-02	5.000000e+00	1.119833e-01	
717	1.382179e-02	5.000000e+00	1.097658e-01	
718	1.384179e-02	5.000000e+00	1.075923e-01	
719	1.386179e-02	5.000000e+00	1.054617e-01	
720	1.388179e-02	5.000000e+00	1.033734e-01	
721	1.390179e-02	5.000000e+00	1.013264e-01	
722	1.392179e-02	5.000000e+00	9.931990e-02	
723	1.394179e-02	5.000000e+00	9.735317e-02	
724	1.396179e-02	5.000000e+00	9.542538e-02	
725	1.398179e-02	5.000000e+00	9.353577e-02	
726	1.400179e-02	5.000000e+00	9.168358e-02	
727	1.402179e-02	5.000000e+00	8.986806e-02	
728	1.404179e-02	5.000000e+00	8.808850e-02	
729	1.406179e-02	5.000000e+00	8.634417e-02	
730	1.408179e-02	5.000000e+00	8.463439e-02	
731	1.410179e-02	5.000000e+00	8.295846e-02	
732	1.412179e-02	5.000000e+00	8.131572e-02	
733	1.414179e-02	5.000000e+00	7.970550e-02	
734	1.416179e-02	5.000000e+00	7.812718e-02	
735	1.418179e-02	5.000000e+00	7.658010e-02	
736	1.420179e-02	5.000000e+00	7.506367e-02	
737	1.422179e-02	5.000000e+00	7.357726e-02	
738	1.424179e-02	5.000000e+00	7.212028e-02	
739	1.426179e-02	5.000000e+00	7.069216e-02	
740	1.428179e-02	5.000000e+00	6.929231e-02	
741	1.430179e-02	5.000000e+00	6.792019e-02	
742	1.432179e-02	5.000000e+00	6.657523e-02	
743	1.434179e-02	5.000000e+00	6.525691e-02	
744	1.436179e-02	5.000000e+00	6.396470e-02	
745	1.438179e-02	5.000000e+00	6.269807e-02	
746	1.440179e-02	5.000000e+00	6.145652e-02	
747	1.442179e-02	5.000000e+00	6.023956e-02	
748	1.444179e-02	5.000000e+00	5.904670e-02	
749	1.446179e-02	5.000000e+00	5.787746e-02	
750	1.448179e-02	5.000000e+00	5.673137e-02	

Index   time            v(1)            v(2)            
--------------------------------------------------------------------------------
751	1.450179e-02	5.000000e+00	5.560798e-02	
752	1.452179e-02	5.000000e+00	5.450683e-02	
753	1.454179e-02	5.000000e+00	5.342748e-02	
754	1.456179e-02	5.000000e+00	5.236951e-02	
755	1.458179e-02	5.000000e+00	5.133249e-02	
756	1.460179e-02	5.000000e+00	5.031601e-02	
757	1.462179e-02	5.000000e+00	4.931965e-02	
758	1.464179e-02	5.000000e+00	4.834303e-02	
759	1.466179e-02	5.000000e+00	4.738574e-02	
760	1.468179e-02	5.000000e+00	4.644741e-02	
761	1.470179e-02	5.000000e+00	4.552766e-02	
762	1.472179e-02	5.000000e+00	4.462612e-02	
763	1.474179e-02	5.000000e+00	4.374243e-02	
764	1.476179e-02	5.000000e+00	4.287625e-02	
765	1.478179e-02	5.000000e+00	4.202721e-02	
766	1.480179e-02	5.000000e+00	4.119499e-02	
767	1.482179e-02	5.000000e+00	4.037925e-02	
768	1.484179e-02	5.000000e+00	3.957966e-02	
769	1.486179e-02	5.000000e+00	3.879590e-02	
770	1.488179e-02	5.000000e+00	3.802767e-02	
771	1.490179e-02	5.000000e+00	3.727464e-02	
772	1.492179e-02	5.000000e+00	3.653653e-02	
773	1.494179e-02	5.000000e+00	3.581304e-02	
774	1.496179e-02	5.000000e+00	3.510387e-02	
775	1.498179e-02	5.000000e+00	3.440874e-02	
776	1.500179e-02	5.000000e+00	3.372738e-02	
777	1.502000e-02	5.000000e+00	3.311871e-02	
778	1.502200e-02	4.500000e+00	-4.65949e-01	
779	1.502600e-02	3.500000e+00	-1.46209e+00	
780	1.503400e-02	1.500000e+00	-3.44248e+00	
781	1.504000e-02	6.377121e-13	-4.91740e+00	
782	1.504160e-02	0.000000e+00	-4.90954e+00	
783	1.504480e-02	0.000000e+00	-4.89385e+00	
784	1.505120e-02	0.000000e+00	-4.86263e+00	
785	1.506400e-02	0.000000e+00	-4.80079e+00	
786	1.508400e-02	0.000000e+00	-4.70572e+00	
787	1.510400e-02	0.000000e+00	-4.61254e+00	
788	1.512400e-02	0.000000e+00	-4.52120e+00	
789	1.514400e-02	0.000000e+00	-4.43167e+00	
790	1.516400e-02	0.000000e+00	-4.34392e+00	
791	1.518400e-02	0.000000e+00	-4.25790e+00	
792	1.520400e-02	0.000000e+00	-4.17359e+00	
793	1.522400e-02	0.000000e+00	-4.09094e+00	
794	1.524400e-02	0.000000e+00	-4.00993e+00	
795	1.526400e-02	0.000000e+00	-3.93053e+00	
796	1.528400e-02	0.000000e+00	-3.85269e+00	
797	1.530400e-02	0.000000e+00	-3.77640e+00	
798	1.532400e-02	0.000000e+00	-3.70162e+00	
799	1.534400e-02	0.000000e+00	-3.62832e+00	
800	1.536400e-02	0.000000e+00	-3.55648e+00	
801	1.538400e-02	0.000000e+00	-3.48605e+00	
802	1.540400e-02	0.000000e+00	-3.41702e+00	
803	1.542400e-02	0.000000e+00	-3.34936e+00	
804	1.544400e-02	0.000000e+00	-3.28303e+00	
805	1.546400e-02	0.000000e+00	-3.21802e+00	
806	1.548400e-02	0.000000e+00	-3.15430e+00	
807	1.550400e-02	0.000000e+00	-3.09184e+00	
808	1.552400e-02	0.000000e+00	-3.03061e+00	

Index   time            v(1)            v(2)            
--------------------------------------------------------------------------------
809	1.554400e-02	0.000000e+00	-2.97060e+00	
810	1.556400e-02	0.000000e+00	-2.91178e+00	
811	1.558400e-02	0.000000e+00	-2.85412e+00	
812	1.560400e-02	0.000000e+00	-2.79760e+00	
813	1.562400e-02	0.000000e+00	-2.74220e+00	
814	1.564400e-02	0.000000e+00	-2.68790e+00	
815	1.566400e-02	0.000000e+00	-2.63468e+00	
816	1.568400e-02	0.000000e+00	-2.58250e+00	
817	1.570400e-02	0.000000e+00	-2.53137e+00	
818	1.572400e-02	0.000000e+00	-2.48124e+00	
819	1.574400e-02	0.000000e+00	-2.43211e+00	
820	1.576400e-02	0.000000e+00	-2.38395e+00	
821	1.578400e-02	0.000000e+00	-2.33674e+00	
822	1.580400e-02	0.000000e+00	-2.29047e+00	
823	1.582400e-02	0.000000e+00	-2.24511e+00	
824	1.584400e-02	0.000000e+00	-2.20065e+00	
825	1.586400e-02	0.000000e+00	-2.15708e+00	
826	1.588400e-02	0.000000e+00	-2.11436e+00	
827	1.590400e-02	0.000000e+00	-2.07249e+00	
828	1.592400e-02	0.000000e+00	-2.03145e+00	
829	1.594400e-02	0.000000e+00	-1.99123e+00	
830	1.596400e-02	0.000000e+00	-1.95180e+00	
831	1.598400e-02	0.000000e+00	-1.91315e+00	
832	1.600400e-02	0.000000e+00	-1.87526e+00	
833	1.602400e-02	0.000000e+00	-1.83813e+00	
834	1.604400e-02	0.000000e+00	-1.80173e+00	
835	1.606400e-02	0.000000e+00	-1.76605e+00	
836	1.608400e-02	0.000000e+00	-1.73108e+00	
837	1.610400e-02	0.000000e+00	-1.69680e+00	
838	1.612400e-02	0.000000e+00	-1.66320e+00	
839	1.614400e-02	0.000000e+00	-1.63027e+00	
840	1.616400e-02	0.000000e+00	-1.59798e+00	
841	1.618400e-02	0.000000e+00	-1.56634e+00	
842	1.620400e-02	0.000000e+00	-1.53532e+00	
843	1.622400e-02	0.000000e+00	-1.50492e+00	
844	1.624400e-02	0.000000e+00	-1.47512e+00	
845	1.626400e-02	0.000000e+00	-1.44591e+00	
846	1.628400e-02	0.000000e+00	-1.41728e+00	
847	1.630400e-02	0.000000e+00	-1.38921e+00	
848	1.632400e-02	0.000000e+00	-1.36171e+00	
849	1.634400e-02	0.000000e+00	-1.33474e+00	
850	1.636400e-02	0.000000e+00	-1.30831e+00	
851	1.638400e-02	0.000000e+00	-1.28240e+00	
852	1.640400e-02	0.000000e+00	-1.25701e+00	
853	1.642400e-02	0.000000e+00	-1.23212e+00	
854	1.644400e-02	0.000000e+00	-1.20772e+00	
855	1.646400e-02	0.000000e+00	-1.18380e+00	
856	1.648400e-02	0.000000e+00	-1.16036e+00	
857	1.650400e-02	0.000000e+00	-1.13739e+00	
858	1.652400e-02	0.000000e+00	-1.11486e+00	
859	1.654400e-02	0.000000e+00	-1.09279e+00	
860	1.656400e-02	0.000000e+00	-1.07115e+00	
861	1.658400e-02	0.000000e+00	-1.04994e+00	
862	1.660400e-02	0.000000e+00	-1.02915e+00	
863	1.662400e-02	0.000000e+00	-1.00877e+00	
864	1.664400e-02	0.000000e+00	-9.88791e-01	
865	1.666400e-02	0.000000e+00	-9.69211e-01	
866	1.668400e-02	0.000000e+00	-9.50018e-01	

Index   time            v(1)            v(2)            
--------------------------------------------------------------------------------
867	1.670400e-02	0.000000e+00	-9.31206e-01	
868	1.672400e-02	0.000000e+00	-9.12766e-01	
869	1.674400e-02	0.000000e+00	-8.94692e-01	
870	1.676400e-02	0.000000e+00	-8.76975e-01	
871	1.678400e-02	0.000000e+00	-8.59609e-01	
872	1.680400e-02	0.000000e+00	-8.42587e-01	
873	1.682400e-02	0.000000e+00	-8.25902e-01	
874	1.684400e-02	0.000000e+00	-8.09548e-01	
875	1.686400e-02	0.000000e+00	-7.93517e-01	
876	1.688400e-02	0.000000e+00	-7.77804e-01	
877	1.690400e-02	0.000000e+00	-7.62402e-01	
878	1.692400e-02	0.000000e+00	-7.47305e-01	
879	1.694400e-02	0.000000e+00	-7.32507e-01	
880	1.696400e-02	0.000000e+00	-7.18002e-01	
881	1.698400e-02	0.000000e+00	-7.03784e-01	
882	1.700400e-02	0.000000e+00	-6.89848e-01	
883	1.702400e-02	0.000000e+00	-6.76187e-01	
884	1.704400e-02	0.000000e+00	-6.62797e-01	
885	1.706400e-02	0.000000e+00	-6.49673e-01	
886	1.708400e-02	0.000000e+00	-6.36808e-01	
887	1.710400e-02	0.000000e+00	-6.24198e-01	
888	1.712400e-02	0.000000e+00	-6.11837e-01	
889	1.714400e-02	0.000000e+00	-5.99722e-01	
890	1.716400e-02	0.000000e+00	-5.87846e-01	
891	1.718400e-02	0.000000e+00	-5.76206e-01	
892	1.720400e-02	0.000000e+00	-5.64796e-01	
893	1.722400e-02	0.000000e+00	-5.53612e-01	
894	1.724400e-02	0.000000e+00	-5.42649e-01	
895	1.726400e-02	0.000000e+00	-5.31903e-01	
896	1.728400e-02	0.000000e+00	-5.21371e-01	
897	1.730400e-02	0.000000e+00	-5.11047e-01	
898	1.732400e-02	0.000000e+00	-5.00927e-01	
899	1.734400e-02	0.000000e+00	-4.91007e-01	
900	1.736400e-02	0.000000e+00	-4.81285e-01	
901	1.738400e-02	0.000000e+00	-4.71754e-01	
902	1.740400e-02	0.000000e+00	-4.62413e-01	
903	1.742400e-02	0.000000e+00	-4.53256e-01	
904	1.744400e-02	0.000000e+00	-4.44280e-01	
905	1.746400e-02	0.000000e+00	-4.35483e-01	
906	1.748400e-02	0.000000e+00	-4.26859e-01	
907	1.750400e-02	0.000000e+00	-4.18407e-01	
908	1.752400e-02	0.000000e+00	-4.10121e-01	
909	1.754400e-02	0.000000e+00	-4.02000e-01	
910	1.756400e-02	0.000000e+00	-3.94040e-01	
911	1.758400e-02	0.000000e+00	-3.86237e-01	
912	1.760400e-02	0.000000e+00	-3.78589e-01	
913	1.762400e-02	0.000000e+00	-3.71092e-01	
914	1.764400e-02	0.000000e+00	-3.63744e-01	
915	1.766400e-02	0.000000e+00	-3.56541e-01	
916	1.768400e-02	0.000000e+00	-3.49481e-01	
917	1.770400e-02	0.000000e+00	-3.42560e-01	
918	1.772400e-02	0.000000e+00	-3.35777e-01	
919	1.774400e-02	0.000000e+00	-3.29128e-01	
920	1.776400e-02	0.000000e+00	-3.22610e-01	
921	1.778400e-02	0.000000e+00	-3.16222e-01	
922	1.780400e-02	0.000000e+00	-3.09960e-01	
923	1.782400e-02	0.000000e+00	-3.03822e-01	
924	1.784400e-02	0.000000e+00	-2.97806e-01	

Index   time            v(1)            v(2)            
--------------------------------------------------------------------------------
925	1.786400e-02	0.000000e+00	-2.91909e-01	
926	1.788400e-02	0.000000e+00	-2.86129e-01	
927	1.790400e-02	0.000000e+00	-2.80463e-01	
928	1.792400e-02	0.000000e+00	-2.74909e-01	
929	1.794400e-02	0.000000e+00	-2.69465e-01	
930	1.796400e-02	0.000000e+00	-2.64129e-01	
931	1.798400e-02	0.000000e+00	-2.58899e-01	
932	1.800400e-02	0.000000e+00	-2.53772e-01	
933	1.802400e-02	0.000000e+00	-2.48747e-01	
934	1.804400e-02	0.000000e+00	-2.43821e-01	
935	1.806400e-02	0.000000e+00	-2.38993e-01	
936	1.808400e-02	0.000000e+00	-2.34261e-01	
937	1.810400e-02	0.000000e+00	-2.29622e-01	
938	1.812400e-02	0.000000e+00	-2.25075e-01	
939	1.814400e-02	0.000000e+00	-2.20618e-01	
940	1.816400e-02	0.000000e+00	-2.16249e-01	
941	1.818400e-02	0.000000e+00	-2.11967e-01	
942	1.820400e-02	0.000000e+00	-2.07770e-01	
943	1.822400e-02	0.000000e+00	-2.03656e-01	
944	1.824400e-02	0.000000e+00	-1.99623e-01	
945	1.826400e-02	0.000000e+00	-1.95670e-01	
946	1.828400e-02	0.000000e+00	-1.91795e-01	
947	1.830400e-02	0.000000e+00	-1.87997e-01	
948	1.832400e-02	0.000000e+00	-1.84275e-01	
949	1.834400e-02	0.000000e+00	-1.80626e-01	
950	1.836400e-02	0.000000e+00	-1.77049e-01	
951	1.838400e-02	0.000000e+00	-1.73543e-01	
952	1.840400e-02	0.000000e+00	-1.70106e-01	
953	1.842400e-02	0.000000e+00	-1.66738e-01	
954	1.844400e-02	0.000000e+00	-1.63436e-01	
955	1.846400e-02	0.000000e+00	-1.60200e-01	
956	1.848400e-02	0.000000e+00	-1.57028e-01	
957	1.850400e-02	0.000000e+00	-1.53918e-01	
958	1.852400e-02	0.000000e+00	-1.50870e-01	
959	1.854400e-02	0.000000e+00	-1.47883e-01	
960	1.856400e-02	0.000000e+00	-1.44954e-01	
961	1.858400e-02	0.000000e+00	-1.42084e-01	
962	1.860400e-02	0.000000e+00	-1.39270e-01	
963	1.862400e-02	0.000000e+00	-1.36513e-01	
964	1.864400e-02	0.000000e+00	-1.33809e-01	
965	1.866400e-02	0.000000e+00	-1.31160e-01	
966	1.868400e-02	0.000000e+00	-1.28562e-01	
967	1.870400e-02	0.000000e+00	-1.26017e-01	
968	1.872400e-02	0.000000e+00	-1.23521e-01	
969	1.874400e-02	0.000000e+00	-1.21075e-01	
970	1.876400e-02	0.000000e+00	-1.18678e-01	
971	1.878400e-02	0.000000e+00	-1.16328e-01	
972	1.880400e-02	0.000000e+00	-1.14024e-01	
973	1.882400e-02	0.000000e+00	-1.11766e-01	
974	1.884400e-02	0.000000e+00	-1.09553e-01	
975	1.886400e-02	0.000000e+00	-1.07384e-01	
976	1.888400e-02	0.000000e+00	-1.05257e-01	
977	1.890400e-02	0.000000e+00	-1.03173e-01	
978	1.892400e-02	0.000000e+00	-1.01130e-01	
979	1.894400e-02	0.000000e+00	-9.91274e-02	
980	1.896400e-02	0.000000e+00	-9.71645e-02	
981	1.898400e-02	0.000000e+00	-9.52404e-02	
982	1.900400e-02	0.000000e+00	-9.33545e-02	

Index   time            v(1)            v(2)            
--------------------------------------------------------------------------------
983	1.902400e-02	0.000000e+00	-9.15059e-02	
984	1.904400e-02	0.000000e+00	-8.96939e-02	
985	1.906400e-02	0.000000e+00	-8.79178e-02	
986	1.908400e-02	0.000000e+00	-8.61768e-02	
987	1.910400e-02	0.000000e+00	-8.44704e-02	
988	1.912400e-02	0.000000e+00	-8.27977e-02	
989	1.914400e-02	0.000000e+00	-8.11581e-02	
990	1.916400e-02	0.000000e+00	-7.95510e-02	
991	1.918400e-02	0.000000e+00	-7.79758e-02	
992	1.920400e-02	0.000000e+00	-7.64317e-02	
993	1.922400e-02	0.000000e+00	-7.49182e-02	
994	1.924400e-02	0.000000e+00	-7.34347e-02	
995	1.926400e-02	0.000000e+00	-7.19805e-02	
996	1.928400e-02	0.000000e+00	-7.05552e-02	
997	1.930400e-02	0.000000e+00	-6.91580e-02	
998	1.932400e-02	0.000000e+00	-6.77886e-02	
999	1.934400e-02	0.000000e+00	-6.64462e-02	
1000	1.936400e-02	0.000000e+00	-6.51304e-02	
1001	1.938400e-02	0.000000e+00	-6.38407e-02	
1002	1.940400e-02	0.000000e+00	-6.25766e-02	
1003	1.942400e-02	0.000000e+00	-6.13374e-02	
1004	1.944400e-02	0.000000e+00	-6.01228e-02	
1005	1.946400e-02	0.000000e+00	-5.89323e-02	
1006	1.948400e-02	0.000000e+00	-5.77653e-02	
1007	1.950400e-02	0.000000e+00	-5.66214e-02	
1008	1.952400e-02	0.000000e+00	-5.55002e-02	
1009	1.954400e-02	0.000000e+00	-5.44012e-02	
1010	1.956400e-02	0.000000e+00	-5.33239e-02	
1011	1.958400e-02	0.000000e+00	-5.22680e-02	
1012	1.960400e-02	0.000000e+00	-5.12330e-02	
1013	1.962400e-02	0.000000e+00	-5.02185e-02	
1014	1.964400e-02	0.000000e+00	-4.92241e-02	
1015	1.966400e-02	0.000000e+00	-4.82493e-02	
1016	1.968400e-02	0.000000e+00	-4.72939e-02	
1017	1.970400e-02	0.000000e+00	-4.63574e-02	
1018	1.972400e-02	0.000000e+00	-4.54394e-02	
1019	1.974400e-02	0.000000e+00	-4.45396e-02	
1020	1.976400e-02	0.000000e+00	-4.36577e-02	
1021	1.978400e-02	0.000000e+00	-4.27931e-02	
1022	1.980400e-02	0.000000e+00	-4.19458e-02	
1023	1.982400e-02	0.000000e+00	-4.11152e-02	
1024	1.984400e-02	0.000000e+00	-4.03010e-02	
1025	1.986400e-02	0.000000e+00	-3.95030e-02	
1026	1.988400e-02	0.000000e+00	-3.87207e-02	
1027	1.990400e-02	0.000000e+00	-3.79540e-02	
1028	1.992400e-02	0.000000e+00	-3.72024e-02	
1029	1.994400e-02	0.000000e+00	-3.64657e-02	
1030	1.996400e-02	0.000000e+00	-3.57436e-02	
1031	1.998400e-02	0.000000e+00	-3.50358e-02	
1032	2.000000e-02	0.000000e+00	-3.44797e-02	
1033	2.000200e-02	5.000000e-01	4.645911e-01	
1034	2.000600e-02	1.500000e+00	1.460740e+00	
1035	2.001400e-02	3.500000e+00	3.441133e+00	
1036	2.002000e-02	5.000000e+00	4.916061e+00	
1037	2.002145e-02	5.000000e+00	4.908931e+00	
1038	2.002436e-02	5.000000e+00	4.894690e+00	
1039	2.003017e-02	5.000000e+00	4.866332e+00	
1040	2.004179e-02	5.000000e+00	4.810107e+00	

Index   time            v(1)            v(2)            
--------------------------------------------------------------------------------
1041	2.006179e-02	5.000000e+00	4.714858e+00	
1042	2.008179e-02	5.000000e+00	4.621494e+00	
1043	2.010179e-02	5.000000e+00	4.529980e+00	
1044	2.012179e-02	5.000000e+00	4.440277e+00	
1045	2.014179e-02	5.000000e+00	4.352351e+00	
1046	2.016179e-02	5.000000e+00	4.266166e+00	
1047	2.018179e-02	5.000000e+00	4.181687e+00	
1048	2.020179e-02	5.000000e+00	4.098881e+00	
1049	2.022179e-02	5.000000e+00	4.017715e+00	
1050	2.024179e-02	5.000000e+00	3.938157e+00	
1051	2.026179e-02	5.000000e+00	3.860173e+00	
1052	2.028179e-02	5.000000e+00	3.783734e+00	
1053	2.030179e-02	5.000000e+00	3.708809e+00	
1054	2.032179e-02	5.000000e+00	3.635367e+00	
1055	2.034179e-02	5.000000e+00	3.563380e+00	
1056	2.036179e-02	5.000000e+00	3.492818e+00	
1057	2.038179e-02	5.000000e+00	3.423653e+00	
1058	2.040179e-02	5.000000e+00	3.355858e+00	
1059	2.042179e-02	5.000000e+00	3.289405e+00	
1060	2.044179e-02	5.000000e+00	3.224268e+00	
1061	2.046179e-02	5.000000e+00	3.160422e+00	
1062	2.048179e-02	5.000000e+00	3.097839e+00	
1063	2.050179e-02	5.000000e+00	3.036496e+00	
1064	2.052179e-02	5.000000e+00	2.976367e+00	
1065	2.054179e-02	5.000000e+00	2.917429e+00	
1066	2.056179e-02	5.000000e+00	2.859658e+00	
1067	2.058179e-02	5.000000e+00	2.803031e+00	
1068	2.060179e-02	5.000000e+00	2.747526e+00	
1069	2.062179e-02	5.000000e+00	2.693119e+00	
1070	2.064179e-02	5.000000e+00	2.639790e+00	
1071	2.066179e-02	5.000000e+00	2.587517e+00	
1072	2.068179e-02	5.000000e+00	2.536279e+00	
1073	2.070179e-02	5.000000e+00	2.486056e+00	
1074	2.072179e-02	5.000000e+00	2.436827e+00	
1075	2.074179e-02	5.000000e+00	2.388573e+00	
1076	2.076179e-02	5.000000e+00	2.341274e+00	
1077	2.078179e-02	5.000000e+00	2.294913e+00	
1078	2.080179e-02	5.000000e+00	2.249469e+00	
1079	2.082179e-02	5.000000e+00	2.204925e+00	
1080	2.084179e-02	5.000000e+00	2.161263e+00	
1081	2.086179e-02	5.000000e+00	2.118466e+00	
1082	2.088179e-02	5.000000e+00	2.076516e+00	
1083	2.090179e-02	5.000000e+00	2.035397e+00	
1084	2.092179e-02	5.000000e+00	1.995092e+00	
1085	2.094179e-02	5.000000e+00	1.955585e+00	
1086	2.096179e-02	5.000000e+00	1.916861e+00	
1087	2.098179e-02	5.000000e+00	1.878903e+00	
1088	2.100179e-02	5.000000e+00	1.841697e+00	
1089	2.102179e-02	5.000000e+00	1.805228e+00	
1090	2.104179e-02	5.000000e+00	1.769481e+00	
1091	2.106179e-02	5.000000e+00	1.734441e+00	
1092	2.108179e-02	5.000000e+00	1.700096e+00	
1093	2.110179e-02	5.000000e+00	1.666431e+00	
1094	2.112179e-02	5.000000e+00	1.633432e+00	
1095	2.114179e-02	5.000000e+00	1.601087e+00	
1096	2.116179e-02	5.000000e+00	1.569382e+00	
1097	2.118179e-02	5.000000e+00	1.538305e+00	
1098	2.120179e-02	5.000000e+00	1.507844e+00	

Index   time            v(1)            v(2)            
--------------------------------------------------------------------------------
1099	2.122179e-02	5.000000e+00	1.477986e+00	
1100	2.124179e-02	5.000000e+00	1.448719e+00	
1101	2.126179e-02	5.000000e+00	1.420031e+00	
1102	2.128179e-02	5.000000e+00	1.391912e+00	
1103	2.130179e-02	5.000000e+00	1.364349e+00	
1104	2.132179e-02	5.000000e+00	1.337332e+00	
1105	2.134179e-02	5.000000e+00	1.310850e+00	
1106	2.136179e-02	5.000000e+00	1.284893e+00	
1107	2.138179e-02	5.000000e+00	1.259450e+00	
1108	2.140179e-02	5.000000e+00	1.234510e+00	
1109	2.142179e-02	5.000000e+00	1.210064e+00	
1110	2.144179e-02	5.000000e+00	1.186103e+00	
1111	2.146179e-02	5.000000e+00	1.162615e+00	
1112	2.148179e-02	5.000000e+00	1.139593e+00	
1113	2.150179e-02	5.000000e+00	1.117027e+00	
1114	2.152179e-02	5.000000e+00	1.094908e+00	
1115	2.154179e-02	5.000000e+00	1.073226e+00	
1116	2.156179e-02	5.000000e+00	1.051974e+00	
1117	2.158179e-02	5.000000e+00	1.031143e+00	
1118	2.160179e-02	5.000000e+00	1.010725e+00	
1119	2.162179e-02	5.000000e+00	9.907102e-01	
1120	2.164179e-02	5.000000e+00	9.710921e-01	
1121	2.166179e-02	5.000000e+00	9.518626e-01	
1122	2.168179e-02	5.000000e+00	9.330138e-01	
1123	2.170179e-02	5.000000e+00	9.145383e-01	
1124	2.172179e-02	5.000000e+00	8.964286e-01	
1125	2.174179e-02	5.000000e+00	8.786776e-01	
1126	2.176179e-02	5.000000e+00	8.612780e-01	
1127	2.178179e-02	5.000000e+00	8.442230e-01	
1128	2.180179e-02	5.000000e+00	8.275057e-01	
1129	2.182179e-02	5.000000e+00	8.111195e-01	
1130	2.184179e-02	5.000000e+00	7.950577e-01	
1131	2.186179e-02	5.000000e+00	7.793140e-01	
1132	2.188179e-02	5.000000e+00	7.638820e-01	
1133	2.190179e-02	5.000000e+00	7.487557e-01	
1134	2.192179e-02	5.000000e+00	7.339288e-01	
1135	2.194179e-02	5.000000e+00	7.193956e-01	
1136	2.196179e-02	5.000000e+00	7.051501e-01	
1137	2.198179e-02	5.000000e+00	6.911867e-01	
1138	2.200179e-02	5.000000e+00	6.774999e-01	
1139	2.202179e-02	5.000000e+00	6.640840e-01	
1140	2.204179e-02	5.000000e+00	6.509339e-01	
1141	2.206179e-02	5.000000e+00	6.380441e-01	
1142	2.208179e-02	5.000000e+00	6.254095e-01	
1143	2.210179e-02	5.000000e+00	6.130252e-01	
1144	2.212179e-02	5.000000e+00	6.008861e-01	
1145	2.214179e-02	5.000000e+00	5.889873e-01	
1146	2.216179e-02	5.000000e+00	5.773242e-01	
1147	2.218179e-02	5.000000e+00	5.658921e-01	
1148	2.220179e-02	5.000000e+00	5.546863e-01	
1149	2.222179e-02	5.000000e+00	5.437024e-01	
1150	2.224179e-02	5.000000e+00	5.329360e-01	
1151	2.226179e-02	5.000000e+00	5.223828e-01	
1152	2.228179e-02	5.000000e+00	5.120386e-01	
1153	2.230179e-02	5.000000e+00	5.018992e-01	
1154	2.232179e-02	5.000000e+00	4.919606e-01	
1155	2.234179e-02	5.000000e+00	4.822188e-01	
1156	2.236179e-02	5.000000e+00	4.726699e-01	

Index   time            v(1)            v(2)            
--------------------------------------------------------------------------------
1157	2.238179e-02	5.000000e+00	4.633101e-01	
1158	2.240179e-02	5.000000e+00	4.541357e-01	
1159	2.242179e-02	5.000000e+00	4.451429e-01	
1160	2.244179e-02	5.000000e+00	4.363282e-01	
1161	2.246179e-02	5.000000e+00	4.276880e-01	
1162	2.248179e-02	5.000000e+00	4.192190e-01	
1163	2.250179e-02	5.000000e+00	4.109176e-01	
1164	2.252179e-02	5.000000e+00	4.027806e-01	
1165	2.254179e-02	5.000000e+00	3.948048e-01	
1166	2.256179e-02	5.000000e+00	3.869868e-01	
1167	2.258179e-02	5.000000e+00	3.793237e-01	
1168	2.260179e-02	5.000000e+00	3.718124e-01	
1169	2.262179e-02	5.000000e+00	3.644498e-01	
1170	2.264179e-02	5.000000e+00	3.572329e-01	
1171	2.266179e-02	5.000000e+00	3.501590e-01	
1172	2.268179e-02	5.000000e+00	3.432252e-01	
1173	2.270179e-02	5.000000e+00	3.364286e-01	
1174	2.272179e-02	5.000000e+00	3.297667e-01	
1175	2.274179e-02	5.000000e+00	3.232366e-01	
1176	2.276179e-02	5.000000e+00	3.168359e-01	
1177	2.278179e-02	5.000000e+00	3.105619e-01	
1178	2.280179e-02	5.000000e+00	3.044122e-01	
1179	2.282179e-02	5.000000e+00	2.983842e-01	
1180	2.284179e-02	5.000000e+00	2.924756e-01	
1181	2.286179e-02	5.000000e+00	2.866840e-01	
1182	2.288179e-02	5.000000e+00	2.810071e-01	
1183	2.290179e-02	5.000000e+00	2.754426e-01	
1184	2.292179e-02	5.000000e+00	2.699883e-01	
1185	2.294179e-02	5.000000e+00	2.646420e-01	
1186	2.296179e-02	5.000000e+00	2.594016e-01	
1187	2.298179e-02	5.000000e+00	2.542649e-01	
1188	2.300179e-02	5.000000e+00	2.492300e-01	
1189	2.302179e-02	5.000000e+00	2.442947e-01	
1190	2.304179e-02	5.000000e+00	2.394572e-01	
1191	2.306179e-02	5.000000e+00	2.347155e-01	
1192	2.308179e-02	5.000000e+00	2.300676e-01	
1193	2.310179e-02	5.000000e+00	2.255118e-01	
1194	2.312179e-02	5.000000e+00	2.210463e-01	
1195	2.314179e-02	5.000000e+00	2.166691e-01	
1196	2.316179e-02	5.000000e+00	2.123786e-01	
1197	2.318179e-02	5.000000e+00	2.081731e-01	
1198	2.320179e-02	5.000000e+00	2.040509e-01	
1199	2.322179e-02	5.000000e+00	2.000103e-01	
1200	2.324179e-02	5.000000e+00	1.960497e-01	
1201	2.326179e-02	5.000000e+00	1.921675e-01	
1202	2.328179e-02	5.000000e+00	1.883622e-01	
1203	2.330179e-02	5.000000e+00	1.846323e-01	
1204	2.332179e-02	5.000000e+00	1.809762e-01	
1205	2.334179e-02	5.000000e+00	1.773925e-01	
1206	2.336179e-02	5.000000e+00	1.738798e-01	
1207	2.338179e-02	5.000000e+00	1.704366e-01	
1208	2.340179e-02	5.000000e+00	1.670616e-01	
1209	2.342179e-02	5.000000e+00	1.637535e-01	
1210	2.344179e-02	5.000000e+00	1.605108e-01	
1211	2.346179e-02	5.000000e+00	1.573324e-01	
1212	2.348179e-02	5.000000e+00	1.542169e-01	
1213	2.350179e-02	5.000000e+00	1.511631e-01	
1214	2.352179e-02	5.000000e+00	1.481698e-01	

Index   time            v(1)            v(2)            
--------------------------------------------------------------------------------
1215	2.354179e-02	5.000000e+00	1.452357e-01	
1216	2.356179e-02	5.000000e+00	1.423598e-01	
1217	2.358179e-02	5.000000e+00	1.395408e-01	
1218	2.360179e-02	5.000000e+00	1.367776e-01	
1219	2.362179e-02	5.000000e+00	1.340691e-01	
1220	2.364179e-02	5.000000e+00	1.314143e-01	
1221	2.366179e-02	5.000000e+00	1.288120e-01	
1222	2.368179e-02	5.000000e+00	1.262613e-01	
1223	2.370179e-02	5.000000e+00	1.237611e-01	
1224	2.372179e-02	5.000000e+00	1.213103e-01	
1225	2.374179e-02	5.000000e+00	1.189082e-01	
1226	2.376179e-02	5.000000e+00	1.165535e-01	
1227	2.378179e-02	5.000000e+00	1.142455e-01	
1228	2.380179e-02	5.000000e+00	1.119833e-01	
1229	2.382179e-02	5.000000e+00	1.097658e-01	
1230	2.384179e-02	5.000000e+00	1.075922e-01	
1231	2.386179e-02	5.000000e+00	1.054616e-01	
1232	2.388179e-02	5.000000e+00	1.033733e-01	
1233	2.390179e-02	5.000000e+00	1.013263e-01	
1234	2.392179e-02	5.000000e+00	9.931984e-02	
1235	2.394179e-02	5.000000e+00	9.735311e-02	
1236	2.396179e-02	5.000000e+00	9.542533e-02	
1237	2.398179e-02	5.000000e+00	9.353572e-02	
1238	2.400179e-02	5.000000e+00	9.168352e-02	
1239	2.402179e-02	5.000000e+00	8.986801e-02	
1240	2.404179e-02	5.000000e+00	8.808844e-02	
1241	2.406179e-02	5.000000e+00	8.634412e-02	
1242	2.408179e-02	5.000000e+00	8.463433e-02	
1243	2.410179e-02	5.000000e+00	8.295841e-02	
1244	2.412179e-02	5.000000e+00	8.131567e-02	
1245	2.414179e-02	5.000000e+00	7.970545e-02	
1246	2.416179e-02	5.000000e+00	7.812713e-02	
1247	2.418179e-02	5.000000e+00	7.658006e-02	
1248	2.420179e-02	5.000000e+00	7.506362e-02	
1249	2.422179e-02	5.000000e+00	7.357721e-02	
1250	2.424179e-02	5.000000e+00	7.212024e-02	
1251	2.426179e-02	5.000000e+00	7.069211e-02	
1252	2.428179e-02	5.000000e+00	6.929227e-02	
1253	2.430179e-02	5.000000e+00	6.792015e-02	
1254	2.432179e-02	5.000000e+00	6.657519e-02	
1255	2.434179e-02	5.000000e+00	6.525687e-02	
1256	2.436179e-02	5.000000e+00	6.396466e-02	
1257	2.438179e-02	5.000000e+00	6.269803e-02	
1258	2.440179e-02	5.000000e+00	6.145648e-02	
1259	2.442179e-02	5.000000e+00	6.023952e-02	
1260	2.444179e-02	5.000000e+00	5.904666e-02	
1261	2.446179e-02	5.000000e+00	5.787742e-02	
1262	2.448179e-02	5.000000e+00	5.673133e-02	
1263	2.450179e-02	5.000000e+00	5.560794e-02	
1264	2.452179e-02	5.000000e+00	5.450679e-02	
1265	2.454179e-02	5.000000e+00	5.342745e-02	
1266	2.456179e-02	5.000000e+00	5.236948e-02	
1267	2.458179e-02	5.000000e+00	5.133246e-02	
1268	2.460179e-02	5.000000e+00	5.031598e-02	
1269	2.462179e-02	5.000000e+00	4.931962e-02	
1270	2.464179e-02	5.000000e+00	4.834300e-02	
1271	2.466179e-02	5.000000e+00	4.738571e-02	
1272	2.468179e-02	5.000000e+00	4.644738e-02	

Index   time            v(1)            v(2)            
--------------------------------------------------------------------------------
1273	2.470179e-02	5.000000e+00	4.552763e-02	
1274	2.472179e-02	5.000000e+00	4.462609e-02	
1275	2.474179e-02	5.000000e+00	4.374241e-02	
1276	2.476179e-02	5.000000e+00	4.287622e-02	
1277	2.478179e-02	5.000000e+00	4.202719e-02	
1278	2.480179e-02	5.000000e+00	4.119496e-02	
1279	2.482179e-02	5.000000e+00	4.037922e-02	
1280	2.484179e-02	5.000000e+00	3.957963e-02	
1281	2.486179e-02	5.000000e+00	3.879588e-02	
1282	2.488179e-02	5.000000e+00	3.802764e-02	
1283	2.490179e-02	5.000000e+00	3.727462e-02	
1284	2.492179e-02	5.000000e+00	3.653651e-02	
1285	2.494179e-02	5.000000e+00	3.581301e-02	
1286	2.496179e-02	5.000000e+00	3.510385e-02	
1287	2.498179e-02	5.000000e+00	3.440872e-02	
1288	2.500179e-02	5.000000e+00	3.372736e-02	
1289	2.502000e-02	5.000000e+00	3.311870e-02	
1290	2.502200e-02	4.500000e+00	-4.65949e-01	
1291	2.502600e-02	3.500000e+00	-1.46209e+00	
1292	2.503400e-02	1.500000e+00	-3.44248e+00	
1293	2.504000e-02	2.042810e-13	-4.91740e+00	
1294	2.504160e-02	0.000000e+00	-4.90954e+00	
1295	2.504480e-02	0.000000e+00	-4.89385e+00	
1296	2.505120e-02	0.000000e+00	-4.86263e+00	
1297	2.506400e-02	0.000000e+00	-4.80079e+00	
1298	2.508400e-02	0.000000e+00	-4.70572e+00	
1299	2.510400e-02	0.000000e+00	-4.61254e+00	
1300	2.512400e-02	0.000000e+00	-4.52120e+00	
1301	2.514400e-02	0.000000e+00	-4.43167e+00	
1302	2.516400e-02	0.000000e+00	-4.34392e+00	
1303	2.518400e-02	0.000000e+00	-4.25790e+00	
1304	2.520400e-02	0.000000e+00	-4.17359e+00	
1305	2.522400e-02	0.000000e+00	-4.09094e+00	
1306	2.524400e-02	0.000000e+00	-4.00993e+00	
1307	2.526400e-02	0.000000e+00	-3.93053e+00	
1308	2.528400e-02	0.000000e+00	-3.85269e+00	
1309	2.530400e-02	0.000000e+00	-3.77640e+00	
1310	2.532400e-02	0.000000e+00	-3.70162e+00	
1311	2.534400e-02	0.000000e+00	-3.62832e+00	
1312	2.536400e-02	0.000000e+00	-3.55648e+00	
1313	2.538400e-02	0.000000e+00	-3.48605e+00	
1314	2.540400e-02	0.000000e+00	-3.41702e+00	
1315	2.542400e-02	0.000000e+00	-3.34936e+00	
1316	2.544400e-02	0.000000e+00	-3.28303e+00	
1317	2.546400e-02	0.000000e+00	-3.21802e+00	
1318	2.548400e-02	0.000000e+00	-3.15430e+00	
1319	2.550400e-02	0.000000e+00	-3.09184e+00	
1320	2.552400e-02	0.000000e+00	-3.03061e+00	
1321	2.554400e-02	0.000000e+00	-2.97060e+00	
1322	2.556400e-02	0.000000e+00	-2.91178e+00	
1323	2.558400e-02	0.000000e+00	-2.85412e+00	
1324	2.560400e-02	0.000000e+00	-2.79760e+00	
1325	2.562400e-02	0.000000e+00	-2.74220e+00	
1326	2.564400e-02	0.000000e+00	-2.68790e+00	
1327	2.566400e-02	0.000000e+00	-2.63468e+00	
1328	2.568400e-02	0.000000e+00	-2.58250e+00	
1329	2.570400e-02	0.000000e+00	-2.53137e+00	
1330	2.572400e-02	0.000000e+00	-2.48124e+00	

Index   time            v(1)            v(2)            
--------------------------------------------------------------------------------
1331	2.574400e-02	0.000000e+00	-2.43211e+00	
1332	2.576400e-02	0.000000e+00	-2.38395e+00	
1333	2.578400e-02	0.000000e+00	-2.33674e+00	
1334	2.580400e-02	0.000000e+00	-2.29047e+00	
1335	2.582400e-02	0.000000e+00	-2.24511e+00	
1336	2.584400e-02	0.000000e+00	-2.20065e+00	
1337	2.586400e-02	0.000000e+00	-2.15708e+00	
1338	2.588400e-02	0.000000e+00	-2.11436e+00	
1339	2.590400e-02	0.000000e+00	-2.07249e+00	
1340	2.592400e-02	0.000000e+00	-2.03145e+00	
1341	2.594400e-02	0.000000e+00	-1.99123e+00	
1342	2.596400e-02	0.000000e+00	-1.95180e+00	
1343	2.598400e-02	0.000000e+00	-1.91315e+00	
1344	2.600400e-02	0.000000e+00	-1.87526e+00	
1345	2.602400e-02	0.000000e+00	-1.83813e+00	
1346	2.604400e-02	0.000000e+00	-1.80173e+00	
1347	2.606400e-02	0.000000e+00	-1.76605e+00	
1348	2.608400e-02	0.000000e+00	-1.73108e+00	
1349	2.610400e-02	0.000000e+00	-1.69680e+00	
1350	2.612400e-02	0.000000e+00	-1.66320e+00	
1351	2.614400e-02	0.000000e+00	-1.63027e+00	
1352	2.616400e-02	0.000000e+00	-1.59798e+00	
1353	2.618400e-02	0.000000e+00	-1.56634e+00	
1354	2.620400e-02	0.000000e+00	-1.53532e+00	
1355	2.622400e-02	0.000000e+00	-1.50492e+00	
1356	2.624400e-02	0.000000e+00	-1.47512e+00	
1357	2.626400e-02	0.000000e+00	-1.44591e+00	
1358	2.628400e-02	0.000000e+00	-1.41728e+00	
1359	2.630400e-02	0.000000e+00	-1.38921e+00	
1360	2.632400e-02	0.000000e+00	-1.36171e+00	
1361	2.634400e-02	0.000000e+00	-1.33474e+00	
1362	2.636400e-02	0.000000e+00	-1.30831e+00	
1363	2.638400e-02	0.000000e+00	-1.28240e+00	
1364	2.640400e-02	0.000000e+00	-1.25701e+00	
1365	2.642400e-02	0.000000e+00	-1.23212e+00	
1366	2.644400e-02	0.000000e+00	-1.20772e+00	
1367	2.646400e-02	0.000000e+00	-1.18380e+00	
1368	2.648400e-02	0.000000e+00	-1.16036e+00	
1369	2.650400e-02	0.000000e+00	-1.13739e+00	
1370	2.652400e-02	0.000000e+00	-1.11486e+00	
1371	2.654400e-02	0.000000e+00	-1.09279e+00	
1372	2.656400e-02	0.000000e+00	-1.07115e+00	
1373	2.658400e-02	0.000000e+00	-1.04994e+00	
1374	2.660400e-02	0.000000e+00	-1.02915e+00	
1375	2.662400e-02	0.000000e+00	-1.00877e+00	
1376	2.664400e-02	0.000000e+00	-9.88791e-01	
1377	2.666400e-02	0.000000e+00	-9.69211e-01	
1378	2.668400e-02	0.000000e+00	-9.50018e-01	
1379	2.670400e-02	0.000000e+00	-9.31206e-01	
1380	2.672400e-02	0.000000e+00	-9.12766e-01	
1381	2.674400e-02	0.000000e+00	-8.94692e-01	
1382	2.676400e-02	0.000000e+00	-8.76975e-01	
1383	2.678400e-02	0.000000e+00	-8.59609e-01	
1384	2.680400e-02	0.000000e+00	-8.42587e-01	
1385	2.682400e-02	0.000000e+00	-8.25902e-01	
1386	2.684400e-02	0.000000e+00	-8.09548e-01	
1387	2.686400e-02	0.000000e+00	-7.93517e-01	
1388	2.688400e-02	0.000000e+00	-7.77804e-01	

Index   time            v(1)            v(2)            
--------------------------------------------------------------------------------
1389	2.690400e-02	0.000000e+00	-7.62402e-01	
1390	2.692400e-02	0.000000e+00	-7.47305e-01	
1391	2.694400e-02	0.000000e+00	-7.32507e-01	
1392	2.696400e-02	0.000000e+00	-7.18002e-01	
1393	2.698400e-02	0.000000e+00	-7.03784e-01	
1394	2.700400e-02	0.000000e+00	-6.89848e-01	
1395	2.702400e-02	0.000000e+00	-6.76187e-01	
1396	2.704400e-02	0.000000e+00	-6.62797e-01	
1397	2.706400e-02	0.000000e+00	-6.49673e-01	
1398	2.708400e-02	0.000000e+00	-6.36808e-01	
1399	2.710400e-02	0.000000e+00	-6.24198e-01	
1400	2.712400e-02	0.000000e+00	-6.11837e-01	
1401	2.714400e-02	0.000000e+00	-5.99722e-01	
1402	2.716400e-02	0.000000e+00	-5.87846e-01	
1403	2.718400e-02	0.000000e+00	-5.76206e-01	
1404	2.720400e-02	0.000000e+00	-5.64796e-01	
1405	2.722400e-02	0.000000e+00	-5.53612e-01	
1406	2.724400e-02	0.000000e+00	-5.42649e-01	
1407	2.726400e-02	0.000000e+00	-5.31903e-01	
1408	2.728400e-02	0.000000e+00	-5.21371e-01	
1409	2.730400e-02	0.000000e+00	-5.11047e-01	
1410	2.732400e-02	0.000000e+00	-5.00927e-01	
1411	2.734400e-02	0.000000e+00	-4.91007e-01	
1412	2.736400e-02	0.000000e+00	-4.81285e-01	
1413	2.738400e-02	0.000000e+00	-4.71754e-01	
1414	2.740400e-02	0.000000e+00	-4.62413e-01	
1415	2.742400e-02	0.000000e+00	-4.53256e-01	
1416	2.744400e-02	0.000000e+00	-4.44280e-01	
1417	2.746400e-02	0.000000e+00	-4.35483e-01	
1418	2.748400e-02	0.000000e+00	-4.26859e-01	
1419	2.750400e-02	0.000000e+00	-4.18407e-01	
1420	2.752400e-02	0.000000e+00	-4.10121e-01	
1421	2.754400e-02	0.000000e+00	-4.02000e-01	
1422	2.756400e-02	0.000000e+00	-3.94040e-01	
1423	2.758400e-02	0.000000e+00	-3.86237e-01	
1424	2.760400e-02	0.000000e+00	-3.78589e-01	
1425	2.762400e-02	0.000000e+00	-3.71092e-01	
1426	2.764400e-02	0.000000e+00	-3.63744e-01	
1427	2.766400e-02	0.000000e+00	-3.56541e-01	
1428	2.768400e-02	0.000000e+00	-3.49481e-01	
1429	2.770400e-02	0.000000e+00	-3.42560e-01	
1430	2.772400e-02	0.000000e+00	-3.35777e-01	
1431	2.774400e-02	0.000000e+00	-3.29128e-01	
1432	2.776400e-02	0.000000e+00	-3.22610e-01	
1433	2.778400e-02	0.000000e+00	-3.16222e-01	
1434	2.780400e-02	0.000000e+00	-3.09960e-01	
1435	2.782400e-02	0.000000e+00	-3.03822e-01	
1436	2.784400e-02	0.000000e+00	-2.97806e-01	
1437	2.786400e-02	0.000000e+00	-2.91909e-01	
1438	2.788400e-02	0.000000e+00	-2.86129e-01	
1439	2.790400e-02	0.000000e+00	-2.80463e-01	
1440	2.792400e-02	0.000000e+00	-2.74909e-01	
1441	2.794400e-02	0.000000e+00	-2.69465e-01	
1442	2.796400e-02	0.000000e+00	-2.64129e-01	
1443	2.798400e-02	0.000000e+00	-2.58899e-01	
1444	2.800400e-02	0.000000e+00	-2.53772e-01	
1445	2.802400e-02	0.000000e+00	-2.48747e-01	
1446	2.804400e-02	0.000000e+00	-2.43821e-01	

Index   time            v(1)            v(2)            
--------------------------------------------------------------------------------
1447	2.806400e-02	0.000000e+00	-2.38993e-01	
1448	2.808400e-02	0.000000e+00	-2.34261e-01	
1449	2.810400e-02	0.000000e+00	-2.29622e-01	
1450	2.812400e-02	0.000000e+00	-2.25075e-01	
1451	2.814400e-02	0.000000e+00	-2.20618e-01	
1452	2.816400e-02	0.000000e+00	-2.16249e-01	
1453	2.818400e-02	0.000000e+00	-2.11967e-01	
1454	2.820400e-02	0.000000e+00	-2.07770e-01	
1455	2.822400e-02	0.000000e+00	-2.03656e-01	
1456	2.824400e-02	0.000000e+00	-1.99623e-01	
1457	2.826400e-02	0.000000e+00	-1.95670e-01	
1458	2.828400e-02	0.000000e+00	-1.91795e-01	
1459	2.830400e-02	0.000000e+00	-1.87997e-01	
1460	2.832400e-02	0.000000e+00	-1.84275e-01	
1461	2.834400e-02	0.000000e+00	-1.80626e-01	
1462	2.836400e-02	0.000000e+00	-1.77049e-01	
1463	2.838400e-02	0.000000e+00	-1.73543e-01	
1464	2.840400e-02	0.000000e+00	-1.70106e-01	
1465	2.842400e-02	0.000000e+00	-1.66738e-01	
1466	2.844400e-02	0.000000e+00	-1.63436e-01	
1467	2.846400e-02	0.000000e+00	-1.60200e-01	
1468	2.848400e-02	0.000000e+00	-1.57028e-01	
1469	2.850400e-02	0.000000e+00	-1.53918e-01	
1470	2.852400e-02	0.000000e+00	-1.50870e-01	
1471	2.854400e-02	0.000000e+00	-1.47883e-01	
1472	2.856400e-02	0.000000e+00	-1.44954e-01	
1473	2.858400e-02	0.000000e+00	-1.42084e-01	
1474	2.860400e-02	0.000000e+00	-1.39270e-01	
1475	2.862400e-02	0.000000e+00	-1.36513e-01	
1476	2.864400e-02	0.000000e+00	-1.33809e-01	
1477	2.866400e-02	0.000000e+00	-1.31160e-01	
1478	2.868400e-02	0.000000e+00	-1.28562e-01	
1479	2.870400e-02	0.000000e+00	-1.26017e-01	
1480	2.872400e-02	0.000000e+00	-1.23521e-01	
1481	2.874400e-02	0.000000e+00	-1.21075e-01	
1482	2.876400e-02	0.000000e+00	-1.18678e-01	
1483	2.878400e-02	0.000000e+00	-1.16328e-01	
1484	2.880400e-02	0.000000e+00	-1.14024e-01	
1485	2.882400e-02	0.000000e+00	-1.11766e-01	
1486	2.884400e-02	0.000000e+00	-1.09553e-01	
1487	2.886400e-02	0.000000e+00	-1.07384e-01	
1488	2.888400e-02	0.000000e+00	-1.05257e-01	
1489	2.890400e-02	0.000000e+00	-1.03173e-01	
1490	2.892400e-02	0.000000e+00	-1.01130e-01	
1491	2.894400e-02	0.000000e+00	-9.91274e-02	
1492	2.896400e-02	0.000000e+00	-9.71645e-02	
1493	2.898400e-02	0.000000e+00	-9.52404e-02	
1494	2.900400e-02	0.000000e+00	-9.33545e-02	
1495	2.902400e-02	0.000000e+00	-9.15059e-02	
1496	2.904400e-02	0.000000e+00	-8.96939e-02	
1497	2.906400e-02	0.000000e+00	-8.79178e-02	
1498	2.908400e-02	0.000000e+00	-8.61768e-02	
1499	2.910400e-02	0.000000e+00	-8.44704e-02	
1500	2.912400e-02	0.000000e+00	-8.27977e-02	
1501	2.914400e-02	0.000000e+00	-8.11581e-02	
1502	2.916400e-02	0.000000e+00	-7.95510e-02	
1503	2.918400e-02	0.000000e+00	-7.79758e-02	
1504	2.920400e-02	0.000000e+00	-7.64317e-02	

Index   time            v(1)            v(2)            
--------------------------------------------------------------------------------
1505	2.922400e-02	0.000000e+00	-7.49182e-02	
1506	2.924400e-02	0.000000e+00	-7.34347e-02	
1507	2.926400e-02	0.000000e+00	-7.19805e-02	
1508	2.928400e-02	0.000000e+00	-7.05552e-02	
1509	2.930400e-02	0.000000e+00	-6.91580e-02	
1510	2.932400e-02	0.000000e+00	-6.77886e-02	
1511	2.934400e-02	0.000000e+00	-6.64462e-02	
1512	2.936400e-02	0.000000e+00	-6.51304e-02	
1513	2.938400e-02	0.000000e+00	-6.38407e-02	
1514	2.940400e-02	0.000000e+00	-6.25766e-02	
1515	2.942400e-02	0.000000e+00	-6.13374e-02	
1516	2.944400e-02	0.000000e+00	-6.01228e-02	
1517	2.946400e-02	0.000000e+00	-5.89323e-02	
1518	2.948400e-02	0.000000e+00	-5.77653e-02	
1519	2.950400e-02	0.000000e+00	-5.66214e-02	
1520	2.952400e-02	0.000000e+00	-5.55002e-02	
1521	2.954400e-02	0.000000e+00	-5.44012e-02	
1522	2.956400e-02	0.000000e+00	-5.33239e-02	
1523	2.958400e-02	0.000000e+00	-5.22680e-02	
1524	2.960400e-02	0.000000e+00	-5.12330e-02	
1525	2.962400e-02	0.000000e+00	-5.02185e-02	
1526	2.964400e-02	0.000000e+00	-4.92241e-02	
1527	2.966400e-02	0.000000e+00	-4.82493e-02	
1528	2.968400e-02	0.000000e+00	-4.72939e-02	
1529	2.970400e-02	0.000000e+00	-4.63574e-02	
1530	2.972400e-02	0.000000e+00	-4.54394e-02	
1531	2.974400e-02	0.000000e+00	-4.45396e-02	
1532	2.976400e-02	0.000000e+00	-4.36577e-02	
1533	2.978400e-02	0.000000e+00	-4.27931e-02	
1534	2.980400e-02	0.000000e+00	-4.19458e-02	
1535	2.982400e-02	0.000000e+00	-4.11152e-02	
1536	2.984400e-02	0.000000e+00	-4.03010e-02	
1537	2.986400e-02	0.000000e+00	-3.95030e-02	
1538	2.988400e-02	0.000000e+00	-3.87207e-02	
1539	2.990400e-02	0.000000e+00	-3.79540e-02	
1540	2.992400e-02	0.000000e+00	-3.72024e-02	
1541	2.994400e-02	0.000000e+00	-3.64657e-02	
1542	2.996400e-02	0.000000e+00	-3.57436e-02	
1543	2.998400e-02	0.000000e+00	-3.50358e-02	
1544	3.000000e-02	0.000000e+00	-3.44797e-02	
