
Circuit: rc highpass filter

                               rc highpass filter
                               AC Analysis  Tue Jan 11 15:52:59  2022
--------------------------------------------------------------------------------
Index   frequency       vdb(2)          
--------------------------------------------------------------------------------
0	1.000000e+00	-4.40366e+01	
1	1.258925e+00	-4.20367e+01	
2	1.584893e+00	-4.00368e+01	
3	1.995262e+00	-3.80371e+01	
4	2.511886e+00	-3.60375e+01	
5	3.162278e+00	-3.40381e+01	
6	3.981072e+00	-3.20391e+01	
7	5.011872e+00	-3.00407e+01	
8	6.309573e+00	-2.80432e+01	
9	7.943282e+00	-2.60472e+01	
10	1.000000e+01	-2.40535e+01	
11	1.258925e+01	-2.20635e+01	
12	1.584893e+01	-2.00793e+01	
13	1.995262e+01	-1.81041e+01	
14	2.511886e+01	-1.61433e+01	
15	3.162278e+01	-1.42046e+01	
16	3.981072e+01	-1.23000e+01	
17	5.011872e+01	-1.04470e+01	
18	6.309573e+01	-8.67036e+00	
19	7.943282e+01	-7.00235e+00	
20	1.000000e+02	-5.48147e+00	
21	1.258925e+02	-4.14678e+00	
22	1.584893e+02	-3.02854e+00	
23	1.995262e+02	-2.13855e+00	
24	2.511886e+02	-1.46580e+00	
25	3.162278e+02	-9.80561e-01	
26	3.981072e+02	-6.43919e-01	
27	5.011872e+02	-4.17249e-01	
28	6.309573e+02	-2.67893e-01	
29	7.943282e+02	-1.70942e-01	
30	1.000000e+03	-1.08638e-01	
31	1.258925e+03	-6.88616e-02	
32	1.584893e+03	-4.35757e-02	
33	1.995262e+03	-2.75452e-02	
34	2.511886e+03	-1.74002e-02	
35	3.162278e+03	-1.09869e-02	
36	3.981072e+03	-6.93550e-03	
37	5.011872e+03	-4.37729e-03	
38	6.309573e+03	-2.76240e-03	
39	7.943282e+03	-1.74316e-03	
40	1.000000e+04	-1.09994e-03	
41	1.258925e+04	-6.94049e-04	
42	1.584893e+04	-4.37928e-04	
43	1.995262e+04	-2.76319e-04	
44	2.511886e+04	-1.74348e-04	
45	3.162278e+04	-1.10007e-04	
46	3.981072e+04	-6.94098e-05	
47	5.011872e+04	-4.37948e-05	
48	6.309573e+04	-2.76327e-05	
49	7.943282e+04	-1.74351e-05	
50	1.000000e+05	-1.10008e-05	
51	1.258925e+05	-6.94103e-06	
52	1.584893e+05	-4.37950e-06	
53	1.995262e+05	-2.76328e-06	
54	2.511886e+05	-1.74351e-06	

Index   frequency       vdb(2)          
--------------------------------------------------------------------------------
55	3.162278e+05	-1.10008e-06	
56	3.981072e+05	-6.94104e-07	
57	5.011872e+05	-4.37950e-07	
58	6.309573e+05	-2.76328e-07	
59	7.943282e+05	-1.74351e-07	
60	1.000000e+06	-1.10008e-07	
