
Circuit: rc integrator

                                 rc integrator
                                 Transient Analysis  Wed Jan 12 23:44:23  2022
--------------------------------------------------------------------------------
Index   time            v(1)            v(2)            
--------------------------------------------------------------------------------
0	0.000000e+00	0.000000e+00	0.000000e+00	
1	2.000000e-07	5.000000e-02	9.998000e-06	
2	2.168022e-07	5.420056e-02	1.090851e-05	
3	2.504067e-07	6.260168e-02	1.287065e-05	
4	3.176157e-07	7.940392e-02	1.764165e-05	
5	4.520336e-07	1.130084e-01	3.057024e-05	
6	7.208694e-07	1.802174e-01	6.997152e-05	
7	1.258541e-06	3.146353e-01	2.029323e-04	
8	2.333884e-06	5.834711e-01	6.853411e-04	
9	4.484571e-06	1.121143e+00	2.514945e-03	
10	8.785945e-06	2.196486e+00	9.624018e-03	
11	1.738869e-05	4.347173e+00	3.756775e-02	
12	2.000000e-05	5.000000e+00	4.965804e-02	
13	2.172055e-05	5.000000e+00	5.816072e-02	
14	2.516165e-05	5.000000e+00	7.513687e-02	
15	3.204385e-05	5.000000e+00	1.089145e-01	
16	4.580824e-05	5.000000e+00	1.757772e-01	
17	6.580824e-05	5.000000e+00	2.713064e-01	
18	8.580824e-05	5.000000e+00	3.649438e-01	
19	1.058082e-04	5.000000e+00	4.567271e-01	
20	1.258082e-04	5.000000e+00	5.466929e-01	
21	1.458082e-04	5.000000e+00	6.348772e-01	
22	1.658082e-04	5.000000e+00	7.213153e-01	
23	1.858082e-04	5.000000e+00	8.060417e-01	
24	2.058082e-04	5.000000e+00	8.890904e-01	
25	2.258082e-04	5.000000e+00	9.704946e-01	
26	2.458082e-04	5.000000e+00	1.050287e+00	
27	2.658082e-04	5.000000e+00	1.128499e+00	
28	2.858082e-04	5.000000e+00	1.205162e+00	
29	3.058082e-04	5.000000e+00	1.280308e+00	
30	3.258082e-04	5.000000e+00	1.353965e+00	
31	3.458082e-04	5.000000e+00	1.426164e+00	
32	3.658082e-04	5.000000e+00	1.496933e+00	
33	3.858082e-04	5.000000e+00	1.566300e+00	
34	4.058082e-04	5.000000e+00	1.634294e+00	
35	4.258082e-04	5.000000e+00	1.700942e+00	
36	4.458082e-04	5.000000e+00	1.766270e+00	
37	4.658082e-04	5.000000e+00	1.830304e+00	
38	4.858082e-04	5.000000e+00	1.893070e+00	
39	5.058082e-04	5.000000e+00	1.954594e+00	
40	5.258082e-04	5.000000e+00	2.014899e+00	
41	5.458082e-04	5.000000e+00	2.074010e+00	
42	5.658082e-04	5.000000e+00	2.131950e+00	
43	5.858082e-04	5.000000e+00	2.188743e+00	
44	6.058082e-04	5.000000e+00	2.244412e+00	
45	6.258082e-04	5.000000e+00	2.298978e+00	
46	6.458082e-04	5.000000e+00	2.352463e+00	
47	6.658082e-04	5.000000e+00	2.404890e+00	
48	6.858082e-04	5.000000e+00	2.456278e+00	
49	7.058082e-04	5.000000e+00	2.506649e+00	
50	7.258082e-04	5.000000e+00	2.556022e+00	
51	7.458082e-04	5.000000e+00	2.604418e+00	
52	7.658082e-04	5.000000e+00	2.651855e+00	
53	7.858082e-04	5.000000e+00	2.698353e+00	
54	8.058082e-04	5.000000e+00	2.743930e+00	

Index   time            v(1)            v(2)            
--------------------------------------------------------------------------------
55	8.258082e-04	5.000000e+00	2.788605e+00	
56	8.458082e-04	5.000000e+00	2.832395e+00	
57	8.658082e-04	5.000000e+00	2.875318e+00	
58	8.858082e-04	5.000000e+00	2.917391e+00	
59	9.058082e-04	5.000000e+00	2.958630e+00	
60	9.258082e-04	5.000000e+00	2.999054e+00	
61	9.458082e-04	5.000000e+00	3.038676e+00	
62	9.658082e-04	5.000000e+00	3.077514e+00	
63	9.858082e-04	5.000000e+00	3.115583e+00	
64	1.005808e-03	5.000000e+00	3.152899e+00	
65	1.025808e-03	5.000000e+00	3.189475e+00	
66	1.045808e-03	5.000000e+00	3.225327e+00	
67	1.065808e-03	5.000000e+00	3.260469e+00	
68	1.085808e-03	5.000000e+00	3.294915e+00	
69	1.105808e-03	5.000000e+00	3.328679e+00	
70	1.125808e-03	5.000000e+00	3.361774e+00	
71	1.145808e-03	5.000000e+00	3.394215e+00	
72	1.165808e-03	5.000000e+00	3.426012e+00	
73	1.185808e-03	5.000000e+00	3.457180e+00	
74	1.205808e-03	5.000000e+00	3.487731e+00	
75	1.225808e-03	5.000000e+00	3.517677e+00	
76	1.245808e-03	5.000000e+00	3.547030e+00	
77	1.265808e-03	5.000000e+00	3.575802e+00	
78	1.285808e-03	5.000000e+00	3.604004e+00	
79	1.305808e-03	5.000000e+00	3.631647e+00	
80	1.325808e-03	5.000000e+00	3.658743e+00	
81	1.345808e-03	5.000000e+00	3.685303e+00	
82	1.365808e-03	5.000000e+00	3.711336e+00	
83	1.385808e-03	5.000000e+00	3.736855e+00	
84	1.405808e-03	5.000000e+00	3.761867e+00	
85	1.425808e-03	5.000000e+00	3.786385e+00	
86	1.445808e-03	5.000000e+00	3.810417e+00	
87	1.465808e-03	5.000000e+00	3.833973e+00	
88	1.485808e-03	5.000000e+00	3.857063e+00	
89	1.505808e-03	5.000000e+00	3.879695e+00	
90	1.525808e-03	5.000000e+00	3.901879e+00	
91	1.545808e-03	5.000000e+00	3.923624e+00	
92	1.565808e-03	5.000000e+00	3.944939e+00	
93	1.585808e-03	5.000000e+00	3.965831e+00	
94	1.605808e-03	5.000000e+00	3.986309e+00	
95	1.625808e-03	5.000000e+00	4.006383e+00	
96	1.645808e-03	5.000000e+00	4.026058e+00	
97	1.665808e-03	5.000000e+00	4.045344e+00	
98	1.685808e-03	5.000000e+00	4.064248e+00	
99	1.705808e-03	5.000000e+00	4.082778e+00	
100	1.725808e-03	5.000000e+00	4.100941e+00	
101	1.745808e-03	5.000000e+00	4.118744e+00	
102	1.765808e-03	5.000000e+00	4.136195e+00	
103	1.785808e-03	5.000000e+00	4.153300e+00	
104	1.805808e-03	5.000000e+00	4.170066e+00	
105	1.825808e-03	5.000000e+00	4.186500e+00	
106	1.845808e-03	5.000000e+00	4.202609e+00	
107	1.865808e-03	5.000000e+00	4.218399e+00	
108	1.885808e-03	5.000000e+00	4.233876e+00	
109	1.905808e-03	5.000000e+00	4.249047e+00	
110	1.925808e-03	5.000000e+00	4.263917e+00	
111	1.945808e-03	5.000000e+00	4.278493e+00	
112	1.965808e-03	5.000000e+00	4.292781e+00	

Index   time            v(1)            v(2)            
--------------------------------------------------------------------------------
113	1.985808e-03	5.000000e+00	4.306785e+00	
114	2.005808e-03	5.000000e+00	4.320512e+00	
115	2.025808e-03	5.000000e+00	4.333967e+00	
116	2.045808e-03	5.000000e+00	4.347156e+00	
117	2.065808e-03	5.000000e+00	4.360084e+00	
118	2.085808e-03	5.000000e+00	4.372755e+00	
119	2.105808e-03	5.000000e+00	4.385176e+00	
120	2.125808e-03	5.000000e+00	4.397351e+00	
121	2.145808e-03	5.000000e+00	4.409284e+00	
122	2.165808e-03	5.000000e+00	4.420982e+00	
123	2.185808e-03	5.000000e+00	4.432447e+00	
124	2.205808e-03	5.000000e+00	4.443686e+00	
125	2.225808e-03	5.000000e+00	4.454702e+00	
126	2.245808e-03	5.000000e+00	4.465500e+00	
127	2.265808e-03	5.000000e+00	4.476084e+00	
128	2.285808e-03	5.000000e+00	4.486459e+00	
129	2.305808e-03	5.000000e+00	4.496628e+00	
130	2.325808e-03	5.000000e+00	4.506596e+00	
131	2.345808e-03	5.000000e+00	4.516366e+00	
132	2.365808e-03	5.000000e+00	4.525943e+00	
133	2.385808e-03	5.000000e+00	4.535330e+00	
134	2.405808e-03	5.000000e+00	4.544532e+00	
135	2.425808e-03	5.000000e+00	4.553551e+00	
136	2.445808e-03	5.000000e+00	4.562391e+00	
137	2.465808e-03	5.000000e+00	4.571057e+00	
138	2.485808e-03	5.000000e+00	4.579551e+00	
139	2.505808e-03	5.000000e+00	4.587877e+00	
140	2.525808e-03	5.000000e+00	4.596037e+00	
141	2.545808e-03	5.000000e+00	4.604037e+00	
142	2.565808e-03	5.000000e+00	4.611878e+00	
143	2.585808e-03	5.000000e+00	4.619563e+00	
144	2.605808e-03	5.000000e+00	4.627097e+00	
145	2.625808e-03	5.000000e+00	4.634481e+00	
146	2.645808e-03	5.000000e+00	4.641719e+00	
147	2.665808e-03	5.000000e+00	4.648813e+00	
148	2.685808e-03	5.000000e+00	4.655768e+00	
149	2.705808e-03	5.000000e+00	4.662584e+00	
150	2.725808e-03	5.000000e+00	4.669266e+00	
151	2.745808e-03	5.000000e+00	4.675815e+00	
152	2.765808e-03	5.000000e+00	4.682234e+00	
153	2.785808e-03	5.000000e+00	4.688527e+00	
154	2.805808e-03	5.000000e+00	4.694694e+00	
155	2.825808e-03	5.000000e+00	4.700740e+00	
156	2.845808e-03	5.000000e+00	4.706666e+00	
157	2.865808e-03	5.000000e+00	4.712475e+00	
158	2.885808e-03	5.000000e+00	4.718168e+00	
159	2.905808e-03	5.000000e+00	4.723749e+00	
160	2.925808e-03	5.000000e+00	4.729219e+00	
161	2.945808e-03	5.000000e+00	4.734581e+00	
162	2.965808e-03	5.000000e+00	4.739837e+00	
163	2.985808e-03	5.000000e+00	4.744989e+00	
164	3.005808e-03	5.000000e+00	4.750039e+00	
165	3.025808e-03	5.000000e+00	4.754988e+00	
166	3.045808e-03	5.000000e+00	4.759840e+00	
167	3.065808e-03	5.000000e+00	4.764596e+00	
168	3.085808e-03	5.000000e+00	4.769257e+00	
169	3.105808e-03	5.000000e+00	4.773826e+00	
170	3.125808e-03	5.000000e+00	4.778305e+00	

Index   time            v(1)            v(2)            
--------------------------------------------------------------------------------
171	3.145808e-03	5.000000e+00	4.782695e+00	
172	3.165808e-03	5.000000e+00	4.786998e+00	
173	3.185808e-03	5.000000e+00	4.791216e+00	
174	3.205808e-03	5.000000e+00	4.795350e+00	
175	3.225808e-03	5.000000e+00	4.799403e+00	
176	3.245808e-03	5.000000e+00	4.803375e+00	
177	3.265808e-03	5.000000e+00	4.807269e+00	
178	3.285808e-03	5.000000e+00	4.811085e+00	
179	3.305808e-03	5.000000e+00	4.814826e+00	
180	3.325808e-03	5.000000e+00	4.818493e+00	
181	3.345808e-03	5.000000e+00	4.822087e+00	
182	3.365808e-03	5.000000e+00	4.825610e+00	
183	3.385808e-03	5.000000e+00	4.829063e+00	
184	3.405808e-03	5.000000e+00	4.832448e+00	
185	3.425808e-03	5.000000e+00	4.835766e+00	
186	3.445808e-03	5.000000e+00	4.839018e+00	
187	3.465808e-03	5.000000e+00	4.842206e+00	
188	3.485808e-03	5.000000e+00	4.845331e+00	
189	3.505808e-03	5.000000e+00	4.848393e+00	
190	3.525808e-03	5.000000e+00	4.851395e+00	
191	3.545808e-03	5.000000e+00	4.854338e+00	
192	3.565808e-03	5.000000e+00	4.857222e+00	
193	3.585808e-03	5.000000e+00	4.860050e+00	
194	3.605808e-03	5.000000e+00	4.862821e+00	
195	3.625808e-03	5.000000e+00	4.865537e+00	
196	3.645808e-03	5.000000e+00	4.868200e+00	
197	3.665808e-03	5.000000e+00	4.870810e+00	
198	3.685808e-03	5.000000e+00	4.873368e+00	
199	3.705808e-03	5.000000e+00	4.875876e+00	
200	3.725808e-03	5.000000e+00	4.878334e+00	
201	3.745808e-03	5.000000e+00	4.880743e+00	
202	3.765808e-03	5.000000e+00	4.883104e+00	
203	3.785808e-03	5.000000e+00	4.885419e+00	
204	3.805808e-03	5.000000e+00	4.887688e+00	
205	3.825808e-03	5.000000e+00	4.889912e+00	
206	3.845808e-03	5.000000e+00	4.892092e+00	
207	3.865808e-03	5.000000e+00	4.894229e+00	
208	3.885808e-03	5.000000e+00	4.896323e+00	
209	3.905808e-03	5.000000e+00	4.898376e+00	
210	3.925808e-03	5.000000e+00	4.900389e+00	
211	3.945808e-03	5.000000e+00	4.902361e+00	
212	3.965808e-03	5.000000e+00	4.904295e+00	
213	3.985808e-03	5.000000e+00	4.906190e+00	
214	4.005808e-03	5.000000e+00	4.908047e+00	
215	4.025808e-03	5.000000e+00	4.909868e+00	
216	4.045808e-03	5.000000e+00	4.911653e+00	
217	4.065808e-03	5.000000e+00	4.913403e+00	
218	4.085808e-03	5.000000e+00	4.915117e+00	
219	4.105808e-03	5.000000e+00	4.916798e+00	
220	4.125808e-03	5.000000e+00	4.918446e+00	
221	4.145808e-03	5.000000e+00	4.920061e+00	
222	4.165808e-03	5.000000e+00	4.921644e+00	
223	4.185808e-03	5.000000e+00	4.923195e+00	
224	4.205808e-03	5.000000e+00	4.924716e+00	
225	4.225808e-03	5.000000e+00	4.926207e+00	
226	4.245808e-03	5.000000e+00	4.927668e+00	
227	4.265808e-03	5.000000e+00	4.929100e+00	
228	4.285808e-03	5.000000e+00	4.930504e+00	

Index   time            v(1)            v(2)            
--------------------------------------------------------------------------------
229	4.305808e-03	5.000000e+00	4.931881e+00	
230	4.325808e-03	5.000000e+00	4.933229e+00	
231	4.345808e-03	5.000000e+00	4.934552e+00	
232	4.365808e-03	5.000000e+00	4.935848e+00	
233	4.385808e-03	5.000000e+00	4.937118e+00	
234	4.405808e-03	5.000000e+00	4.938363e+00	
235	4.425808e-03	5.000000e+00	4.939584e+00	
236	4.445808e-03	5.000000e+00	4.940780e+00	
237	4.465808e-03	5.000000e+00	4.941953e+00	
238	4.485808e-03	5.000000e+00	4.943102e+00	
239	4.505808e-03	5.000000e+00	4.944229e+00	
240	4.525808e-03	5.000000e+00	4.945333e+00	
241	4.545808e-03	5.000000e+00	4.946416e+00	
242	4.565808e-03	5.000000e+00	4.947477e+00	
243	4.585808e-03	5.000000e+00	4.948517e+00	
244	4.605808e-03	5.000000e+00	4.949536e+00	
245	4.625808e-03	5.000000e+00	4.950536e+00	
246	4.645808e-03	5.000000e+00	4.951515e+00	
247	4.665808e-03	5.000000e+00	4.952475e+00	
248	4.685808e-03	5.000000e+00	4.953416e+00	
249	4.705808e-03	5.000000e+00	4.954339e+00	
250	4.725808e-03	5.000000e+00	4.955243e+00	
251	4.745808e-03	5.000000e+00	4.956129e+00	
252	4.765808e-03	5.000000e+00	4.956998e+00	
253	4.785808e-03	5.000000e+00	4.957849e+00	
254	4.805808e-03	5.000000e+00	4.958684e+00	
255	4.825808e-03	5.000000e+00	4.959502e+00	
256	4.845808e-03	5.000000e+00	4.960304e+00	
257	4.865808e-03	5.000000e+00	4.961090e+00	
258	4.885808e-03	5.000000e+00	4.961861e+00	
259	4.905808e-03	5.000000e+00	4.962616e+00	
260	4.925808e-03	5.000000e+00	4.963356e+00	
261	4.945808e-03	5.000000e+00	4.964082e+00	
262	4.965808e-03	5.000000e+00	4.964793e+00	
263	4.985808e-03	5.000000e+00	4.965490e+00	
264	5.005808e-03	5.000000e+00	4.966174e+00	
265	5.020000e-03	5.000000e+00	4.966650e+00	
266	5.022000e-03	4.500000e+00	4.965719e+00	
267	5.026000e-03	3.500000e+00	4.961864e+00	
268	5.034000e-03	1.500000e+00	4.942247e+00	
269	5.040000e-03	0.000000e+00	4.917169e+00	
270	5.041600e-03	0.000000e+00	4.909314e+00	
271	5.044800e-03	0.000000e+00	4.893629e+00	
272	5.051200e-03	0.000000e+00	4.862410e+00	
273	5.064000e-03	0.000000e+00	4.800567e+00	
274	5.084000e-03	0.000000e+00	4.705506e+00	
275	5.104000e-03	0.000000e+00	4.612328e+00	
276	5.124000e-03	0.000000e+00	4.520995e+00	
277	5.144000e-03	0.000000e+00	4.431470e+00	
278	5.164000e-03	0.000000e+00	4.343718e+00	
279	5.184000e-03	0.000000e+00	4.257704e+00	
280	5.204000e-03	0.000000e+00	4.173393e+00	
281	5.224000e-03	0.000000e+00	4.090752e+00	
282	5.244000e-03	0.000000e+00	4.009747e+00	
283	5.264000e-03	0.000000e+00	3.930346e+00	
284	5.284000e-03	0.000000e+00	3.852517e+00	
285	5.304000e-03	0.000000e+00	3.776230e+00	
286	5.324000e-03	0.000000e+00	3.701453e+00	

Index   time            v(1)            v(2)            
--------------------------------------------------------------------------------
287	5.344000e-03	0.000000e+00	3.628157e+00	
288	5.364000e-03	0.000000e+00	3.556312e+00	
289	5.384000e-03	0.000000e+00	3.485890e+00	
290	5.404000e-03	0.000000e+00	3.416862e+00	
291	5.424000e-03	0.000000e+00	3.349202e+00	
292	5.444000e-03	0.000000e+00	3.282881e+00	
293	5.464000e-03	0.000000e+00	3.217873e+00	
294	5.484000e-03	0.000000e+00	3.154153e+00	
295	5.504000e-03	0.000000e+00	3.091695e+00	
296	5.524000e-03	0.000000e+00	3.030473e+00	
297	5.544000e-03	0.000000e+00	2.970464e+00	
298	5.564000e-03	0.000000e+00	2.911643e+00	
299	5.584000e-03	0.000000e+00	2.853986e+00	
300	5.604000e-03	0.000000e+00	2.797472e+00	
301	5.624000e-03	0.000000e+00	2.742076e+00	
302	5.644000e-03	0.000000e+00	2.687778e+00	
303	5.664000e-03	0.000000e+00	2.634554e+00	
304	5.684000e-03	0.000000e+00	2.582385e+00	
305	5.704000e-03	0.000000e+00	2.531249e+00	
306	5.724000e-03	0.000000e+00	2.481125e+00	
307	5.744000e-03	0.000000e+00	2.431994e+00	
308	5.764000e-03	0.000000e+00	2.383835e+00	
309	5.784000e-03	0.000000e+00	2.336631e+00	
310	5.804000e-03	0.000000e+00	2.290361e+00	
311	5.824000e-03	0.000000e+00	2.245007e+00	
312	5.844000e-03	0.000000e+00	2.200552e+00	
313	5.864000e-03	0.000000e+00	2.156976e+00	
314	5.884000e-03	0.000000e+00	2.114264e+00	
315	5.904000e-03	0.000000e+00	2.072397e+00	
316	5.924000e-03	0.000000e+00	2.031360e+00	
317	5.944000e-03	0.000000e+00	1.991135e+00	
318	5.964000e-03	0.000000e+00	1.951706e+00	
319	5.984000e-03	0.000000e+00	1.913059e+00	
320	6.004000e-03	0.000000e+00	1.875176e+00	
321	6.024000e-03	0.000000e+00	1.838044e+00	
322	6.044000e-03	0.000000e+00	1.801647e+00	
323	6.064000e-03	0.000000e+00	1.765971e+00	
324	6.084000e-03	0.000000e+00	1.731001e+00	
325	6.104000e-03	0.000000e+00	1.696724e+00	
326	6.124000e-03	0.000000e+00	1.663126e+00	
327	6.144000e-03	0.000000e+00	1.630192e+00	
328	6.164000e-03	0.000000e+00	1.597911e+00	
329	6.184000e-03	0.000000e+00	1.566270e+00	
330	6.204000e-03	0.000000e+00	1.535254e+00	
331	6.224000e-03	0.000000e+00	1.504853e+00	
332	6.244000e-03	0.000000e+00	1.475054e+00	
333	6.264000e-03	0.000000e+00	1.445845e+00	
334	6.284000e-03	0.000000e+00	1.417215e+00	
335	6.304000e-03	0.000000e+00	1.389151e+00	
336	6.324000e-03	0.000000e+00	1.361643e+00	
337	6.344000e-03	0.000000e+00	1.334680e+00	
338	6.364000e-03	0.000000e+00	1.308250e+00	
339	6.384000e-03	0.000000e+00	1.282345e+00	
340	6.404000e-03	0.000000e+00	1.256952e+00	
341	6.424000e-03	0.000000e+00	1.232061e+00	
342	6.444000e-03	0.000000e+00	1.207664e+00	
343	6.464000e-03	0.000000e+00	1.183750e+00	
344	6.484000e-03	0.000000e+00	1.160309e+00	

Index   time            v(1)            v(2)            
--------------------------------------------------------------------------------
345	6.504000e-03	0.000000e+00	1.137333e+00	
346	6.524000e-03	0.000000e+00	1.114812e+00	
347	6.544000e-03	0.000000e+00	1.092736e+00	
348	6.564000e-03	0.000000e+00	1.071098e+00	
349	6.584000e-03	0.000000e+00	1.049888e+00	
350	6.604000e-03	0.000000e+00	1.029098e+00	
351	6.624000e-03	0.000000e+00	1.008720e+00	
352	6.644000e-03	0.000000e+00	9.887452e-01	
353	6.664000e-03	0.000000e+00	9.691661e-01	
354	6.684000e-03	0.000000e+00	9.499747e-01	
355	6.704000e-03	0.000000e+00	9.311633e-01	
356	6.724000e-03	0.000000e+00	9.127244e-01	
357	6.744000e-03	0.000000e+00	8.946507e-01	
358	6.764000e-03	0.000000e+00	8.769348e-01	
359	6.784000e-03	0.000000e+00	8.595698e-01	
360	6.804000e-03	0.000000e+00	8.425486e-01	
361	6.824000e-03	0.000000e+00	8.258644e-01	
362	6.844000e-03	0.000000e+00	8.095107e-01	
363	6.864000e-03	0.000000e+00	7.934808e-01	
364	6.884000e-03	0.000000e+00	7.777683e-01	
365	6.904000e-03	0.000000e+00	7.623669e-01	
366	6.924000e-03	0.000000e+00	7.472706e-01	
367	6.944000e-03	0.000000e+00	7.324731e-01	
368	6.964000e-03	0.000000e+00	7.179687e-01	
369	6.984000e-03	0.000000e+00	7.037515e-01	
370	7.004000e-03	0.000000e+00	6.898158e-01	
371	7.024000e-03	0.000000e+00	6.761561e-01	
372	7.044000e-03	0.000000e+00	6.627669e-01	
373	7.064000e-03	0.000000e+00	6.496428e-01	
374	7.084000e-03	0.000000e+00	6.367786e-01	
375	7.104000e-03	0.000000e+00	6.241691e-01	
376	7.124000e-03	0.000000e+00	6.118093e-01	
377	7.144000e-03	0.000000e+00	5.996943e-01	
378	7.164000e-03	0.000000e+00	5.878191e-01	
379	7.184000e-03	0.000000e+00	5.761792e-01	
380	7.204000e-03	0.000000e+00	5.647697e-01	
381	7.224000e-03	0.000000e+00	5.535861e-01	
382	7.244000e-03	0.000000e+00	5.426240e-01	
383	7.264000e-03	0.000000e+00	5.318790e-01	
384	7.284000e-03	0.000000e+00	5.213467e-01	
385	7.304000e-03	0.000000e+00	5.110230e-01	
386	7.324000e-03	0.000000e+00	5.009038e-01	
387	7.344000e-03	0.000000e+00	4.909849e-01	
388	7.364000e-03	0.000000e+00	4.812624e-01	
389	7.384000e-03	0.000000e+00	4.717325e-01	
390	7.404000e-03	0.000000e+00	4.623912e-01	
391	7.424000e-03	0.000000e+00	4.532350e-01	
392	7.444000e-03	0.000000e+00	4.442600e-01	
393	7.464000e-03	0.000000e+00	4.354628e-01	
394	7.484000e-03	0.000000e+00	4.268398e-01	
395	7.504000e-03	0.000000e+00	4.183875e-01	
396	7.524000e-03	0.000000e+00	4.101026e-01	
397	7.544000e-03	0.000000e+00	4.019817e-01	
398	7.564000e-03	0.000000e+00	3.940217e-01	
399	7.584000e-03	0.000000e+00	3.862193e-01	
400	7.604000e-03	0.000000e+00	3.785714e-01	
401	7.624000e-03	0.000000e+00	3.710749e-01	
402	7.644000e-03	0.000000e+00	3.637269e-01	

Index   time            v(1)            v(2)            
--------------------------------------------------------------------------------
403	7.664000e-03	0.000000e+00	3.565244e-01	
404	7.684000e-03	0.000000e+00	3.494645e-01	
405	7.704000e-03	0.000000e+00	3.425444e-01	
406	7.724000e-03	0.000000e+00	3.357614e-01	
407	7.744000e-03	0.000000e+00	3.291126e-01	
408	7.764000e-03	0.000000e+00	3.225955e-01	
409	7.784000e-03	0.000000e+00	3.162075e-01	
410	7.804000e-03	0.000000e+00	3.099460e-01	
411	7.824000e-03	0.000000e+00	3.038084e-01	
412	7.844000e-03	0.000000e+00	2.977924e-01	
413	7.864000e-03	0.000000e+00	2.918955e-01	
414	7.884000e-03	0.000000e+00	2.861154e-01	
415	7.904000e-03	0.000000e+00	2.804498e-01	
416	7.924000e-03	0.000000e+00	2.748963e-01	
417	7.944000e-03	0.000000e+00	2.694528e-01	
418	7.964000e-03	0.000000e+00	2.641171e-01	
419	7.984000e-03	0.000000e+00	2.588871e-01	
420	8.004000e-03	0.000000e+00	2.537606e-01	
421	8.024000e-03	0.000000e+00	2.487356e-01	
422	8.044000e-03	0.000000e+00	2.438102e-01	
423	8.064000e-03	0.000000e+00	2.389823e-01	
424	8.084000e-03	0.000000e+00	2.342499e-01	
425	8.104000e-03	0.000000e+00	2.296113e-01	
426	8.124000e-03	0.000000e+00	2.250646e-01	
427	8.144000e-03	0.000000e+00	2.206078e-01	
428	8.164000e-03	0.000000e+00	2.162394e-01	
429	8.184000e-03	0.000000e+00	2.119574e-01	
430	8.204000e-03	0.000000e+00	2.077602e-01	
431	8.224000e-03	0.000000e+00	2.036462e-01	
432	8.244000e-03	0.000000e+00	1.996136e-01	
433	8.264000e-03	0.000000e+00	1.956608e-01	
434	8.284000e-03	0.000000e+00	1.917863e-01	
435	8.304000e-03	0.000000e+00	1.879886e-01	
436	8.324000e-03	0.000000e+00	1.842661e-01	
437	8.344000e-03	0.000000e+00	1.806172e-01	
438	8.364000e-03	0.000000e+00	1.770406e-01	
439	8.384000e-03	0.000000e+00	1.735349e-01	
440	8.404000e-03	0.000000e+00	1.700986e-01	
441	8.424000e-03	0.000000e+00	1.667303e-01	
442	8.444000e-03	0.000000e+00	1.634287e-01	
443	8.464000e-03	0.000000e+00	1.601925e-01	
444	8.484000e-03	0.000000e+00	1.570203e-01	
445	8.504000e-03	0.000000e+00	1.539110e-01	
446	8.524000e-03	0.000000e+00	1.508633e-01	
447	8.544000e-03	0.000000e+00	1.478759e-01	
448	8.564000e-03	0.000000e+00	1.449477e-01	
449	8.584000e-03	0.000000e+00	1.420774e-01	
450	8.604000e-03	0.000000e+00	1.392640e-01	
451	8.624000e-03	0.000000e+00	1.365063e-01	
452	8.644000e-03	0.000000e+00	1.338032e-01	
453	8.664000e-03	0.000000e+00	1.311536e-01	
454	8.684000e-03	0.000000e+00	1.285565e-01	
455	8.704000e-03	0.000000e+00	1.260108e-01	
456	8.724000e-03	0.000000e+00	1.235156e-01	
457	8.744000e-03	0.000000e+00	1.210697e-01	
458	8.764000e-03	0.000000e+00	1.186723e-01	
459	8.784000e-03	0.000000e+00	1.163224e-01	
460	8.804000e-03	0.000000e+00	1.140189e-01	

Index   time            v(1)            v(2)            
--------------------------------------------------------------------------------
461	8.824000e-03	0.000000e+00	1.117611e-01	
462	8.844000e-03	0.000000e+00	1.095481e-01	
463	8.864000e-03	0.000000e+00	1.073788e-01	
464	8.884000e-03	0.000000e+00	1.052525e-01	
465	8.904000e-03	0.000000e+00	1.031683e-01	
466	8.924000e-03	0.000000e+00	1.011253e-01	
467	8.944000e-03	0.000000e+00	9.912285e-02	
468	8.964000e-03	0.000000e+00	9.716002e-02	
469	8.984000e-03	0.000000e+00	9.523606e-02	
470	9.004000e-03	0.000000e+00	9.335020e-02	
471	9.024000e-03	0.000000e+00	9.150168e-02	
472	9.044000e-03	0.000000e+00	8.968976e-02	
473	9.064000e-03	0.000000e+00	8.791373e-02	
474	9.084000e-03	0.000000e+00	8.617286e-02	
475	9.104000e-03	0.000000e+00	8.446647e-02	
476	9.124000e-03	0.000000e+00	8.279387e-02	
477	9.144000e-03	0.000000e+00	8.115438e-02	
478	9.164000e-03	0.000000e+00	7.954737e-02	
479	9.184000e-03	0.000000e+00	7.797217e-02	
480	9.204000e-03	0.000000e+00	7.642817e-02	
481	9.224000e-03	0.000000e+00	7.491474e-02	
482	9.244000e-03	0.000000e+00	7.343128e-02	
483	9.264000e-03	0.000000e+00	7.197719e-02	
484	9.284000e-03	0.000000e+00	7.055190e-02	
485	9.304000e-03	0.000000e+00	6.915484e-02	
486	9.324000e-03	0.000000e+00	6.778543e-02	
487	9.344000e-03	0.000000e+00	6.644315e-02	
488	9.364000e-03	0.000000e+00	6.512744e-02	
489	9.384000e-03	0.000000e+00	6.383779e-02	
490	9.404000e-03	0.000000e+00	6.257367e-02	
491	9.424000e-03	0.000000e+00	6.133459e-02	
492	9.444000e-03	0.000000e+00	6.012005e-02	
493	9.464000e-03	0.000000e+00	5.892955e-02	
494	9.484000e-03	0.000000e+00	5.776263e-02	
495	9.504000e-03	0.000000e+00	5.661881e-02	
496	9.524000e-03	0.000000e+00	5.549765e-02	
497	9.544000e-03	0.000000e+00	5.439869e-02	
498	9.564000e-03	0.000000e+00	5.332148e-02	
499	9.584000e-03	0.000000e+00	5.226561e-02	
500	9.604000e-03	0.000000e+00	5.123065e-02	
501	9.624000e-03	0.000000e+00	5.021618e-02	
502	9.644000e-03	0.000000e+00	4.922180e-02	
503	9.664000e-03	0.000000e+00	4.824711e-02	
504	9.684000e-03	0.000000e+00	4.729172e-02	
505	9.704000e-03	0.000000e+00	4.635525e-02	
506	9.724000e-03	0.000000e+00	4.543733e-02	
507	9.744000e-03	0.000000e+00	4.453758e-02	
508	9.764000e-03	0.000000e+00	4.365565e-02	
509	9.784000e-03	0.000000e+00	4.279118e-02	
510	9.804000e-03	0.000000e+00	4.194383e-02	
511	9.824000e-03	0.000000e+00	4.111326e-02	
512	9.844000e-03	0.000000e+00	4.029913e-02	
513	9.864000e-03	0.000000e+00	3.950113e-02	
514	9.884000e-03	0.000000e+00	3.871893e-02	
515	9.904000e-03	0.000000e+00	3.795222e-02	
516	9.924000e-03	0.000000e+00	3.720069e-02	
517	9.944000e-03	0.000000e+00	3.646404e-02	
518	9.964000e-03	0.000000e+00	3.574198e-02	

Index   time            v(1)            v(2)            
--------------------------------------------------------------------------------
519	9.984000e-03	0.000000e+00	3.503422e-02	
520	1.000000e-02	0.000000e+00	3.447812e-02	
521	1.000200e-02	5.000000e-01	3.540731e-02	
522	1.000600e-02	1.500000e+00	3.925798e-02	
523	1.001400e-02	3.500000e+00	5.886548e-02	
524	1.002000e-02	5.000000e+00	8.393708e-02	
525	1.002145e-02	5.000000e+00	9.106775e-02	
526	1.002436e-02	5.000000e+00	1.053084e-01	
527	1.003017e-02	5.000000e+00	1.336660e-01	
528	1.004179e-02	5.000000e+00	1.898896e-01	
529	1.006179e-02	5.000000e+00	2.851394e-01	
530	1.008179e-02	5.000000e+00	3.785029e-01	
531	1.010179e-02	5.000000e+00	4.700177e-01	
532	1.012179e-02	5.000000e+00	5.597203e-01	
533	1.014179e-02	5.000000e+00	6.476467e-01	
534	1.016179e-02	5.000000e+00	7.338319e-01	
535	1.018179e-02	5.000000e+00	8.183105e-01	
536	1.020179e-02	5.000000e+00	9.011162e-01	
537	1.022179e-02	5.000000e+00	9.822822e-01	
538	1.024179e-02	5.000000e+00	1.061841e+00	
539	1.026179e-02	5.000000e+00	1.139824e+00	
540	1.028179e-02	5.000000e+00	1.216263e+00	
541	1.030179e-02	5.000000e+00	1.291189e+00	
542	1.032179e-02	5.000000e+00	1.364631e+00	
543	1.034179e-02	5.000000e+00	1.436618e+00	
544	1.036179e-02	5.000000e+00	1.507180e+00	
545	1.038179e-02	5.000000e+00	1.576345e+00	
546	1.040179e-02	5.000000e+00	1.644140e+00	
547	1.042179e-02	5.000000e+00	1.710593e+00	
548	1.044179e-02	5.000000e+00	1.775730e+00	
549	1.046179e-02	5.000000e+00	1.839577e+00	
550	1.048179e-02	5.000000e+00	1.902159e+00	
551	1.050179e-02	5.000000e+00	1.963503e+00	
552	1.052179e-02	5.000000e+00	2.023631e+00	
553	1.054179e-02	5.000000e+00	2.082569e+00	
554	1.056179e-02	5.000000e+00	2.140340e+00	
555	1.058179e-02	5.000000e+00	2.196967e+00	
556	1.060179e-02	5.000000e+00	2.252473e+00	
557	1.062179e-02	5.000000e+00	2.306879e+00	
558	1.064179e-02	5.000000e+00	2.360208e+00	
559	1.066179e-02	5.000000e+00	2.412481e+00	
560	1.068179e-02	5.000000e+00	2.463719e+00	
561	1.070179e-02	5.000000e+00	2.513943e+00	
562	1.072179e-02	5.000000e+00	2.563172e+00	
563	1.074179e-02	5.000000e+00	2.611426e+00	
564	1.076179e-02	5.000000e+00	2.658724e+00	
565	1.078179e-02	5.000000e+00	2.705086e+00	
566	1.080179e-02	5.000000e+00	2.750530e+00	
567	1.082179e-02	5.000000e+00	2.795074e+00	
568	1.084179e-02	5.000000e+00	2.838736e+00	
569	1.086179e-02	5.000000e+00	2.881533e+00	
570	1.088179e-02	5.000000e+00	2.923483e+00	
571	1.090179e-02	5.000000e+00	2.964602e+00	
572	1.092179e-02	5.000000e+00	3.004907e+00	
573	1.094179e-02	5.000000e+00	3.044414e+00	
574	1.096179e-02	5.000000e+00	3.083138e+00	
575	1.098179e-02	5.000000e+00	3.121096e+00	
576	1.100179e-02	5.000000e+00	3.158302e+00	

Index   time            v(1)            v(2)            
--------------------------------------------------------------------------------
577	1.102179e-02	5.000000e+00	3.194771e+00	
578	1.104179e-02	5.000000e+00	3.230518e+00	
579	1.106179e-02	5.000000e+00	3.265558e+00	
580	1.108179e-02	5.000000e+00	3.299903e+00	
581	1.110179e-02	5.000000e+00	3.333568e+00	
582	1.112179e-02	5.000000e+00	3.366567e+00	
583	1.114179e-02	5.000000e+00	3.398912e+00	
584	1.116179e-02	5.000000e+00	3.430617e+00	
585	1.118179e-02	5.000000e+00	3.461694e+00	
586	1.120179e-02	5.000000e+00	3.492155e+00	
587	1.122179e-02	5.000000e+00	3.522013e+00	
588	1.124179e-02	5.000000e+00	3.551281e+00	
589	1.126179e-02	5.000000e+00	3.579968e+00	
590	1.128179e-02	5.000000e+00	3.608088e+00	
591	1.130179e-02	5.000000e+00	3.635650e+00	
592	1.132179e-02	5.000000e+00	3.662667e+00	
593	1.134179e-02	5.000000e+00	3.689149e+00	
594	1.136179e-02	5.000000e+00	3.715106e+00	
595	1.138179e-02	5.000000e+00	3.740550e+00	
596	1.140179e-02	5.000000e+00	3.765489e+00	
597	1.142179e-02	5.000000e+00	3.789935e+00	
598	1.144179e-02	5.000000e+00	3.813897e+00	
599	1.146179e-02	5.000000e+00	3.837384e+00	
600	1.148179e-02	5.000000e+00	3.860406e+00	
601	1.150179e-02	5.000000e+00	3.882972e+00	
602	1.152179e-02	5.000000e+00	3.905092e+00	
603	1.154179e-02	5.000000e+00	3.926773e+00	
604	1.156179e-02	5.000000e+00	3.948025e+00	
605	1.158179e-02	5.000000e+00	3.968856e+00	
606	1.160179e-02	5.000000e+00	3.989275e+00	
607	1.162179e-02	5.000000e+00	4.009289e+00	
608	1.164179e-02	5.000000e+00	4.028907e+00	
609	1.166179e-02	5.000000e+00	4.048137e+00	
610	1.168179e-02	5.000000e+00	4.066986e+00	
611	1.170179e-02	5.000000e+00	4.085461e+00	
612	1.172179e-02	5.000000e+00	4.103571e+00	
613	1.174179e-02	5.000000e+00	4.121322e+00	
614	1.176179e-02	5.000000e+00	4.138721e+00	
615	1.178179e-02	5.000000e+00	4.155776e+00	
616	1.180179e-02	5.000000e+00	4.172494e+00	
617	1.182179e-02	5.000000e+00	4.188880e+00	
618	1.184179e-02	5.000000e+00	4.204942e+00	
619	1.186179e-02	5.000000e+00	4.220686e+00	
620	1.188179e-02	5.000000e+00	4.236118e+00	
621	1.190179e-02	5.000000e+00	4.251244e+00	
622	1.192179e-02	5.000000e+00	4.266071e+00	
623	1.194179e-02	5.000000e+00	4.280604e+00	
624	1.196179e-02	5.000000e+00	4.294849e+00	
625	1.198179e-02	5.000000e+00	4.308813e+00	
626	1.200179e-02	5.000000e+00	4.322500e+00	
627	1.202179e-02	5.000000e+00	4.335916e+00	
628	1.204179e-02	5.000000e+00	4.349066e+00	
629	1.206179e-02	5.000000e+00	4.361956e+00	
630	1.208179e-02	5.000000e+00	4.374590e+00	
631	1.210179e-02	5.000000e+00	4.386974e+00	
632	1.212179e-02	5.000000e+00	4.399114e+00	
633	1.214179e-02	5.000000e+00	4.411012e+00	
634	1.216179e-02	5.000000e+00	4.422675e+00	

Index   time            v(1)            v(2)            
--------------------------------------------------------------------------------
635	1.218179e-02	5.000000e+00	4.434108e+00	
636	1.220179e-02	5.000000e+00	4.445313e+00	
637	1.222179e-02	5.000000e+00	4.456297e+00	
638	1.224179e-02	5.000000e+00	4.467064e+00	
639	1.226179e-02	5.000000e+00	4.477617e+00	
640	1.228179e-02	5.000000e+00	4.487961e+00	
641	1.230179e-02	5.000000e+00	4.498100e+00	
642	1.232179e-02	5.000000e+00	4.508039e+00	
643	1.234179e-02	5.000000e+00	4.517781e+00	
644	1.236179e-02	5.000000e+00	4.527330e+00	
645	1.238179e-02	5.000000e+00	4.536690e+00	
646	1.240179e-02	5.000000e+00	4.545864e+00	
647	1.242179e-02	5.000000e+00	4.554857e+00	
648	1.244179e-02	5.000000e+00	4.563672e+00	
649	1.246179e-02	5.000000e+00	4.572312e+00	
650	1.248179e-02	5.000000e+00	4.580781e+00	
651	1.250179e-02	5.000000e+00	4.589082e+00	
652	1.252179e-02	5.000000e+00	4.597219e+00	
653	1.254179e-02	5.000000e+00	4.605195e+00	
654	1.256179e-02	5.000000e+00	4.613013e+00	
655	1.258179e-02	5.000000e+00	4.620676e+00	
656	1.260179e-02	5.000000e+00	4.628187e+00	
657	1.262179e-02	5.000000e+00	4.635550e+00	
658	1.264179e-02	5.000000e+00	4.642767e+00	
659	1.266179e-02	5.000000e+00	4.649841e+00	
660	1.268179e-02	5.000000e+00	4.656775e+00	
661	1.270179e-02	5.000000e+00	4.663571e+00	
662	1.272179e-02	5.000000e+00	4.670233e+00	
663	1.274179e-02	5.000000e+00	4.676763e+00	
664	1.276179e-02	5.000000e+00	4.683164e+00	
665	1.278179e-02	5.000000e+00	4.689438e+00	
666	1.280179e-02	5.000000e+00	4.695588e+00	
667	1.282179e-02	5.000000e+00	4.701616e+00	
668	1.284179e-02	5.000000e+00	4.707524e+00	
669	1.286179e-02	5.000000e+00	4.713316e+00	
670	1.288179e-02	5.000000e+00	4.718993e+00	
671	1.290179e-02	5.000000e+00	4.724557e+00	
672	1.292179e-02	5.000000e+00	4.730012e+00	
673	1.294179e-02	5.000000e+00	4.735358e+00	
674	1.296179e-02	5.000000e+00	4.740598e+00	
675	1.298179e-02	5.000000e+00	4.745735e+00	
676	1.300179e-02	5.000000e+00	4.750770e+00	
677	1.302179e-02	5.000000e+00	4.755705e+00	
678	1.304179e-02	5.000000e+00	4.760543e+00	
679	1.306179e-02	5.000000e+00	4.765284e+00	
680	1.308179e-02	5.000000e+00	4.769932e+00	
681	1.310179e-02	5.000000e+00	4.774488e+00	
682	1.312179e-02	5.000000e+00	4.778954e+00	
683	1.314179e-02	5.000000e+00	4.783331e+00	
684	1.316179e-02	5.000000e+00	4.787621e+00	
685	1.318179e-02	5.000000e+00	4.791827e+00	
686	1.320179e-02	5.000000e+00	4.795949e+00	
687	1.322179e-02	5.000000e+00	4.799990e+00	
688	1.324179e-02	5.000000e+00	4.803950e+00	
689	1.326179e-02	5.000000e+00	4.807832e+00	
690	1.328179e-02	5.000000e+00	4.811638e+00	
691	1.330179e-02	5.000000e+00	4.815368e+00	
692	1.332179e-02	5.000000e+00	4.819024e+00	

Index   time            v(1)            v(2)            
--------------------------------------------------------------------------------
693	1.334179e-02	5.000000e+00	4.822607e+00	
694	1.336179e-02	5.000000e+00	4.826120e+00	
695	1.338179e-02	5.000000e+00	4.829563e+00	
696	1.340179e-02	5.000000e+00	4.832938e+00	
697	1.342179e-02	5.000000e+00	4.836246e+00	
698	1.344179e-02	5.000000e+00	4.839489e+00	
699	1.346179e-02	5.000000e+00	4.842668e+00	
700	1.348179e-02	5.000000e+00	4.845783e+00	
701	1.350179e-02	5.000000e+00	4.848837e+00	
702	1.352179e-02	5.000000e+00	4.851830e+00	
703	1.354179e-02	5.000000e+00	4.854764e+00	
704	1.356179e-02	5.000000e+00	4.857640e+00	
705	1.358179e-02	5.000000e+00	4.860459e+00	
706	1.360179e-02	5.000000e+00	4.863222e+00	
707	1.362179e-02	5.000000e+00	4.865931e+00	
708	1.364179e-02	5.000000e+00	4.868586e+00	
709	1.366179e-02	5.000000e+00	4.871188e+00	
710	1.368179e-02	5.000000e+00	4.873739e+00	
711	1.370179e-02	5.000000e+00	4.876239e+00	
712	1.372179e-02	5.000000e+00	4.878690e+00	
713	1.374179e-02	5.000000e+00	4.881092e+00	
714	1.376179e-02	5.000000e+00	4.883446e+00	
715	1.378179e-02	5.000000e+00	4.885754e+00	
716	1.380179e-02	5.000000e+00	4.888017e+00	
717	1.382179e-02	5.000000e+00	4.890234e+00	
718	1.384179e-02	5.000000e+00	4.892408e+00	
719	1.386179e-02	5.000000e+00	4.894538e+00	
720	1.388179e-02	5.000000e+00	4.896627e+00	
721	1.390179e-02	5.000000e+00	4.898674e+00	
722	1.392179e-02	5.000000e+00	4.900680e+00	
723	1.394179e-02	5.000000e+00	4.902647e+00	
724	1.396179e-02	5.000000e+00	4.904575e+00	
725	1.398179e-02	5.000000e+00	4.906464e+00	
726	1.400179e-02	5.000000e+00	4.908316e+00	
727	1.402179e-02	5.000000e+00	4.910132e+00	
728	1.404179e-02	5.000000e+00	4.911912e+00	
729	1.406179e-02	5.000000e+00	4.913656e+00	
730	1.408179e-02	5.000000e+00	4.915366e+00	
731	1.410179e-02	5.000000e+00	4.917042e+00	
732	1.412179e-02	5.000000e+00	4.918684e+00	
733	1.414179e-02	5.000000e+00	4.920294e+00	
734	1.416179e-02	5.000000e+00	4.921873e+00	
735	1.418179e-02	5.000000e+00	4.923420e+00	
736	1.420179e-02	5.000000e+00	4.924936e+00	
737	1.422179e-02	5.000000e+00	4.926423e+00	
738	1.424179e-02	5.000000e+00	4.927880e+00	
739	1.426179e-02	5.000000e+00	4.929308e+00	
740	1.428179e-02	5.000000e+00	4.930708e+00	
741	1.430179e-02	5.000000e+00	4.932080e+00	
742	1.432179e-02	5.000000e+00	4.933425e+00	
743	1.434179e-02	5.000000e+00	4.934743e+00	
744	1.436179e-02	5.000000e+00	4.936035e+00	
745	1.438179e-02	5.000000e+00	4.937302e+00	
746	1.440179e-02	5.000000e+00	4.938543e+00	
747	1.442179e-02	5.000000e+00	4.939760e+00	
748	1.444179e-02	5.000000e+00	4.940953e+00	
749	1.446179e-02	5.000000e+00	4.942123e+00	
750	1.448179e-02	5.000000e+00	4.943269e+00	

Index   time            v(1)            v(2)            
--------------------------------------------------------------------------------
751	1.450179e-02	5.000000e+00	4.944392e+00	
752	1.452179e-02	5.000000e+00	4.945493e+00	
753	1.454179e-02	5.000000e+00	4.946573e+00	
754	1.456179e-02	5.000000e+00	4.947630e+00	
755	1.458179e-02	5.000000e+00	4.948668e+00	
756	1.460179e-02	5.000000e+00	4.949684e+00	
757	1.462179e-02	5.000000e+00	4.950680e+00	
758	1.464179e-02	5.000000e+00	4.951657e+00	
759	1.466179e-02	5.000000e+00	4.952614e+00	
760	1.468179e-02	5.000000e+00	4.953553e+00	
761	1.470179e-02	5.000000e+00	4.954472e+00	
762	1.472179e-02	5.000000e+00	4.955374e+00	
763	1.474179e-02	5.000000e+00	4.956258e+00	
764	1.476179e-02	5.000000e+00	4.957124e+00	
765	1.478179e-02	5.000000e+00	4.957973e+00	
766	1.480179e-02	5.000000e+00	4.958805e+00	
767	1.482179e-02	5.000000e+00	4.959621e+00	
768	1.484179e-02	5.000000e+00	4.960420e+00	
769	1.486179e-02	5.000000e+00	4.961204e+00	
770	1.488179e-02	5.000000e+00	4.961972e+00	
771	1.490179e-02	5.000000e+00	4.962725e+00	
772	1.492179e-02	5.000000e+00	4.963463e+00	
773	1.494179e-02	5.000000e+00	4.964187e+00	
774	1.496179e-02	5.000000e+00	4.964896e+00	
775	1.498179e-02	5.000000e+00	4.965591e+00	
776	1.500179e-02	5.000000e+00	4.966273e+00	
777	1.502000e-02	5.000000e+00	4.966881e+00	
778	1.502200e-02	4.500000e+00	4.965949e+00	
779	1.502600e-02	3.500000e+00	4.962093e+00	
780	1.503400e-02	1.500000e+00	4.942475e+00	
781	1.504000e-02	6.377121e-13	4.917395e+00	
782	1.504160e-02	0.000000e+00	4.909540e+00	
783	1.504480e-02	0.000000e+00	4.893855e+00	
784	1.505120e-02	0.000000e+00	4.862634e+00	
785	1.506400e-02	0.000000e+00	4.800788e+00	
786	1.508400e-02	0.000000e+00	4.705723e+00	
787	1.510400e-02	0.000000e+00	4.612540e+00	
788	1.512400e-02	0.000000e+00	4.521203e+00	
789	1.514400e-02	0.000000e+00	4.431674e+00	
790	1.516400e-02	0.000000e+00	4.343918e+00	
791	1.518400e-02	0.000000e+00	4.257900e+00	
792	1.520400e-02	0.000000e+00	4.173585e+00	
793	1.522400e-02	0.000000e+00	4.090940e+00	
794	1.524400e-02	0.000000e+00	4.009931e+00	
795	1.526400e-02	0.000000e+00	3.930527e+00	
796	1.528400e-02	0.000000e+00	3.852694e+00	
797	1.530400e-02	0.000000e+00	3.776403e+00	
798	1.532400e-02	0.000000e+00	3.701623e+00	
799	1.534400e-02	0.000000e+00	3.628324e+00	
800	1.536400e-02	0.000000e+00	3.556476e+00	
801	1.538400e-02	0.000000e+00	3.486050e+00	
802	1.540400e-02	0.000000e+00	3.417020e+00	
803	1.542400e-02	0.000000e+00	3.349356e+00	
804	1.544400e-02	0.000000e+00	3.283032e+00	
805	1.546400e-02	0.000000e+00	3.218022e+00	
806	1.548400e-02	0.000000e+00	3.154298e+00	
807	1.550400e-02	0.000000e+00	3.091837e+00	
808	1.552400e-02	0.000000e+00	3.030613e+00	

Index   time            v(1)            v(2)            
--------------------------------------------------------------------------------
809	1.554400e-02	0.000000e+00	2.970600e+00	
810	1.556400e-02	0.000000e+00	2.911777e+00	
811	1.558400e-02	0.000000e+00	2.854118e+00	
812	1.560400e-02	0.000000e+00	2.797600e+00	
813	1.562400e-02	0.000000e+00	2.742202e+00	
814	1.564400e-02	0.000000e+00	2.687901e+00	
815	1.566400e-02	0.000000e+00	2.634676e+00	
816	1.568400e-02	0.000000e+00	2.582504e+00	
817	1.570400e-02	0.000000e+00	2.531365e+00	
818	1.572400e-02	0.000000e+00	2.481239e+00	
819	1.574400e-02	0.000000e+00	2.432106e+00	
820	1.576400e-02	0.000000e+00	2.383945e+00	
821	1.578400e-02	0.000000e+00	2.336738e+00	
822	1.580400e-02	0.000000e+00	2.290466e+00	
823	1.582400e-02	0.000000e+00	2.245111e+00	
824	1.584400e-02	0.000000e+00	2.200653e+00	
825	1.586400e-02	0.000000e+00	2.157076e+00	
826	1.588400e-02	0.000000e+00	2.114361e+00	
827	1.590400e-02	0.000000e+00	2.072493e+00	
828	1.592400e-02	0.000000e+00	2.031453e+00	
829	1.594400e-02	0.000000e+00	1.991226e+00	
830	1.596400e-02	0.000000e+00	1.951796e+00	
831	1.598400e-02	0.000000e+00	1.913147e+00	
832	1.600400e-02	0.000000e+00	1.875263e+00	
833	1.602400e-02	0.000000e+00	1.838129e+00	
834	1.604400e-02	0.000000e+00	1.801730e+00	
835	1.606400e-02	0.000000e+00	1.766052e+00	
836	1.608400e-02	0.000000e+00	1.731081e+00	
837	1.610400e-02	0.000000e+00	1.696802e+00	
838	1.612400e-02	0.000000e+00	1.663202e+00	
839	1.614400e-02	0.000000e+00	1.630267e+00	
840	1.616400e-02	0.000000e+00	1.597985e+00	
841	1.618400e-02	0.000000e+00	1.566342e+00	
842	1.620400e-02	0.000000e+00	1.535325e+00	
843	1.622400e-02	0.000000e+00	1.504923e+00	
844	1.624400e-02	0.000000e+00	1.475122e+00	
845	1.626400e-02	0.000000e+00	1.445912e+00	
846	1.628400e-02	0.000000e+00	1.417280e+00	
847	1.630400e-02	0.000000e+00	1.389215e+00	
848	1.632400e-02	0.000000e+00	1.361706e+00	
849	1.634400e-02	0.000000e+00	1.334741e+00	
850	1.636400e-02	0.000000e+00	1.308311e+00	
851	1.638400e-02	0.000000e+00	1.282404e+00	
852	1.640400e-02	0.000000e+00	1.257009e+00	
853	1.642400e-02	0.000000e+00	1.232118e+00	
854	1.644400e-02	0.000000e+00	1.207720e+00	
855	1.646400e-02	0.000000e+00	1.183805e+00	
856	1.648400e-02	0.000000e+00	1.160363e+00	
857	1.650400e-02	0.000000e+00	1.137385e+00	
858	1.652400e-02	0.000000e+00	1.114863e+00	
859	1.654400e-02	0.000000e+00	1.092786e+00	
860	1.656400e-02	0.000000e+00	1.071147e+00	
861	1.658400e-02	0.000000e+00	1.049936e+00	
862	1.660400e-02	0.000000e+00	1.029145e+00	
863	1.662400e-02	0.000000e+00	1.008766e+00	
864	1.664400e-02	0.000000e+00	9.887907e-01	
865	1.666400e-02	0.000000e+00	9.692107e-01	
866	1.668400e-02	0.000000e+00	9.500184e-01	

Index   time            v(1)            v(2)            
--------------------------------------------------------------------------------
867	1.670400e-02	0.000000e+00	9.312062e-01	
868	1.672400e-02	0.000000e+00	9.127664e-01	
869	1.674400e-02	0.000000e+00	8.946919e-01	
870	1.676400e-02	0.000000e+00	8.769752e-01	
871	1.678400e-02	0.000000e+00	8.596093e-01	
872	1.680400e-02	0.000000e+00	8.425874e-01	
873	1.682400e-02	0.000000e+00	8.259025e-01	
874	1.684400e-02	0.000000e+00	8.095480e-01	
875	1.686400e-02	0.000000e+00	7.935173e-01	
876	1.688400e-02	0.000000e+00	7.778041e-01	
877	1.690400e-02	0.000000e+00	7.624020e-01	
878	1.692400e-02	0.000000e+00	7.473050e-01	
879	1.694400e-02	0.000000e+00	7.325069e-01	
880	1.696400e-02	0.000000e+00	7.180018e-01	
881	1.698400e-02	0.000000e+00	7.037839e-01	
882	1.700400e-02	0.000000e+00	6.898476e-01	
883	1.702400e-02	0.000000e+00	6.761872e-01	
884	1.704400e-02	0.000000e+00	6.627974e-01	
885	1.706400e-02	0.000000e+00	6.496727e-01	
886	1.708400e-02	0.000000e+00	6.368079e-01	
887	1.710400e-02	0.000000e+00	6.241978e-01	
888	1.712400e-02	0.000000e+00	6.118375e-01	
889	1.714400e-02	0.000000e+00	5.997219e-01	
890	1.716400e-02	0.000000e+00	5.878462e-01	
891	1.718400e-02	0.000000e+00	5.762057e-01	
892	1.720400e-02	0.000000e+00	5.647957e-01	
893	1.722400e-02	0.000000e+00	5.536116e-01	
894	1.724400e-02	0.000000e+00	5.426490e-01	
895	1.726400e-02	0.000000e+00	5.319035e-01	
896	1.728400e-02	0.000000e+00	5.213707e-01	
897	1.730400e-02	0.000000e+00	5.110466e-01	
898	1.732400e-02	0.000000e+00	5.009268e-01	
899	1.734400e-02	0.000000e+00	4.910075e-01	
900	1.736400e-02	0.000000e+00	4.812846e-01	
901	1.738400e-02	0.000000e+00	4.717542e-01	
902	1.740400e-02	0.000000e+00	4.624125e-01	
903	1.742400e-02	0.000000e+00	4.532558e-01	
904	1.744400e-02	0.000000e+00	4.442805e-01	
905	1.746400e-02	0.000000e+00	4.354828e-01	
906	1.748400e-02	0.000000e+00	4.268594e-01	
907	1.750400e-02	0.000000e+00	4.184067e-01	
908	1.752400e-02	0.000000e+00	4.101215e-01	
909	1.754400e-02	0.000000e+00	4.020002e-01	
910	1.756400e-02	0.000000e+00	3.940398e-01	
911	1.758400e-02	0.000000e+00	3.862371e-01	
912	1.760400e-02	0.000000e+00	3.785888e-01	
913	1.762400e-02	0.000000e+00	3.710920e-01	
914	1.764400e-02	0.000000e+00	3.637436e-01	
915	1.766400e-02	0.000000e+00	3.565408e-01	
916	1.768400e-02	0.000000e+00	3.494806e-01	
917	1.770400e-02	0.000000e+00	3.425602e-01	
918	1.772400e-02	0.000000e+00	3.357768e-01	
919	1.774400e-02	0.000000e+00	3.291278e-01	
920	1.776400e-02	0.000000e+00	3.226104e-01	
921	1.778400e-02	0.000000e+00	3.162221e-01	
922	1.780400e-02	0.000000e+00	3.099602e-01	
923	1.782400e-02	0.000000e+00	3.038224e-01	
924	1.784400e-02	0.000000e+00	2.978061e-01	

Index   time            v(1)            v(2)            
--------------------------------------------------------------------------------
925	1.786400e-02	0.000000e+00	2.919090e-01	
926	1.788400e-02	0.000000e+00	2.861286e-01	
927	1.790400e-02	0.000000e+00	2.804627e-01	
928	1.792400e-02	0.000000e+00	2.749090e-01	
929	1.794400e-02	0.000000e+00	2.694652e-01	
930	1.796400e-02	0.000000e+00	2.641293e-01	
931	1.798400e-02	0.000000e+00	2.588990e-01	
932	1.800400e-02	0.000000e+00	2.537723e-01	
933	1.802400e-02	0.000000e+00	2.487471e-01	
934	1.804400e-02	0.000000e+00	2.438214e-01	
935	1.806400e-02	0.000000e+00	2.389933e-01	
936	1.808400e-02	0.000000e+00	2.342607e-01	
937	1.810400e-02	0.000000e+00	2.296219e-01	
938	1.812400e-02	0.000000e+00	2.250749e-01	
939	1.814400e-02	0.000000e+00	2.206180e-01	
940	1.816400e-02	0.000000e+00	2.162493e-01	
941	1.818400e-02	0.000000e+00	2.119672e-01	
942	1.820400e-02	0.000000e+00	2.077698e-01	
943	1.822400e-02	0.000000e+00	2.036555e-01	
944	1.824400e-02	0.000000e+00	1.996228e-01	
945	1.826400e-02	0.000000e+00	1.956698e-01	
946	1.828400e-02	0.000000e+00	1.917952e-01	
947	1.830400e-02	0.000000e+00	1.879973e-01	
948	1.832400e-02	0.000000e+00	1.842745e-01	
949	1.834400e-02	0.000000e+00	1.806255e-01	
950	1.836400e-02	0.000000e+00	1.770488e-01	
951	1.838400e-02	0.000000e+00	1.735429e-01	
952	1.840400e-02	0.000000e+00	1.701064e-01	
953	1.842400e-02	0.000000e+00	1.667379e-01	
954	1.844400e-02	0.000000e+00	1.634362e-01	
955	1.846400e-02	0.000000e+00	1.601998e-01	
956	1.848400e-02	0.000000e+00	1.570276e-01	
957	1.850400e-02	0.000000e+00	1.539181e-01	
958	1.852400e-02	0.000000e+00	1.508702e-01	
959	1.854400e-02	0.000000e+00	1.478827e-01	
960	1.856400e-02	0.000000e+00	1.449543e-01	
961	1.858400e-02	0.000000e+00	1.420839e-01	
962	1.860400e-02	0.000000e+00	1.392704e-01	
963	1.862400e-02	0.000000e+00	1.365126e-01	
964	1.864400e-02	0.000000e+00	1.338093e-01	
965	1.866400e-02	0.000000e+00	1.311597e-01	
966	1.868400e-02	0.000000e+00	1.285624e-01	
967	1.870400e-02	0.000000e+00	1.260166e-01	
968	1.872400e-02	0.000000e+00	1.235213e-01	
969	1.874400e-02	0.000000e+00	1.210753e-01	
970	1.876400e-02	0.000000e+00	1.186778e-01	
971	1.878400e-02	0.000000e+00	1.163277e-01	
972	1.880400e-02	0.000000e+00	1.140242e-01	
973	1.882400e-02	0.000000e+00	1.117663e-01	
974	1.884400e-02	0.000000e+00	1.095531e-01	
975	1.886400e-02	0.000000e+00	1.073837e-01	
976	1.888400e-02	0.000000e+00	1.052573e-01	
977	1.890400e-02	0.000000e+00	1.031730e-01	
978	1.892400e-02	0.000000e+00	1.011300e-01	
979	1.894400e-02	0.000000e+00	9.912741e-02	
980	1.896400e-02	0.000000e+00	9.716449e-02	
981	1.898400e-02	0.000000e+00	9.524044e-02	
982	1.900400e-02	0.000000e+00	9.335450e-02	

Index   time            v(1)            v(2)            
--------------------------------------------------------------------------------
983	1.902400e-02	0.000000e+00	9.150589e-02	
984	1.904400e-02	0.000000e+00	8.969389e-02	
985	1.906400e-02	0.000000e+00	8.791778e-02	
986	1.908400e-02	0.000000e+00	8.617683e-02	
987	1.910400e-02	0.000000e+00	8.447036e-02	
988	1.912400e-02	0.000000e+00	8.279768e-02	
989	1.914400e-02	0.000000e+00	8.115812e-02	
990	1.916400e-02	0.000000e+00	7.955103e-02	
991	1.918400e-02	0.000000e+00	7.797576e-02	
992	1.920400e-02	0.000000e+00	7.643169e-02	
993	1.922400e-02	0.000000e+00	7.491819e-02	
994	1.924400e-02	0.000000e+00	7.343466e-02	
995	1.926400e-02	0.000000e+00	7.198051e-02	
996	1.928400e-02	0.000000e+00	7.055515e-02	
997	1.930400e-02	0.000000e+00	6.915802e-02	
998	1.932400e-02	0.000000e+00	6.778855e-02	
999	1.934400e-02	0.000000e+00	6.644621e-02	
1000	1.936400e-02	0.000000e+00	6.513044e-02	
1001	1.938400e-02	0.000000e+00	6.384073e-02	
1002	1.940400e-02	0.000000e+00	6.257656e-02	
1003	1.942400e-02	0.000000e+00	6.133742e-02	
1004	1.944400e-02	0.000000e+00	6.012281e-02	
1005	1.946400e-02	0.000000e+00	5.893226e-02	
1006	1.948400e-02	0.000000e+00	5.776529e-02	
1007	1.950400e-02	0.000000e+00	5.662142e-02	
1008	1.952400e-02	0.000000e+00	5.550020e-02	
1009	1.954400e-02	0.000000e+00	5.440119e-02	
1010	1.956400e-02	0.000000e+00	5.332394e-02	
1011	1.958400e-02	0.000000e+00	5.226802e-02	
1012	1.960400e-02	0.000000e+00	5.123301e-02	
1013	1.962400e-02	0.000000e+00	5.021849e-02	
1014	1.964400e-02	0.000000e+00	4.922407e-02	
1015	1.966400e-02	0.000000e+00	4.824933e-02	
1016	1.968400e-02	0.000000e+00	4.729390e-02	
1017	1.970400e-02	0.000000e+00	4.635739e-02	
1018	1.972400e-02	0.000000e+00	4.543942e-02	
1019	1.974400e-02	0.000000e+00	4.453963e-02	
1020	1.976400e-02	0.000000e+00	4.365766e-02	
1021	1.978400e-02	0.000000e+00	4.279315e-02	
1022	1.980400e-02	0.000000e+00	4.194576e-02	
1023	1.982400e-02	0.000000e+00	4.111515e-02	
1024	1.984400e-02	0.000000e+00	4.030099e-02	
1025	1.986400e-02	0.000000e+00	3.950295e-02	
1026	1.988400e-02	0.000000e+00	3.872071e-02	
1027	1.990400e-02	0.000000e+00	3.795397e-02	
1028	1.992400e-02	0.000000e+00	3.720240e-02	
1029	1.994400e-02	0.000000e+00	3.646572e-02	
1030	1.996400e-02	0.000000e+00	3.574363e-02	
1031	1.998400e-02	0.000000e+00	3.503583e-02	
1032	2.000000e-02	0.000000e+00	3.447971e-02	
1033	2.000200e-02	5.000000e-01	3.540889e-02	
1034	2.000600e-02	1.500000e+00	3.925955e-02	
1035	2.001400e-02	3.500000e+00	5.886705e-02	
1036	2.002000e-02	5.000000e+00	8.393863e-02	
1037	2.002145e-02	5.000000e+00	9.106940e-02	
1038	2.002436e-02	5.000000e+00	1.053102e-01	
1039	2.003017e-02	5.000000e+00	1.336682e-01	
1040	2.004179e-02	5.000000e+00	1.898926e-01	

Index   time            v(1)            v(2)            
--------------------------------------------------------------------------------
1041	2.006179e-02	5.000000e+00	2.851422e-01	
1042	2.008179e-02	5.000000e+00	3.785057e-01	
1043	2.010179e-02	5.000000e+00	4.700205e-01	
1044	2.012179e-02	5.000000e+00	5.597230e-01	
1045	2.014179e-02	5.000000e+00	6.476493e-01	
1046	2.016179e-02	5.000000e+00	7.338345e-01	
1047	2.018179e-02	5.000000e+00	8.183130e-01	
1048	2.020179e-02	5.000000e+00	9.011187e-01	
1049	2.022179e-02	5.000000e+00	9.822846e-01	
1050	2.024179e-02	5.000000e+00	1.061843e+00	
1051	2.026179e-02	5.000000e+00	1.139827e+00	
1052	2.028179e-02	5.000000e+00	1.216266e+00	
1053	2.030179e-02	5.000000e+00	1.291191e+00	
1054	2.032179e-02	5.000000e+00	1.364633e+00	
1055	2.034179e-02	5.000000e+00	1.436620e+00	
1056	2.036179e-02	5.000000e+00	1.507182e+00	
1057	2.038179e-02	5.000000e+00	1.576347e+00	
1058	2.040179e-02	5.000000e+00	1.644142e+00	
1059	2.042179e-02	5.000000e+00	1.710595e+00	
1060	2.044179e-02	5.000000e+00	1.775732e+00	
1061	2.046179e-02	5.000000e+00	1.839578e+00	
1062	2.048179e-02	5.000000e+00	1.902161e+00	
1063	2.050179e-02	5.000000e+00	1.963504e+00	
1064	2.052179e-02	5.000000e+00	2.023633e+00	
1065	2.054179e-02	5.000000e+00	2.082571e+00	
1066	2.056179e-02	5.000000e+00	2.140342e+00	
1067	2.058179e-02	5.000000e+00	2.196969e+00	
1068	2.060179e-02	5.000000e+00	2.252474e+00	
1069	2.062179e-02	5.000000e+00	2.306881e+00	
1070	2.064179e-02	5.000000e+00	2.360210e+00	
1071	2.066179e-02	5.000000e+00	2.412483e+00	
1072	2.068179e-02	5.000000e+00	2.463721e+00	
1073	2.070179e-02	5.000000e+00	2.513944e+00	
1074	2.072179e-02	5.000000e+00	2.563173e+00	
1075	2.074179e-02	5.000000e+00	2.611427e+00	
1076	2.076179e-02	5.000000e+00	2.658726e+00	
1077	2.078179e-02	5.000000e+00	2.705087e+00	
1078	2.080179e-02	5.000000e+00	2.750531e+00	
1079	2.082179e-02	5.000000e+00	2.795075e+00	
1080	2.084179e-02	5.000000e+00	2.838737e+00	
1081	2.086179e-02	5.000000e+00	2.881534e+00	
1082	2.088179e-02	5.000000e+00	2.923484e+00	
1083	2.090179e-02	5.000000e+00	2.964603e+00	
1084	2.092179e-02	5.000000e+00	3.004908e+00	
1085	2.094179e-02	5.000000e+00	3.044415e+00	
1086	2.096179e-02	5.000000e+00	3.083139e+00	
1087	2.098179e-02	5.000000e+00	3.121097e+00	
1088	2.100179e-02	5.000000e+00	3.158303e+00	
1089	2.102179e-02	5.000000e+00	3.194772e+00	
1090	2.104179e-02	5.000000e+00	3.230519e+00	
1091	2.106179e-02	5.000000e+00	3.265559e+00	
1092	2.108179e-02	5.000000e+00	3.299904e+00	
1093	2.110179e-02	5.000000e+00	3.333569e+00	
1094	2.112179e-02	5.000000e+00	3.366568e+00	
1095	2.114179e-02	5.000000e+00	3.398913e+00	
1096	2.116179e-02	5.000000e+00	3.430618e+00	
1097	2.118179e-02	5.000000e+00	3.461695e+00	
1098	2.120179e-02	5.000000e+00	3.492156e+00	

Index   time            v(1)            v(2)            
--------------------------------------------------------------------------------
1099	2.122179e-02	5.000000e+00	3.522014e+00	
1100	2.124179e-02	5.000000e+00	3.551281e+00	
1101	2.126179e-02	5.000000e+00	3.579969e+00	
1102	2.128179e-02	5.000000e+00	3.608088e+00	
1103	2.130179e-02	5.000000e+00	3.635651e+00	
1104	2.132179e-02	5.000000e+00	3.662668e+00	
1105	2.134179e-02	5.000000e+00	3.689150e+00	
1106	2.136179e-02	5.000000e+00	3.715107e+00	
1107	2.138179e-02	5.000000e+00	3.740550e+00	
1108	2.140179e-02	5.000000e+00	3.765490e+00	
1109	2.142179e-02	5.000000e+00	3.789936e+00	
1110	2.144179e-02	5.000000e+00	3.813897e+00	
1111	2.146179e-02	5.000000e+00	3.837385e+00	
1112	2.148179e-02	5.000000e+00	3.860407e+00	
1113	2.150179e-02	5.000000e+00	3.882973e+00	
1114	2.152179e-02	5.000000e+00	3.905092e+00	
1115	2.154179e-02	5.000000e+00	3.926774e+00	
1116	2.156179e-02	5.000000e+00	3.948026e+00	
1117	2.158179e-02	5.000000e+00	3.968857e+00	
1118	2.160179e-02	5.000000e+00	3.989275e+00	
1119	2.162179e-02	5.000000e+00	4.009290e+00	
1120	2.164179e-02	5.000000e+00	4.028908e+00	
1121	2.166179e-02	5.000000e+00	4.048137e+00	
1122	2.168179e-02	5.000000e+00	4.066986e+00	
1123	2.170179e-02	5.000000e+00	4.085462e+00	
1124	2.172179e-02	5.000000e+00	4.103571e+00	
1125	2.174179e-02	5.000000e+00	4.121322e+00	
1126	2.176179e-02	5.000000e+00	4.138722e+00	
1127	2.178179e-02	5.000000e+00	4.155777e+00	
1128	2.180179e-02	5.000000e+00	4.172494e+00	
1129	2.182179e-02	5.000000e+00	4.188881e+00	
1130	2.184179e-02	5.000000e+00	4.204942e+00	
1131	2.186179e-02	5.000000e+00	4.220686e+00	
1132	2.188179e-02	5.000000e+00	4.236118e+00	
1133	2.190179e-02	5.000000e+00	4.251244e+00	
1134	2.192179e-02	5.000000e+00	4.266071e+00	
1135	2.194179e-02	5.000000e+00	4.280604e+00	
1136	2.196179e-02	5.000000e+00	4.294850e+00	
1137	2.198179e-02	5.000000e+00	4.308813e+00	
1138	2.200179e-02	5.000000e+00	4.322500e+00	
1139	2.202179e-02	5.000000e+00	4.335916e+00	
1140	2.204179e-02	5.000000e+00	4.349066e+00	
1141	2.206179e-02	5.000000e+00	4.361956e+00	
1142	2.208179e-02	5.000000e+00	4.374590e+00	
1143	2.210179e-02	5.000000e+00	4.386975e+00	
1144	2.212179e-02	5.000000e+00	4.399114e+00	
1145	2.214179e-02	5.000000e+00	4.411013e+00	
1146	2.216179e-02	5.000000e+00	4.422676e+00	
1147	2.218179e-02	5.000000e+00	4.434108e+00	
1148	2.220179e-02	5.000000e+00	4.445314e+00	
1149	2.222179e-02	5.000000e+00	4.456298e+00	
1150	2.224179e-02	5.000000e+00	4.467064e+00	
1151	2.226179e-02	5.000000e+00	4.477617e+00	
1152	2.228179e-02	5.000000e+00	4.487961e+00	
1153	2.230179e-02	5.000000e+00	4.498101e+00	
1154	2.232179e-02	5.000000e+00	4.508039e+00	
1155	2.234179e-02	5.000000e+00	4.517781e+00	
1156	2.236179e-02	5.000000e+00	4.527330e+00	

Index   time            v(1)            v(2)            
--------------------------------------------------------------------------------
1157	2.238179e-02	5.000000e+00	4.536690e+00	
1158	2.240179e-02	5.000000e+00	4.545864e+00	
1159	2.242179e-02	5.000000e+00	4.554857e+00	
1160	2.244179e-02	5.000000e+00	4.563672e+00	
1161	2.246179e-02	5.000000e+00	4.572312e+00	
1162	2.248179e-02	5.000000e+00	4.580781e+00	
1163	2.250179e-02	5.000000e+00	4.589082e+00	
1164	2.252179e-02	5.000000e+00	4.597219e+00	
1165	2.254179e-02	5.000000e+00	4.605195e+00	
1166	2.256179e-02	5.000000e+00	4.613013e+00	
1167	2.258179e-02	5.000000e+00	4.620676e+00	
1168	2.260179e-02	5.000000e+00	4.628188e+00	
1169	2.262179e-02	5.000000e+00	4.635550e+00	
1170	2.264179e-02	5.000000e+00	4.642767e+00	
1171	2.266179e-02	5.000000e+00	4.649841e+00	
1172	2.268179e-02	5.000000e+00	4.656775e+00	
1173	2.270179e-02	5.000000e+00	4.663571e+00	
1174	2.272179e-02	5.000000e+00	4.670233e+00	
1175	2.274179e-02	5.000000e+00	4.676763e+00	
1176	2.276179e-02	5.000000e+00	4.683164e+00	
1177	2.278179e-02	5.000000e+00	4.689438e+00	
1178	2.280179e-02	5.000000e+00	4.695588e+00	
1179	2.282179e-02	5.000000e+00	4.701616e+00	
1180	2.284179e-02	5.000000e+00	4.707524e+00	
1181	2.286179e-02	5.000000e+00	4.713316e+00	
1182	2.288179e-02	5.000000e+00	4.718993e+00	
1183	2.290179e-02	5.000000e+00	4.724557e+00	
1184	2.292179e-02	5.000000e+00	4.730012e+00	
1185	2.294179e-02	5.000000e+00	4.735358e+00	
1186	2.296179e-02	5.000000e+00	4.740598e+00	
1187	2.298179e-02	5.000000e+00	4.745735e+00	
1188	2.300179e-02	5.000000e+00	4.750770e+00	
1189	2.302179e-02	5.000000e+00	4.755705e+00	
1190	2.304179e-02	5.000000e+00	4.760543e+00	
1191	2.306179e-02	5.000000e+00	4.765285e+00	
1192	2.308179e-02	5.000000e+00	4.769932e+00	
1193	2.310179e-02	5.000000e+00	4.774488e+00	
1194	2.312179e-02	5.000000e+00	4.778954e+00	
1195	2.314179e-02	5.000000e+00	4.783331e+00	
1196	2.316179e-02	5.000000e+00	4.787621e+00	
1197	2.318179e-02	5.000000e+00	4.791827e+00	
1198	2.320179e-02	5.000000e+00	4.795949e+00	
1199	2.322179e-02	5.000000e+00	4.799990e+00	
1200	2.324179e-02	5.000000e+00	4.803950e+00	
1201	2.326179e-02	5.000000e+00	4.807833e+00	
1202	2.328179e-02	5.000000e+00	4.811638e+00	
1203	2.330179e-02	5.000000e+00	4.815368e+00	
1204	2.332179e-02	5.000000e+00	4.819024e+00	
1205	2.334179e-02	5.000000e+00	4.822608e+00	
1206	2.336179e-02	5.000000e+00	4.826120e+00	
1207	2.338179e-02	5.000000e+00	4.829563e+00	
1208	2.340179e-02	5.000000e+00	4.832938e+00	
1209	2.342179e-02	5.000000e+00	4.836247e+00	
1210	2.344179e-02	5.000000e+00	4.839489e+00	
1211	2.346179e-02	5.000000e+00	4.842668e+00	
1212	2.348179e-02	5.000000e+00	4.845783e+00	
1213	2.350179e-02	5.000000e+00	4.848837e+00	
1214	2.352179e-02	5.000000e+00	4.851830e+00	

Index   time            v(1)            v(2)            
--------------------------------------------------------------------------------
1215	2.354179e-02	5.000000e+00	4.854764e+00	
1216	2.356179e-02	5.000000e+00	4.857640e+00	
1217	2.358179e-02	5.000000e+00	4.860459e+00	
1218	2.360179e-02	5.000000e+00	4.863222e+00	
1219	2.362179e-02	5.000000e+00	4.865931e+00	
1220	2.364179e-02	5.000000e+00	4.868586e+00	
1221	2.366179e-02	5.000000e+00	4.871188e+00	
1222	2.368179e-02	5.000000e+00	4.873739e+00	
1223	2.370179e-02	5.000000e+00	4.876239e+00	
1224	2.372179e-02	5.000000e+00	4.878690e+00	
1225	2.374179e-02	5.000000e+00	4.881092e+00	
1226	2.376179e-02	5.000000e+00	4.883446e+00	
1227	2.378179e-02	5.000000e+00	4.885754e+00	
1228	2.380179e-02	5.000000e+00	4.888017e+00	
1229	2.382179e-02	5.000000e+00	4.890234e+00	
1230	2.384179e-02	5.000000e+00	4.892408e+00	
1231	2.386179e-02	5.000000e+00	4.894538e+00	
1232	2.388179e-02	5.000000e+00	4.896627e+00	
1233	2.390179e-02	5.000000e+00	4.898674e+00	
1234	2.392179e-02	5.000000e+00	4.900680e+00	
1235	2.394179e-02	5.000000e+00	4.902647e+00	
1236	2.396179e-02	5.000000e+00	4.904575e+00	
1237	2.398179e-02	5.000000e+00	4.906464e+00	
1238	2.400179e-02	5.000000e+00	4.908316e+00	
1239	2.402179e-02	5.000000e+00	4.910132e+00	
1240	2.404179e-02	5.000000e+00	4.911912e+00	
1241	2.406179e-02	5.000000e+00	4.913656e+00	
1242	2.408179e-02	5.000000e+00	4.915366e+00	
1243	2.410179e-02	5.000000e+00	4.917042e+00	
1244	2.412179e-02	5.000000e+00	4.918684e+00	
1245	2.414179e-02	5.000000e+00	4.920295e+00	
1246	2.416179e-02	5.000000e+00	4.921873e+00	
1247	2.418179e-02	5.000000e+00	4.923420e+00	
1248	2.420179e-02	5.000000e+00	4.924936e+00	
1249	2.422179e-02	5.000000e+00	4.926423e+00	
1250	2.424179e-02	5.000000e+00	4.927880e+00	
1251	2.426179e-02	5.000000e+00	4.929308e+00	
1252	2.428179e-02	5.000000e+00	4.930708e+00	
1253	2.430179e-02	5.000000e+00	4.932080e+00	
1254	2.432179e-02	5.000000e+00	4.933425e+00	
1255	2.434179e-02	5.000000e+00	4.934743e+00	
1256	2.436179e-02	5.000000e+00	4.936035e+00	
1257	2.438179e-02	5.000000e+00	4.937302e+00	
1258	2.440179e-02	5.000000e+00	4.938544e+00	
1259	2.442179e-02	5.000000e+00	4.939760e+00	
1260	2.444179e-02	5.000000e+00	4.940953e+00	
1261	2.446179e-02	5.000000e+00	4.942123e+00	
1262	2.448179e-02	5.000000e+00	4.943269e+00	
1263	2.450179e-02	5.000000e+00	4.944392e+00	
1264	2.452179e-02	5.000000e+00	4.945493e+00	
1265	2.454179e-02	5.000000e+00	4.946573e+00	
1266	2.456179e-02	5.000000e+00	4.947631e+00	
1267	2.458179e-02	5.000000e+00	4.948668e+00	
1268	2.460179e-02	5.000000e+00	4.949684e+00	
1269	2.462179e-02	5.000000e+00	4.950680e+00	
1270	2.464179e-02	5.000000e+00	4.951657e+00	
1271	2.466179e-02	5.000000e+00	4.952614e+00	
1272	2.468179e-02	5.000000e+00	4.953553e+00	

Index   time            v(1)            v(2)            
--------------------------------------------------------------------------------
1273	2.470179e-02	5.000000e+00	4.954472e+00	
1274	2.472179e-02	5.000000e+00	4.955374e+00	
1275	2.474179e-02	5.000000e+00	4.956258e+00	
1276	2.476179e-02	5.000000e+00	4.957124e+00	
1277	2.478179e-02	5.000000e+00	4.957973e+00	
1278	2.480179e-02	5.000000e+00	4.958805e+00	
1279	2.482179e-02	5.000000e+00	4.959621e+00	
1280	2.484179e-02	5.000000e+00	4.960420e+00	
1281	2.486179e-02	5.000000e+00	4.961204e+00	
1282	2.488179e-02	5.000000e+00	4.961972e+00	
1283	2.490179e-02	5.000000e+00	4.962725e+00	
1284	2.492179e-02	5.000000e+00	4.963463e+00	
1285	2.494179e-02	5.000000e+00	4.964187e+00	
1286	2.496179e-02	5.000000e+00	4.964896e+00	
1287	2.498179e-02	5.000000e+00	4.965591e+00	
1288	2.500179e-02	5.000000e+00	4.966273e+00	
1289	2.502000e-02	5.000000e+00	4.966881e+00	
1290	2.502200e-02	4.500000e+00	4.965949e+00	
1291	2.502600e-02	3.500000e+00	4.962093e+00	
1292	2.503400e-02	1.500000e+00	4.942475e+00	
1293	2.504000e-02	2.042810e-13	4.917395e+00	
1294	2.504160e-02	0.000000e+00	4.909540e+00	
1295	2.504480e-02	0.000000e+00	4.893855e+00	
1296	2.505120e-02	0.000000e+00	4.862634e+00	
1297	2.506400e-02	0.000000e+00	4.800788e+00	
1298	2.508400e-02	0.000000e+00	4.705723e+00	
1299	2.510400e-02	0.000000e+00	4.612540e+00	
1300	2.512400e-02	0.000000e+00	4.521203e+00	
1301	2.514400e-02	0.000000e+00	4.431674e+00	
1302	2.516400e-02	0.000000e+00	4.343918e+00	
1303	2.518400e-02	0.000000e+00	4.257900e+00	
1304	2.520400e-02	0.000000e+00	4.173585e+00	
1305	2.522400e-02	0.000000e+00	4.090940e+00	
1306	2.524400e-02	0.000000e+00	4.009931e+00	
1307	2.526400e-02	0.000000e+00	3.930527e+00	
1308	2.528400e-02	0.000000e+00	3.852694e+00	
1309	2.530400e-02	0.000000e+00	3.776403e+00	
1310	2.532400e-02	0.000000e+00	3.701623e+00	
1311	2.534400e-02	0.000000e+00	3.628324e+00	
1312	2.536400e-02	0.000000e+00	3.556476e+00	
1313	2.538400e-02	0.000000e+00	3.486050e+00	
1314	2.540400e-02	0.000000e+00	3.417020e+00	
1315	2.542400e-02	0.000000e+00	3.349356e+00	
1316	2.544400e-02	0.000000e+00	3.283032e+00	
1317	2.546400e-02	0.000000e+00	3.218022e+00	
1318	2.548400e-02	0.000000e+00	3.154298e+00	
1319	2.550400e-02	0.000000e+00	3.091837e+00	
1320	2.552400e-02	0.000000e+00	3.030613e+00	
1321	2.554400e-02	0.000000e+00	2.970600e+00	
1322	2.556400e-02	0.000000e+00	2.911777e+00	
1323	2.558400e-02	0.000000e+00	2.854118e+00	
1324	2.560400e-02	0.000000e+00	2.797600e+00	
1325	2.562400e-02	0.000000e+00	2.742202e+00	
1326	2.564400e-02	0.000000e+00	2.687901e+00	
1327	2.566400e-02	0.000000e+00	2.634676e+00	
1328	2.568400e-02	0.000000e+00	2.582504e+00	
1329	2.570400e-02	0.000000e+00	2.531365e+00	
1330	2.572400e-02	0.000000e+00	2.481239e+00	

Index   time            v(1)            v(2)            
--------------------------------------------------------------------------------
1331	2.574400e-02	0.000000e+00	2.432106e+00	
1332	2.576400e-02	0.000000e+00	2.383945e+00	
1333	2.578400e-02	0.000000e+00	2.336738e+00	
1334	2.580400e-02	0.000000e+00	2.290466e+00	
1335	2.582400e-02	0.000000e+00	2.245111e+00	
1336	2.584400e-02	0.000000e+00	2.200653e+00	
1337	2.586400e-02	0.000000e+00	2.157076e+00	
1338	2.588400e-02	0.000000e+00	2.114361e+00	
1339	2.590400e-02	0.000000e+00	2.072493e+00	
1340	2.592400e-02	0.000000e+00	2.031453e+00	
1341	2.594400e-02	0.000000e+00	1.991226e+00	
1342	2.596400e-02	0.000000e+00	1.951796e+00	
1343	2.598400e-02	0.000000e+00	1.913147e+00	
1344	2.600400e-02	0.000000e+00	1.875263e+00	
1345	2.602400e-02	0.000000e+00	1.838129e+00	
1346	2.604400e-02	0.000000e+00	1.801730e+00	
1347	2.606400e-02	0.000000e+00	1.766052e+00	
1348	2.608400e-02	0.000000e+00	1.731081e+00	
1349	2.610400e-02	0.000000e+00	1.696802e+00	
1350	2.612400e-02	0.000000e+00	1.663202e+00	
1351	2.614400e-02	0.000000e+00	1.630267e+00	
1352	2.616400e-02	0.000000e+00	1.597985e+00	
1353	2.618400e-02	0.000000e+00	1.566342e+00	
1354	2.620400e-02	0.000000e+00	1.535325e+00	
1355	2.622400e-02	0.000000e+00	1.504923e+00	
1356	2.624400e-02	0.000000e+00	1.475122e+00	
1357	2.626400e-02	0.000000e+00	1.445912e+00	
1358	2.628400e-02	0.000000e+00	1.417280e+00	
1359	2.630400e-02	0.000000e+00	1.389215e+00	
1360	2.632400e-02	0.000000e+00	1.361706e+00	
1361	2.634400e-02	0.000000e+00	1.334741e+00	
1362	2.636400e-02	0.000000e+00	1.308311e+00	
1363	2.638400e-02	0.000000e+00	1.282404e+00	
1364	2.640400e-02	0.000000e+00	1.257009e+00	
1365	2.642400e-02	0.000000e+00	1.232118e+00	
1366	2.644400e-02	0.000000e+00	1.207720e+00	
1367	2.646400e-02	0.000000e+00	1.183805e+00	
1368	2.648400e-02	0.000000e+00	1.160363e+00	
1369	2.650400e-02	0.000000e+00	1.137385e+00	
1370	2.652400e-02	0.000000e+00	1.114863e+00	
1371	2.654400e-02	0.000000e+00	1.092786e+00	
1372	2.656400e-02	0.000000e+00	1.071147e+00	
1373	2.658400e-02	0.000000e+00	1.049936e+00	
1374	2.660400e-02	0.000000e+00	1.029145e+00	
1375	2.662400e-02	0.000000e+00	1.008766e+00	
1376	2.664400e-02	0.000000e+00	9.887907e-01	
1377	2.666400e-02	0.000000e+00	9.692107e-01	
1378	2.668400e-02	0.000000e+00	9.500184e-01	
1379	2.670400e-02	0.000000e+00	9.312062e-01	
1380	2.672400e-02	0.000000e+00	9.127664e-01	
1381	2.674400e-02	0.000000e+00	8.946919e-01	
1382	2.676400e-02	0.000000e+00	8.769752e-01	
1383	2.678400e-02	0.000000e+00	8.596093e-01	
1384	2.680400e-02	0.000000e+00	8.425874e-01	
1385	2.682400e-02	0.000000e+00	8.259025e-01	
1386	2.684400e-02	0.000000e+00	8.095480e-01	
1387	2.686400e-02	0.000000e+00	7.935173e-01	
1388	2.688400e-02	0.000000e+00	7.778041e-01	

Index   time            v(1)            v(2)            
--------------------------------------------------------------------------------
1389	2.690400e-02	0.000000e+00	7.624020e-01	
1390	2.692400e-02	0.000000e+00	7.473050e-01	
1391	2.694400e-02	0.000000e+00	7.325069e-01	
1392	2.696400e-02	0.000000e+00	7.180018e-01	
1393	2.698400e-02	0.000000e+00	7.037839e-01	
1394	2.700400e-02	0.000000e+00	6.898476e-01	
1395	2.702400e-02	0.000000e+00	6.761872e-01	
1396	2.704400e-02	0.000000e+00	6.627974e-01	
1397	2.706400e-02	0.000000e+00	6.496727e-01	
1398	2.708400e-02	0.000000e+00	6.368079e-01	
1399	2.710400e-02	0.000000e+00	6.241978e-01	
1400	2.712400e-02	0.000000e+00	6.118375e-01	
1401	2.714400e-02	0.000000e+00	5.997219e-01	
1402	2.716400e-02	0.000000e+00	5.878462e-01	
1403	2.718400e-02	0.000000e+00	5.762057e-01	
1404	2.720400e-02	0.000000e+00	5.647957e-01	
1405	2.722400e-02	0.000000e+00	5.536116e-01	
1406	2.724400e-02	0.000000e+00	5.426490e-01	
1407	2.726400e-02	0.000000e+00	5.319035e-01	
1408	2.728400e-02	0.000000e+00	5.213707e-01	
1409	2.730400e-02	0.000000e+00	5.110466e-01	
1410	2.732400e-02	0.000000e+00	5.009268e-01	
1411	2.734400e-02	0.000000e+00	4.910075e-01	
1412	2.736400e-02	0.000000e+00	4.812846e-01	
1413	2.738400e-02	0.000000e+00	4.717542e-01	
1414	2.740400e-02	0.000000e+00	4.624125e-01	
1415	2.742400e-02	0.000000e+00	4.532558e-01	
1416	2.744400e-02	0.000000e+00	4.442805e-01	
1417	2.746400e-02	0.000000e+00	4.354828e-01	
1418	2.748400e-02	0.000000e+00	4.268594e-01	
1419	2.750400e-02	0.000000e+00	4.184067e-01	
1420	2.752400e-02	0.000000e+00	4.101215e-01	
1421	2.754400e-02	0.000000e+00	4.020002e-01	
1422	2.756400e-02	0.000000e+00	3.940398e-01	
1423	2.758400e-02	0.000000e+00	3.862371e-01	
1424	2.760400e-02	0.000000e+00	3.785888e-01	
1425	2.762400e-02	0.000000e+00	3.710920e-01	
1426	2.764400e-02	0.000000e+00	3.637436e-01	
1427	2.766400e-02	0.000000e+00	3.565408e-01	
1428	2.768400e-02	0.000000e+00	3.494806e-01	
1429	2.770400e-02	0.000000e+00	3.425602e-01	
1430	2.772400e-02	0.000000e+00	3.357768e-01	
1431	2.774400e-02	0.000000e+00	3.291278e-01	
1432	2.776400e-02	0.000000e+00	3.226104e-01	
1433	2.778400e-02	0.000000e+00	3.162221e-01	
1434	2.780400e-02	0.000000e+00	3.099602e-01	
1435	2.782400e-02	0.000000e+00	3.038224e-01	
1436	2.784400e-02	0.000000e+00	2.978061e-01	
1437	2.786400e-02	0.000000e+00	2.919090e-01	
1438	2.788400e-02	0.000000e+00	2.861286e-01	
1439	2.790400e-02	0.000000e+00	2.804627e-01	
1440	2.792400e-02	0.000000e+00	2.749090e-01	
1441	2.794400e-02	0.000000e+00	2.694652e-01	
1442	2.796400e-02	0.000000e+00	2.641293e-01	
1443	2.798400e-02	0.000000e+00	2.588990e-01	
1444	2.800400e-02	0.000000e+00	2.537723e-01	
1445	2.802400e-02	0.000000e+00	2.487471e-01	
1446	2.804400e-02	0.000000e+00	2.438214e-01	

Index   time            v(1)            v(2)            
--------------------------------------------------------------------------------
1447	2.806400e-02	0.000000e+00	2.389933e-01	
1448	2.808400e-02	0.000000e+00	2.342607e-01	
1449	2.810400e-02	0.000000e+00	2.296219e-01	
1450	2.812400e-02	0.000000e+00	2.250749e-01	
1451	2.814400e-02	0.000000e+00	2.206180e-01	
1452	2.816400e-02	0.000000e+00	2.162493e-01	
1453	2.818400e-02	0.000000e+00	2.119672e-01	
1454	2.820400e-02	0.000000e+00	2.077698e-01	
1455	2.822400e-02	0.000000e+00	2.036555e-01	
1456	2.824400e-02	0.000000e+00	1.996228e-01	
1457	2.826400e-02	0.000000e+00	1.956698e-01	
1458	2.828400e-02	0.000000e+00	1.917952e-01	
1459	2.830400e-02	0.000000e+00	1.879973e-01	
1460	2.832400e-02	0.000000e+00	1.842745e-01	
1461	2.834400e-02	0.000000e+00	1.806255e-01	
1462	2.836400e-02	0.000000e+00	1.770488e-01	
1463	2.838400e-02	0.000000e+00	1.735429e-01	
1464	2.840400e-02	0.000000e+00	1.701064e-01	
1465	2.842400e-02	0.000000e+00	1.667379e-01	
1466	2.844400e-02	0.000000e+00	1.634362e-01	
1467	2.846400e-02	0.000000e+00	1.601998e-01	
1468	2.848400e-02	0.000000e+00	1.570276e-01	
1469	2.850400e-02	0.000000e+00	1.539181e-01	
1470	2.852400e-02	0.000000e+00	1.508702e-01	
1471	2.854400e-02	0.000000e+00	1.478827e-01	
1472	2.856400e-02	0.000000e+00	1.449543e-01	
1473	2.858400e-02	0.000000e+00	1.420839e-01	
1474	2.860400e-02	0.000000e+00	1.392704e-01	
1475	2.862400e-02	0.000000e+00	1.365126e-01	
1476	2.864400e-02	0.000000e+00	1.338093e-01	
1477	2.866400e-02	0.000000e+00	1.311597e-01	
1478	2.868400e-02	0.000000e+00	1.285624e-01	
1479	2.870400e-02	0.000000e+00	1.260166e-01	
1480	2.872400e-02	0.000000e+00	1.235213e-01	
1481	2.874400e-02	0.000000e+00	1.210753e-01	
1482	2.876400e-02	0.000000e+00	1.186778e-01	
1483	2.878400e-02	0.000000e+00	1.163277e-01	
1484	2.880400e-02	0.000000e+00	1.140242e-01	
1485	2.882400e-02	0.000000e+00	1.117663e-01	
1486	2.884400e-02	0.000000e+00	1.095531e-01	
1487	2.886400e-02	0.000000e+00	1.073837e-01	
1488	2.888400e-02	0.000000e+00	1.052573e-01	
1489	2.890400e-02	0.000000e+00	1.031730e-01	
1490	2.892400e-02	0.000000e+00	1.011300e-01	
1491	2.894400e-02	0.000000e+00	9.912741e-02	
1492	2.896400e-02	0.000000e+00	9.716449e-02	
1493	2.898400e-02	0.000000e+00	9.524044e-02	
1494	2.900400e-02	0.000000e+00	9.335450e-02	
1495	2.902400e-02	0.000000e+00	9.150589e-02	
1496	2.904400e-02	0.000000e+00	8.969389e-02	
1497	2.906400e-02	0.000000e+00	8.791778e-02	
1498	2.908400e-02	0.000000e+00	8.617683e-02	
1499	2.910400e-02	0.000000e+00	8.447036e-02	
1500	2.912400e-02	0.000000e+00	8.279768e-02	
1501	2.914400e-02	0.000000e+00	8.115812e-02	
1502	2.916400e-02	0.000000e+00	7.955103e-02	
1503	2.918400e-02	0.000000e+00	7.797576e-02	
1504	2.920400e-02	0.000000e+00	7.643169e-02	

Index   time            v(1)            v(2)            
--------------------------------------------------------------------------------
1505	2.922400e-02	0.000000e+00	7.491819e-02	
1506	2.924400e-02	0.000000e+00	7.343466e-02	
1507	2.926400e-02	0.000000e+00	7.198051e-02	
1508	2.928400e-02	0.000000e+00	7.055515e-02	
1509	2.930400e-02	0.000000e+00	6.915802e-02	
1510	2.932400e-02	0.000000e+00	6.778855e-02	
1511	2.934400e-02	0.000000e+00	6.644621e-02	
1512	2.936400e-02	0.000000e+00	6.513044e-02	
1513	2.938400e-02	0.000000e+00	6.384073e-02	
1514	2.940400e-02	0.000000e+00	6.257656e-02	
1515	2.942400e-02	0.000000e+00	6.133742e-02	
1516	2.944400e-02	0.000000e+00	6.012281e-02	
1517	2.946400e-02	0.000000e+00	5.893226e-02	
1518	2.948400e-02	0.000000e+00	5.776529e-02	
1519	2.950400e-02	0.000000e+00	5.662142e-02	
1520	2.952400e-02	0.000000e+00	5.550020e-02	
1521	2.954400e-02	0.000000e+00	5.440119e-02	
1522	2.956400e-02	0.000000e+00	5.332394e-02	
1523	2.958400e-02	0.000000e+00	5.226802e-02	
1524	2.960400e-02	0.000000e+00	5.123301e-02	
1525	2.962400e-02	0.000000e+00	5.021849e-02	
1526	2.964400e-02	0.000000e+00	4.922407e-02	
1527	2.966400e-02	0.000000e+00	4.824933e-02	
1528	2.968400e-02	0.000000e+00	4.729390e-02	
1529	2.970400e-02	0.000000e+00	4.635739e-02	
1530	2.972400e-02	0.000000e+00	4.543942e-02	
1531	2.974400e-02	0.000000e+00	4.453963e-02	
1532	2.976400e-02	0.000000e+00	4.365766e-02	
1533	2.978400e-02	0.000000e+00	4.279315e-02	
1534	2.980400e-02	0.000000e+00	4.194576e-02	
1535	2.982400e-02	0.000000e+00	4.111515e-02	
1536	2.984400e-02	0.000000e+00	4.030099e-02	
1537	2.986400e-02	0.000000e+00	3.950295e-02	
1538	2.988400e-02	0.000000e+00	3.872071e-02	
1539	2.990400e-02	0.000000e+00	3.795397e-02	
1540	2.992400e-02	0.000000e+00	3.720240e-02	
1541	2.994400e-02	0.000000e+00	3.646572e-02	
1542	2.996400e-02	0.000000e+00	3.574363e-02	
1543	2.998400e-02	0.000000e+00	3.503583e-02	
1544	3.000000e-02	0.000000e+00	3.447971e-02	
