
Circuit: rc lowpass filter

                               rc lowpass filter
                               AC Analysis  Tue Jan 11 14:41:36  2022
--------------------------------------------------------------------------------
Index   frequency       vdb(2)          
--------------------------------------------------------------------------------
0	1.000000e+00	-1.71449e-04	
1	1.258925e+00	-2.71726e-04	
2	1.584893e+00	-4.30648e-04	
3	1.995262e+00	-6.82511e-04	
4	2.511886e+00	-1.08166e-03	
5	3.162278e+00	-1.71419e-03	
6	3.981072e+00	-2.71649e-03	
7	5.011872e+00	-4.30456e-03	
8	6.309573e+00	-6.82029e-03	
9	7.943282e+00	-1.08045e-02	
10	1.000000e+01	-1.71115e-02	
11	1.258925e+01	-2.70887e-02	
12	1.584893e+01	-4.28548e-02	
13	1.995262e+01	-6.77257e-02	
14	2.511886e+01	-1.06854e-01	
15	3.162278e+01	-1.68155e-01	
16	3.981072e+01	-2.63572e-01	
17	5.011872e+01	-4.10630e-01	
18	6.309573e+01	-6.33958e-01	
19	7.943282e+01	-9.65944e-01	
20	1.000000e+02	-1.44507e+00	
21	1.258925e+02	-2.11038e+00	
22	1.584893e+02	-2.99214e+00	
23	1.995262e+02	-4.10214e+00	
24	2.511886e+02	-5.42940e+00	
25	3.162278e+02	-6.94416e+00	
26	3.981072e+02	-8.60752e+00	
27	5.011872e+02	-1.03808e+01	
28	6.309573e+02	-1.22315e+01	
29	7.943282e+02	-1.41345e+01	
30	1.000000e+03	-1.60722e+01	
31	1.258925e+03	-1.80325e+01	
32	1.584893e+03	-2.00072e+01	
33	1.995262e+03	-2.19911e+01	
34	2.511886e+03	-2.39810e+01	
35	3.162278e+03	-2.59746e+01	
36	3.981072e+03	-2.79705e+01	
37	5.011872e+03	-2.99680e+01	
38	6.309573e+03	-3.19664e+01	
39	7.943282e+03	-3.39653e+01	
40	1.000000e+04	-3.59647e+01	
41	1.258925e+04	-3.79643e+01	
42	1.584893e+04	-3.99640e+01	
43	1.995262e+04	-4.19639e+01	
44	2.511886e+04	-4.39638e+01	
45	3.162278e+04	-4.59637e+01	
46	3.981072e+04	-4.79637e+01	
47	5.011872e+04	-4.99636e+01	
48	6.309573e+04	-5.19636e+01	
49	7.943282e+04	-5.39636e+01	
50	1.000000e+05	-5.59636e+01	
51	1.258925e+05	-5.79636e+01	
52	1.584893e+05	-5.99636e+01	
53	1.995262e+05	-6.19636e+01	
54	2.511886e+05	-6.39636e+01	

Index   frequency       vdb(2)          
--------------------------------------------------------------------------------
55	3.162278e+05	-6.59636e+01	
56	3.981072e+05	-6.79636e+01	
57	5.011872e+05	-6.99636e+01	
58	6.309573e+05	-7.19636e+01	
59	7.943282e+05	-7.39636e+01	
60	1.000000e+06	-7.59636e+01	
