
Circuit: rlc bandpass filter

                              rlc bandpass filter
                              AC Analysis  Wed Jan 12 23:19:05  2022
--------------------------------------------------------------------------------
Index   frequency       vdb(3)          
--------------------------------------------------------------------------------
0	1.000000e+00	-6.40364e+01	
1	1.023293e+00	-6.38364e+01	
2	1.047129e+00	-6.36364e+01	
3	1.071519e+00	-6.34364e+01	
4	1.096478e+00	-6.32364e+01	
5	1.122018e+00	-6.30364e+01	
6	1.148154e+00	-6.28364e+01	
7	1.174898e+00	-6.26364e+01	
8	1.202264e+00	-6.24364e+01	
9	1.230269e+00	-6.22364e+01	
10	1.258925e+00	-6.20364e+01	
11	1.288250e+00	-6.18364e+01	
12	1.318257e+00	-6.16364e+01	
13	1.348963e+00	-6.14364e+01	
14	1.380384e+00	-6.12364e+01	
15	1.412538e+00	-6.10364e+01	
16	1.445440e+00	-6.08364e+01	
17	1.479108e+00	-6.06364e+01	
18	1.513561e+00	-6.04364e+01	
19	1.548817e+00	-6.02364e+01	
20	1.584893e+00	-6.00364e+01	
21	1.621810e+00	-5.98364e+01	
22	1.659587e+00	-5.96364e+01	
23	1.698244e+00	-5.94364e+01	
24	1.737801e+00	-5.92364e+01	
25	1.778279e+00	-5.90364e+01	
26	1.819701e+00	-5.88364e+01	
27	1.862087e+00	-5.86364e+01	
28	1.905461e+00	-5.84364e+01	
29	1.949845e+00	-5.82364e+01	
30	1.995262e+00	-5.80364e+01	
31	2.041738e+00	-5.78364e+01	
32	2.089296e+00	-5.76364e+01	
33	2.137962e+00	-5.74364e+01	
34	2.187762e+00	-5.72364e+01	
35	2.238721e+00	-5.70364e+01	
36	2.290868e+00	-5.68364e+01	
37	2.344229e+00	-5.66364e+01	
38	2.398833e+00	-5.64364e+01	
39	2.454709e+00	-5.62364e+01	
40	2.511886e+00	-5.60364e+01	
41	2.570396e+00	-5.58364e+01	
42	2.630268e+00	-5.56364e+01	
43	2.691535e+00	-5.54364e+01	
44	2.754229e+00	-5.52364e+01	
45	2.818383e+00	-5.50364e+01	
46	2.884032e+00	-5.48364e+01	
47	2.951209e+00	-5.46364e+01	
48	3.019952e+00	-5.44364e+01	
49	3.090295e+00	-5.42364e+01	
50	3.162278e+00	-5.40364e+01	
51	3.235937e+00	-5.38364e+01	
52	3.311311e+00	-5.36364e+01	
53	3.388442e+00	-5.34364e+01	
54	3.467369e+00	-5.32364e+01	

Index   frequency       vdb(3)          
--------------------------------------------------------------------------------
55	3.548134e+00	-5.30364e+01	
56	3.630781e+00	-5.28364e+01	
57	3.715352e+00	-5.26364e+01	
58	3.801894e+00	-5.24364e+01	
59	3.890451e+00	-5.22364e+01	
60	3.981072e+00	-5.20364e+01	
61	4.073803e+00	-5.18364e+01	
62	4.168694e+00	-5.16364e+01	
63	4.265795e+00	-5.14364e+01	
64	4.365158e+00	-5.12364e+01	
65	4.466836e+00	-5.10364e+01	
66	4.570882e+00	-5.08364e+01	
67	4.677351e+00	-5.06364e+01	
68	4.786301e+00	-5.04364e+01	
69	4.897788e+00	-5.02364e+01	
70	5.011872e+00	-5.00364e+01	
71	5.128614e+00	-4.98364e+01	
72	5.248075e+00	-4.96364e+01	
73	5.370318e+00	-4.94364e+01	
74	5.495409e+00	-4.92364e+01	
75	5.623413e+00	-4.90364e+01	
76	5.754399e+00	-4.88364e+01	
77	5.888437e+00	-4.86365e+01	
78	6.025596e+00	-4.84365e+01	
79	6.165950e+00	-4.82365e+01	
80	6.309573e+00	-4.80365e+01	
81	6.456542e+00	-4.78365e+01	
82	6.606934e+00	-4.76365e+01	
83	6.760830e+00	-4.74365e+01	
84	6.918310e+00	-4.72365e+01	
85	7.079458e+00	-4.70365e+01	
86	7.244360e+00	-4.68365e+01	
87	7.413102e+00	-4.66365e+01	
88	7.585776e+00	-4.64365e+01	
89	7.762471e+00	-4.62365e+01	
90	7.943282e+00	-4.60365e+01	
91	8.128305e+00	-4.58365e+01	
92	8.317638e+00	-4.56365e+01	
93	8.511380e+00	-4.54365e+01	
94	8.709636e+00	-4.52365e+01	
95	8.912509e+00	-4.50365e+01	
96	9.120108e+00	-4.48365e+01	
97	9.332543e+00	-4.46365e+01	
98	9.549926e+00	-4.44365e+01	
99	9.772372e+00	-4.42365e+01	
100	1.000000e+01	-4.40365e+01	
101	1.023293e+01	-4.38365e+01	
102	1.047129e+01	-4.36366e+01	
103	1.071519e+01	-4.34366e+01	
104	1.096478e+01	-4.32366e+01	
105	1.122018e+01	-4.30366e+01	
106	1.148154e+01	-4.28366e+01	
107	1.174898e+01	-4.26366e+01	
108	1.202264e+01	-4.24366e+01	
109	1.230269e+01	-4.22366e+01	
110	1.258925e+01	-4.20366e+01	
111	1.288250e+01	-4.18366e+01	
112	1.318257e+01	-4.16366e+01	

Index   frequency       vdb(3)          
--------------------------------------------------------------------------------
113	1.348963e+01	-4.14367e+01	
114	1.380384e+01	-4.12367e+01	
115	1.412538e+01	-4.10367e+01	
116	1.445440e+01	-4.08367e+01	
117	1.479108e+01	-4.06367e+01	
118	1.513561e+01	-4.04367e+01	
119	1.548817e+01	-4.02367e+01	
120	1.584893e+01	-4.00367e+01	
121	1.621810e+01	-3.98368e+01	
122	1.659587e+01	-3.96368e+01	
123	1.698244e+01	-3.94368e+01	
124	1.737801e+01	-3.92368e+01	
125	1.778279e+01	-3.90368e+01	
126	1.819701e+01	-3.88369e+01	
127	1.862087e+01	-3.86369e+01	
128	1.905461e+01	-3.84369e+01	
129	1.949845e+01	-3.82369e+01	
130	1.995262e+01	-3.80369e+01	
131	2.041738e+01	-3.78370e+01	
132	2.089296e+01	-3.76370e+01	
133	2.137962e+01	-3.74370e+01	
134	2.187762e+01	-3.72371e+01	
135	2.238721e+01	-3.70371e+01	
136	2.290868e+01	-3.68371e+01	
137	2.344229e+01	-3.66372e+01	
138	2.398833e+01	-3.64372e+01	
139	2.454709e+01	-3.62372e+01	
140	2.511886e+01	-3.60373e+01	
141	2.570396e+01	-3.58373e+01	
142	2.630268e+01	-3.56374e+01	
143	2.691535e+01	-3.54374e+01	
144	2.754229e+01	-3.52374e+01	
145	2.818383e+01	-3.50375e+01	
146	2.884032e+01	-3.48375e+01	
147	2.951209e+01	-3.46376e+01	
148	3.019952e+01	-3.44377e+01	
149	3.090295e+01	-3.42377e+01	
150	3.162278e+01	-3.40378e+01	
151	3.235937e+01	-3.38378e+01	
152	3.311311e+01	-3.36379e+01	
153	3.388442e+01	-3.34380e+01	
154	3.467369e+01	-3.32381e+01	
155	3.548134e+01	-3.30381e+01	
156	3.630781e+01	-3.28382e+01	
157	3.715352e+01	-3.26383e+01	
158	3.801894e+01	-3.24384e+01	
159	3.890451e+01	-3.22385e+01	
160	3.981072e+01	-3.20386e+01	
161	4.073803e+01	-3.18387e+01	
162	4.168694e+01	-3.16388e+01	
163	4.265795e+01	-3.14389e+01	
164	4.365158e+01	-3.12390e+01	
165	4.466836e+01	-3.10391e+01	
166	4.570882e+01	-3.08393e+01	
167	4.677351e+01	-3.06394e+01	
168	4.786301e+01	-3.04395e+01	
169	4.897788e+01	-3.02397e+01	
170	5.011872e+01	-3.00398e+01	

Index   frequency       vdb(3)          
--------------------------------------------------------------------------------
171	5.128614e+01	-2.98400e+01	
172	5.248075e+01	-2.96402e+01	
173	5.370318e+01	-2.94404e+01	
174	5.495409e+01	-2.92405e+01	
175	5.623413e+01	-2.90407e+01	
176	5.754399e+01	-2.88409e+01	
177	5.888437e+01	-2.86412e+01	
178	6.025596e+01	-2.84414e+01	
179	6.165950e+01	-2.82416e+01	
180	6.309573e+01	-2.80419e+01	
181	6.456542e+01	-2.78421e+01	
182	6.606934e+01	-2.76424e+01	
183	6.760830e+01	-2.74427e+01	
184	6.918310e+01	-2.72430e+01	
185	7.079458e+01	-2.70433e+01	
186	7.244360e+01	-2.68436e+01	
187	7.413102e+01	-2.66439e+01	
188	7.585776e+01	-2.64443e+01	
189	7.762471e+01	-2.62447e+01	
190	7.943282e+01	-2.60450e+01	
191	8.128305e+01	-2.58455e+01	
192	8.317638e+01	-2.56459e+01	
193	8.511380e+01	-2.54463e+01	
194	8.709636e+01	-2.52468e+01	
195	8.912509e+01	-2.50473e+01	
196	9.120108e+01	-2.48478e+01	
197	9.332543e+01	-2.46483e+01	
198	9.549926e+01	-2.44489e+01	
199	9.772372e+01	-2.42495e+01	
200	1.000000e+02	-2.40501e+01	
201	1.023293e+02	-2.38507e+01	
202	1.047129e+02	-2.36514e+01	
203	1.071519e+02	-2.34521e+01	
204	1.096478e+02	-2.32529e+01	
205	1.122018e+02	-2.30536e+01	
206	1.148154e+02	-2.28544e+01	
207	1.174898e+02	-2.26553e+01	
208	1.202264e+02	-2.24562e+01	
209	1.230269e+02	-2.22571e+01	
210	1.258925e+02	-2.20581e+01	
211	1.288250e+02	-2.18591e+01	
212	1.318257e+02	-2.16602e+01	
213	1.348963e+02	-2.14613e+01	
214	1.380384e+02	-2.12625e+01	
215	1.412538e+02	-2.10637e+01	
216	1.445440e+02	-2.08650e+01	
217	1.479108e+02	-2.06663e+01	
218	1.513561e+02	-2.04677e+01	
219	1.548817e+02	-2.02692e+01	
220	1.584893e+02	-2.00707e+01	
221	1.621810e+02	-1.98723e+01	
222	1.659587e+02	-1.96740e+01	
223	1.698244e+02	-1.94758e+01	
224	1.737801e+02	-1.92776e+01	
225	1.778279e+02	-1.90796e+01	
226	1.819701e+02	-1.88816e+01	
227	1.862087e+02	-1.86837e+01	
228	1.905461e+02	-1.84859e+01	

Index   frequency       vdb(3)          
--------------------------------------------------------------------------------
229	1.949845e+02	-1.82882e+01	
230	1.995262e+02	-1.80907e+01	
231	2.041738e+02	-1.78932e+01	
232	2.089296e+02	-1.76959e+01	
233	2.137962e+02	-1.74987e+01	
234	2.187762e+02	-1.73016e+01	
235	2.238721e+02	-1.71046e+01	
236	2.290868e+02	-1.69078e+01	
237	2.344229e+02	-1.67112e+01	
238	2.398833e+02	-1.65146e+01	
239	2.454709e+02	-1.63183e+01	
240	2.511886e+02	-1.61221e+01	
241	2.570396e+02	-1.59261e+01	
242	2.630268e+02	-1.57303e+01	
243	2.691535e+02	-1.55347e+01	
244	2.754229e+02	-1.53393e+01	
245	2.818383e+02	-1.51441e+01	
246	2.884032e+02	-1.49491e+01	
247	2.951209e+02	-1.47543e+01	
248	3.019952e+02	-1.45598e+01	
249	3.090295e+02	-1.43655e+01	
250	3.162278e+02	-1.41715e+01	
251	3.235937e+02	-1.39778e+01	
252	3.311311e+02	-1.37843e+01	
253	3.388442e+02	-1.35912e+01	
254	3.467369e+02	-1.33983e+01	
255	3.548134e+02	-1.32058e+01	
256	3.630781e+02	-1.30137e+01	
257	3.715352e+02	-1.28219e+01	
258	3.801894e+02	-1.26304e+01	
259	3.890451e+02	-1.24393e+01	
260	3.981072e+02	-1.22487e+01	
261	4.073803e+02	-1.20584e+01	
262	4.168694e+02	-1.18686e+01	
263	4.265795e+02	-1.16793e+01	
264	4.365158e+02	-1.14904e+01	
265	4.466836e+02	-1.13021e+01	
266	4.570882e+02	-1.11142e+01	
267	4.677351e+02	-1.09269e+01	
268	4.786301e+02	-1.07401e+01	
269	4.897788e+02	-1.05539e+01	
270	5.011872e+02	-1.03683e+01	
271	5.128614e+02	-1.01834e+01	
272	5.248075e+02	-9.99911e+00	
273	5.370318e+02	-9.81551e+00	
274	5.495409e+02	-9.63261e+00	
275	5.623413e+02	-9.45044e+00	
276	5.754399e+02	-9.26905e+00	
277	5.888437e+02	-9.08844e+00	
278	6.025596e+02	-8.90867e+00	
279	6.165950e+02	-8.72974e+00	
280	6.309573e+02	-8.55171e+00	
281	6.456542e+02	-8.37460e+00	
282	6.606934e+02	-8.19844e+00	
283	6.760830e+02	-8.02327e+00	
284	6.918310e+02	-7.84912e+00	
285	7.079458e+02	-7.67604e+00	
286	7.244360e+02	-7.50405e+00	

Index   frequency       vdb(3)          
--------------------------------------------------------------------------------
287	7.413102e+02	-7.33320e+00	
288	7.585776e+02	-7.16352e+00	
289	7.762471e+02	-6.99505e+00	
290	7.943282e+02	-6.82783e+00	
291	8.128305e+02	-6.66191e+00	
292	8.317638e+02	-6.49731e+00	
293	8.511380e+02	-6.33409e+00	
294	8.709636e+02	-6.17229e+00	
295	8.912509e+02	-6.01194e+00	
296	9.120108e+02	-5.85309e+00	
297	9.332543e+02	-5.69578e+00	
298	9.549926e+02	-5.54006e+00	
299	9.772372e+02	-5.38596e+00	
300	1.000000e+03	-5.23353e+00	
301	1.023293e+03	-5.08282e+00	
302	1.047129e+03	-4.93385e+00	
303	1.071519e+03	-4.78669e+00	
304	1.096478e+03	-4.64136e+00	
305	1.122018e+03	-4.49791e+00	
306	1.148154e+03	-4.35638e+00	
307	1.174898e+03	-4.21681e+00	
308	1.202264e+03	-4.07923e+00	
309	1.230269e+03	-3.94370e+00	
310	1.258925e+03	-3.81023e+00	
311	1.288250e+03	-3.67887e+00	
312	1.318257e+03	-3.54966e+00	
313	1.348963e+03	-3.42262e+00	
314	1.380384e+03	-3.29779e+00	
315	1.412538e+03	-3.17520e+00	
316	1.445440e+03	-3.05487e+00	
317	1.479108e+03	-2.93684e+00	
318	1.513561e+03	-2.82112e+00	
319	1.548817e+03	-2.70775e+00	
320	1.584893e+03	-2.59674e+00	
321	1.621810e+03	-2.48810e+00	
322	1.659587e+03	-2.38187e+00	
323	1.698244e+03	-2.27805e+00	
324	1.737801e+03	-2.17665e+00	
325	1.778279e+03	-2.07769e+00	
326	1.819701e+03	-1.98117e+00	
327	1.862087e+03	-1.88710e+00	
328	1.905461e+03	-1.79548e+00	
329	1.949845e+03	-1.70632e+00	
330	1.995262e+03	-1.61962e+00	
331	2.041738e+03	-1.53537e+00	
332	2.089296e+03	-1.45357e+00	
333	2.137962e+03	-1.37421e+00	
334	2.187762e+03	-1.29729e+00	
335	2.238721e+03	-1.22279e+00	
336	2.290868e+03	-1.15070e+00	
337	2.344229e+03	-1.08102e+00	
338	2.398833e+03	-1.01372e+00	
339	2.454709e+03	-9.48785e-01	
340	2.511886e+03	-8.86206e-01	
341	2.570396e+03	-8.25961e-01	
342	2.630268e+03	-7.68030e-01	
343	2.691535e+03	-7.12393e-01	
344	2.754229e+03	-6.59029e-01	

Index   frequency       vdb(3)          
--------------------------------------------------------------------------------
345	2.818383e+03	-6.07916e-01	
346	2.884032e+03	-5.59032e-01	
347	2.951209e+03	-5.12355e-01	
348	3.019952e+03	-4.67861e-01	
349	3.090295e+03	-4.25528e-01	
350	3.162278e+03	-3.85333e-01	
351	3.235937e+03	-3.47253e-01	
352	3.311311e+03	-3.11265e-01	
353	3.388442e+03	-2.77348e-01	
354	3.467369e+03	-2.45479e-01	
355	3.548134e+03	-2.15639e-01	
356	3.630781e+03	-1.87806e-01	
357	3.715352e+03	-1.61962e-01	
358	3.801894e+03	-1.38087e-01	
359	3.890451e+03	-1.16164e-01	
360	3.981072e+03	-9.61763e-02	
361	4.073803e+03	-7.81091e-02	
362	4.168694e+03	-6.19480e-02	
363	4.265795e+03	-4.76801e-02	
364	4.365158e+03	-3.52940e-02	
365	4.466836e+03	-2.47795e-02	
366	4.570882e+03	-1.61280e-02	
367	4.677351e+03	-9.33233e-03	
368	4.786301e+03	-4.38669e-03	
369	4.897788e+03	-1.28695e-03	
370	5.011872e+03	-3.05128e-05	
371	5.128614e+03	-6.16295e-04	
372	5.248075e+03	-3.04480e-03	
373	5.370318e+03	-7.31808e-03	
374	5.495409e+03	-1.34397e-02	
375	5.623413e+03	-2.14149e-02	
376	5.754399e+03	-3.12503e-02	
377	5.888437e+03	-4.29540e-02	
378	6.025596e+03	-5.65356e-02	
379	6.165950e+03	-7.20061e-02	
380	6.309573e+03	-8.93778e-02	
381	6.456542e+03	-1.08665e-01	
382	6.606934e+03	-1.29881e-01	
383	6.760830e+03	-1.53043e-01	
384	6.918310e+03	-1.78169e-01	
385	7.079458e+03	-2.05276e-01	
386	7.244360e+03	-2.34383e-01	
387	7.413102e+03	-2.65511e-01	
388	7.585776e+03	-2.98680e-01	
389	7.762471e+03	-3.33911e-01	
390	7.943282e+03	-3.71227e-01	
391	8.128305e+03	-4.10650e-01	
392	8.317638e+03	-4.52202e-01	
393	8.511380e+03	-4.95907e-01	
394	8.709636e+03	-5.41786e-01	
395	8.912509e+03	-5.89864e-01	
396	9.120108e+03	-6.40163e-01	
397	9.332543e+03	-6.92705e-01	
398	9.549926e+03	-7.47512e-01	
399	9.772372e+03	-8.04605e-01	
400	1.000000e+04	-8.64006e-01	
401	1.023293e+04	-9.25733e-01	
402	1.047129e+04	-9.89806e-01	

Index   frequency       vdb(3)          
--------------------------------------------------------------------------------
403	1.071519e+04	-1.05624e+00	
404	1.096478e+04	-1.12506e+00	
405	1.122018e+04	-1.19627e+00	
406	1.148154e+04	-1.26989e+00	
407	1.174898e+04	-1.34593e+00	
408	1.202264e+04	-1.42440e+00	
409	1.230269e+04	-1.50531e+00	
410	1.258925e+04	-1.58867e+00	
411	1.288250e+04	-1.67448e+00	
412	1.318257e+04	-1.76274e+00	
413	1.348963e+04	-1.85346e+00	
414	1.380384e+04	-1.94664e+00	
415	1.412538e+04	-2.04227e+00	
416	1.445440e+04	-2.14034e+00	
417	1.479108e+04	-2.24085e+00	
418	1.513561e+04	-2.34379e+00	
419	1.548817e+04	-2.44915e+00	
420	1.584893e+04	-2.55691e+00	
421	1.621810e+04	-2.66706e+00	
422	1.659587e+04	-2.77958e+00	
423	1.698244e+04	-2.89445e+00	
424	1.737801e+04	-3.01164e+00	
425	1.778279e+04	-3.13113e+00	
426	1.819701e+04	-3.25290e+00	
427	1.862087e+04	-3.37692e+00	
428	1.905461e+04	-3.50316e+00	
429	1.949845e+04	-3.63159e+00	
430	1.995262e+04	-3.76217e+00	
431	2.041738e+04	-3.89487e+00	
432	2.089296e+04	-4.02966e+00	
433	2.137962e+04	-4.16649e+00	
434	2.187762e+04	-4.30534e+00	
435	2.238721e+04	-4.44616e+00	
436	2.290868e+04	-4.58892e+00	
437	2.344229e+04	-4.73357e+00	
438	2.398833e+04	-4.88007e+00	
439	2.454709e+04	-5.02839e+00	
440	2.511886e+04	-5.17847e+00	
441	2.570396e+04	-5.33028e+00	
442	2.630268e+04	-5.48377e+00	
443	2.691535e+04	-5.63891e+00	
444	2.754229e+04	-5.79564e+00	
445	2.818383e+04	-5.95394e+00	
446	2.884032e+04	-6.11375e+00	
447	2.951209e+04	-6.27503e+00	
448	3.019952e+04	-6.43774e+00	
449	3.090295e+04	-6.60183e+00	
450	3.162278e+04	-6.76728e+00	
451	3.235937e+04	-6.93403e+00	
452	3.311311e+04	-7.10205e+00	
453	3.388442e+04	-7.27129e+00	
454	3.467369e+04	-7.44172e+00	
455	3.548134e+04	-7.61330e+00	
456	3.630781e+04	-7.78599e+00	
457	3.715352e+04	-7.95975e+00	
458	3.801894e+04	-8.13456e+00	
459	3.890451e+04	-8.31036e+00	
460	3.981072e+04	-8.48713e+00	

Index   frequency       vdb(3)          
--------------------------------------------------------------------------------
461	4.073803e+04	-8.66483e+00	
462	4.168694e+04	-8.84343e+00	
463	4.265795e+04	-9.02290e+00	
464	4.365158e+04	-9.20321e+00	
465	4.466836e+04	-9.38432e+00	
466	4.570882e+04	-9.56621e+00	
467	4.677351e+04	-9.74884e+00	
468	4.786301e+04	-9.93220e+00	
469	4.897788e+04	-1.01162e+01	
470	5.011872e+04	-1.03010e+01	
471	5.128614e+04	-1.04863e+01	
472	5.248075e+04	-1.06723e+01	
473	5.370318e+04	-1.08588e+01	
474	5.495409e+04	-1.10459e+01	
475	5.623413e+04	-1.12336e+01	
476	5.754399e+04	-1.14218e+01	
477	5.888437e+04	-1.16105e+01	
478	6.025596e+04	-1.17997e+01	
479	6.165950e+04	-1.19893e+01	
480	6.309573e+04	-1.21794e+01	
481	6.456542e+04	-1.23699e+01	
482	6.606934e+04	-1.25608e+01	
483	6.760830e+04	-1.27521e+01	
484	6.918310e+04	-1.29438e+01	
485	7.079458e+04	-1.31358e+01	
486	7.244360e+04	-1.33282e+01	
487	7.413102e+04	-1.35209e+01	
488	7.585776e+04	-1.37140e+01	
489	7.762471e+04	-1.39073e+01	
490	7.943282e+04	-1.41010e+01	
491	8.128305e+04	-1.42949e+01	
492	8.317638e+04	-1.44890e+01	
493	8.511380e+04	-1.46835e+01	
494	8.709636e+04	-1.48781e+01	
495	8.912509e+04	-1.50730e+01	
496	9.120108e+04	-1.52682e+01	
497	9.332543e+04	-1.54635e+01	
498	9.549926e+04	-1.56591e+01	
499	9.772372e+04	-1.58548e+01	
500	1.000000e+05	-1.60508e+01	
501	1.023293e+05	-1.62469e+01	
502	1.047129e+05	-1.64432e+01	
503	1.071519e+05	-1.66396e+01	
504	1.096478e+05	-1.68362e+01	
505	1.122018e+05	-1.70330e+01	
506	1.148154e+05	-1.72299e+01	
507	1.174898e+05	-1.74269e+01	
508	1.202264e+05	-1.76241e+01	
509	1.230269e+05	-1.78214e+01	
510	1.258925e+05	-1.80188e+01	
511	1.288250e+05	-1.82163e+01	
512	1.318257e+05	-1.84140e+01	
513	1.348963e+05	-1.86117e+01	
514	1.380384e+05	-1.88095e+01	
515	1.412538e+05	-1.90075e+01	
516	1.445440e+05	-1.92055e+01	
517	1.479108e+05	-1.94036e+01	
518	1.513561e+05	-1.96018e+01	

Index   frequency       vdb(3)          
--------------------------------------------------------------------------------
519	1.548817e+05	-1.98001e+01	
520	1.584893e+05	-1.99985e+01	
521	1.621810e+05	-2.01969e+01	
522	1.659587e+05	-2.03954e+01	
523	1.698244e+05	-2.05940e+01	
524	1.737801e+05	-2.07926e+01	
525	1.778279e+05	-2.09913e+01	
526	1.819701e+05	-2.11901e+01	
527	1.862087e+05	-2.13889e+01	
528	1.905461e+05	-2.15878e+01	
529	1.949845e+05	-2.17867e+01	
530	1.995262e+05	-2.19856e+01	
531	2.041738e+05	-2.21847e+01	
532	2.089296e+05	-2.23837e+01	
533	2.137962e+05	-2.25828e+01	
534	2.187762e+05	-2.27819e+01	
535	2.238721e+05	-2.29811e+01	
536	2.290868e+05	-2.31803e+01	
537	2.344229e+05	-2.33796e+01	
538	2.398833e+05	-2.35789e+01	
539	2.454709e+05	-2.37782e+01	
540	2.511886e+05	-2.39775e+01	
541	2.570396e+05	-2.41769e+01	
542	2.630268e+05	-2.43763e+01	
543	2.691535e+05	-2.45757e+01	
544	2.754229e+05	-2.47752e+01	
545	2.818383e+05	-2.49747e+01	
546	2.884032e+05	-2.51742e+01	
547	2.951209e+05	-2.53737e+01	
548	3.019952e+05	-2.55732e+01	
549	3.090295e+05	-2.57728e+01	
550	3.162278e+05	-2.59724e+01	
551	3.235937e+05	-2.61720e+01	
552	3.311311e+05	-2.63716e+01	
553	3.388442e+05	-2.65713e+01	
554	3.467369e+05	-2.67709e+01	
555	3.548134e+05	-2.69706e+01	
556	3.630781e+05	-2.71703e+01	
557	3.715352e+05	-2.73700e+01	
558	3.801894e+05	-2.75697e+01	
559	3.890451e+05	-2.77694e+01	
560	3.981072e+05	-2.79691e+01	
561	4.073803e+05	-2.81689e+01	
562	4.168694e+05	-2.83687e+01	
563	4.265795e+05	-2.85684e+01	
564	4.365158e+05	-2.87682e+01	
565	4.466836e+05	-2.89680e+01	
566	4.570882e+05	-2.91678e+01	
567	4.677351e+05	-2.93676e+01	
568	4.786301e+05	-2.95674e+01	
569	4.897788e+05	-2.97673e+01	
570	5.011872e+05	-2.99671e+01	
571	5.128614e+05	-3.01669e+01	
572	5.248075e+05	-3.03668e+01	
573	5.370318e+05	-3.05666e+01	
574	5.495409e+05	-3.07665e+01	
575	5.623413e+05	-3.09664e+01	
576	5.754399e+05	-3.11663e+01	

Index   frequency       vdb(3)          
--------------------------------------------------------------------------------
577	5.888437e+05	-3.13661e+01	
578	6.025596e+05	-3.15660e+01	
579	6.165950e+05	-3.17659e+01	
580	6.309573e+05	-3.19658e+01	
581	6.456542e+05	-3.21657e+01	
582	6.606934e+05	-3.23656e+01	
583	6.760830e+05	-3.25655e+01	
584	6.918310e+05	-3.27654e+01	
585	7.079458e+05	-3.29654e+01	
586	7.244360e+05	-3.31653e+01	
587	7.413102e+05	-3.33652e+01	
588	7.585776e+05	-3.35651e+01	
589	7.762471e+05	-3.37651e+01	
590	7.943282e+05	-3.39650e+01	
591	8.128305e+05	-3.41649e+01	
592	8.317638e+05	-3.43649e+01	
593	8.511380e+05	-3.45648e+01	
594	8.709636e+05	-3.47648e+01	
595	8.912509e+05	-3.49647e+01	
596	9.120108e+05	-3.51647e+01	
597	9.332543e+05	-3.53646e+01	
598	9.549926e+05	-3.55646e+01	
599	9.772372e+05	-3.57645e+01	
600	1.000000e+06	-3.59645e+01	
