
Circuit: astable multivibrator

                             astable multivibrator
                             Transient Analysis  Sun Feb  6 05:12:03  2022
--------------------------------------------------------------------------------
Index   time            v(2)            v(3)            
--------------------------------------------------------------------------------
0	0.000000e+00	5.244685e-03	5.050422e-03	
1	1.000000e-07	5.244685e-03	5.050422e-03	
2	2.000000e-07	5.244685e-03	5.050422e-03	
3	4.000000e-07	5.244685e-03	5.050422e-03	
4	8.000000e-07	5.244685e-03	5.050422e-03	
5	1.600000e-06	5.244685e-03	5.050422e-03	
6	3.200000e-06	5.244684e-03	5.050421e-03	
7	6.400000e-06	5.244687e-03	5.050424e-03	
8	1.280000e-05	5.244682e-03	5.050420e-03	
9	2.280000e-05	5.244688e-03	5.050425e-03	
10	3.280000e-05	5.244681e-03	5.050419e-03	
11	4.280000e-05	5.244690e-03	5.050426e-03	
12	5.280000e-05	5.244679e-03	5.050417e-03	
13	6.280000e-05	5.244692e-03	5.050428e-03	
14	7.280000e-05	5.244676e-03	5.050415e-03	
15	8.280000e-05	5.244696e-03	5.050431e-03	
16	9.280000e-05	5.244671e-03	5.050411e-03	
17	1.028000e-04	5.244701e-03	5.050436e-03	
18	1.128000e-04	5.244665e-03	5.050405e-03	
19	1.228000e-04	5.244710e-03	5.050443e-03	
20	1.328000e-04	5.244654e-03	5.050397e-03	
21	1.428000e-04	5.244722e-03	5.050453e-03	
22	1.528000e-04	5.244639e-03	5.050384e-03	
23	1.628000e-04	5.244741e-03	5.050469e-03	
24	1.728000e-04	5.244617e-03	5.050365e-03	
25	1.828000e-04	5.244768e-03	5.050492e-03	
26	1.928000e-04	5.244583e-03	5.050337e-03	
27	2.028000e-04	5.244810e-03	5.050526e-03	
28	2.128000e-04	5.244532e-03	5.050294e-03	
29	2.228000e-04	5.244872e-03	5.050578e-03	
30	2.328000e-04	5.244456e-03	5.050231e-03	
31	2.428000e-04	5.244965e-03	5.050656e-03	
32	2.528000e-04	5.244341e-03	5.050136e-03	
33	2.628000e-04	5.245105e-03	5.050773e-03	
34	2.728000e-04	5.244170e-03	5.049993e-03	
35	2.828000e-04	5.245315e-03	5.050947e-03	
36	2.928000e-04	5.243914e-03	5.049779e-03	
37	3.028000e-04	5.245628e-03	5.051209e-03	
38	3.128000e-04	5.243530e-03	5.049459e-03	
39	3.228000e-04	5.246098e-03	5.051601e-03	
40	3.328000e-04	5.242955e-03	5.048980e-03	
41	3.428000e-04	5.246802e-03	5.052188e-03	
42	3.528000e-04	5.242093e-03	5.048261e-03	
43	3.628000e-04	5.247857e-03	5.053067e-03	
44	3.728000e-04	5.240803e-03	5.047185e-03	
45	3.828000e-04	5.249436e-03	5.054384e-03	
46	3.928000e-04	5.238869e-03	5.045573e-03	
47	4.028000e-04	5.251803e-03	5.056357e-03	
48	4.128000e-04	5.235972e-03	5.043157e-03	
49	4.228000e-04	5.255348e-03	5.059314e-03	
50	4.328000e-04	5.231633e-03	5.039539e-03	
51	4.428000e-04	5.260659e-03	5.063742e-03	
52	4.528000e-04	5.225133e-03	5.034119e-03	
53	4.628000e-04	5.268616e-03	5.070376e-03	
54	4.728000e-04	5.215394e-03	5.025999e-03	

Index   time            v(2)            v(3)            
--------------------------------------------------------------------------------
55	4.827172e-04	5.280596e-03	5.080366e-03	
56	4.917056e-04	5.199712e-03	5.012923e-03	
57	4.985278e-04	5.305233e-03	5.100909e-03	
58	5.033296e-04	5.152002e-03	4.973141e-03	
59	5.062042e-04	5.437318e-03	5.211045e-03	
60	5.071523e-04	1.162494e-02	1.037057e-02	
61	5.076173e-04	2.255687e-02	1.948756e-02	
62	5.078988e-04	3.595362e-02	3.066390e-02	
63	5.081569e-04	5.695014e-02	4.820313e-02	
64	5.084450e-04	9.722334e-02	8.198045e-02	
65	5.087129e-04	1.588492e-01	1.342226e-01	
66	5.089876e-04	2.525109e-01	2.157176e-01	
67	5.091991e-04	3.437736e-01	2.980211e-01	
68	5.094427e-04	4.601679e-01	4.069214e-01	
69	5.096792e-04	5.771573e-01	5.188492e-01	
70	5.099697e-04	7.216604e-01	6.572496e-01	
71	5.102844e-04	8.782337e-01	8.034382e-01	
72	5.106890e-04	1.079354e+00	9.863801e-01	
73	5.111164e-04	1.292268e+00	1.187597e+00	
74	5.114797e-04	1.473594e+00	1.364065e+00	
75	5.119935e-04	1.730162e+00	1.614446e+00	
76	5.126334e-04	2.049833e+00	1.926038e+00	
77	5.139131e-04	2.689728e+00	2.548518e+00	
78	5.164725e-04	3.971825e+00	3.792775e+00	
79	5.176779e-04	4.576727e+00	4.378640e+00	
80	5.185244e-04	5.001187e+00	4.775073e+00	
81	5.191371e-04	5.301136e+00	4.904740e+00	
82	5.197274e-04	5.586528e+00	4.953909e+00	
83	5.203359e-04	5.879899e+00	4.986574e+00	
84	5.209559e-04	6.178268e+00	5.007845e+00	
85	5.219306e-04	6.647001e+00	5.034347e+00	
86	5.238800e-04	7.583505e+00	5.067129e+00	
87	5.277789e-04	9.455299e+00	5.107930e+00	
88	5.316294e-04	1.130314e+01	5.135055e+00	
89	5.348167e-04	1.283224e+01	5.150547e+00	
90	5.370358e-04	1.389667e+01	5.159780e+00	
91	5.392796e-04	1.475394e+01	5.167006e+00	
92	5.399265e-04	1.477594e+01	5.167136e+00	
93	5.406821e-04	1.478917e+01	5.167310e+00	
94	5.413767e-04	1.479714e+01	5.167296e+00	
95	5.427659e-04	1.480772e+01	5.167469e+00	
96	5.453177e-04	1.480929e+01	5.167396e+00	
97	5.493209e-04	1.480948e+01	5.167496e+00	
98	5.530569e-04	1.480943e+01	5.167409e+00	
99	5.590334e-04	1.480945e+01	5.167511e+00	
100	5.663331e-04	1.480947e+01	5.167428e+00	
101	5.763331e-04	1.480947e+01	5.167537e+00	
102	5.863331e-04	1.480945e+01	5.167456e+00	
103	5.963331e-04	1.480940e+01	5.167565e+00	
104	6.063331e-04	1.480934e+01	5.167483e+00	
105	6.163331e-04	1.480927e+01	5.167591e+00	
106	6.263331e-04	1.480930e+01	5.167508e+00	
107	6.363331e-04	1.480929e+01	5.167618e+00	
108	6.463331e-04	1.480928e+01	5.167533e+00	
109	6.563331e-04	1.480926e+01	5.167643e+00	
110	6.663331e-04	1.480928e+01	5.167558e+00	
111	6.763331e-04	1.480927e+01	5.167667e+00	
112	6.863331e-04	1.480927e+01	5.167581e+00	

Index   time            v(2)            v(3)            
--------------------------------------------------------------------------------
113	6.963331e-04	1.480926e+01	5.167691e+00	
114	7.063331e-04	1.480927e+01	5.167603e+00	
115	7.163331e-04	1.480926e+01	5.167713e+00	
116	7.263331e-04	1.480927e+01	5.167624e+00	
117	7.363331e-04	1.480926e+01	5.167735e+00	
118	7.463331e-04	1.480927e+01	5.167645e+00	
119	7.563331e-04	1.480926e+01	5.167756e+00	
120	7.663331e-04	1.480927e+01	5.167665e+00	
121	7.763331e-04	1.480926e+01	5.167776e+00	
122	7.863331e-04	1.480927e+01	5.167684e+00	
123	7.963331e-04	1.480926e+01	5.167795e+00	
124	8.063331e-04	1.480927e+01	5.167701e+00	
125	8.119102e-04	1.480926e+01	5.167809e+00	
126	8.190368e-04	1.480925e+01	5.167712e+00	
127	8.231238e-04	1.480920e+01	5.167819e+00	
128	8.267821e-04	1.480167e+01	5.167659e+00	
129	8.304581e-04	1.477964e+01	5.167595e+00	
130	8.326947e-04	1.470943e+01	5.166943e+00	
131	8.335629e-04	1.449454e+01	5.165385e+00	
132	8.341010e-04	1.432907e+01	5.163899e+00	
133	8.347140e-04	1.413070e+01	5.162393e+00	
134	8.353143e-04	1.392771e+01	5.160543e+00	
135	8.365151e-04	1.349600e+01	5.156909e+00	
136	8.379881e-04	1.292634e+01	5.151516e+00	
137	8.404543e-04	1.189382e+01	5.141183e+00	
138	8.439368e-04	1.032647e+01	5.121996e+00	
139	8.495695e-04	7.668755e+00	5.071824e+00	
140	8.546553e-04	5.219872e+00	4.901035e+00	
141	8.572055e-04	3.945267e+00	3.906783e+00	
142	8.585855e-04	3.247642e+00	3.196517e+00	
143	8.598512e-04	2.610530e+00	2.611282e+00	
144	8.612914e-04	1.883147e+00	1.882938e+00	
145	8.626863e-04	1.180532e+00	1.225945e+00	
146	8.645542e-04	2.379149e-01	2.964170e-01	
147	8.668644e-04	-9.26326e-01	-8.11314e-01	
148	8.700843e-04	-2.55010e+00	-2.39541e+00	
149	8.735607e-04	-4.30162e+00	-4.07244e+00	
150	8.749420e-04	-4.99684e+00	-4.73406e+00	
151	8.763516e-04	-5.68537e+00	-4.96124e+00	
152	8.776955e-04	-6.33346e+00	-5.01487e+00	
153	8.793459e-04	-7.12833e+00	-5.05128e+00	
154	8.808384e-04	-7.84614e+00	-5.07398e+00	
155	8.838236e-04	-9.28138e+00	-5.10394e+00	
156	8.873677e-04	-1.09837e+01	-5.12987e+00	
157	8.915714e-04	-1.30021e+01	-5.15189e+00	
158	8.938715e-04	-1.41055e+01	-5.16125e+00	
159	8.954239e-04	-1.47373e+01	-5.16644e+00	
160	8.958931e-04	-1.47638e+01	-5.16670e+00	
161	8.964324e-04	-1.47785e+01	-5.16680e+00	
162	8.970180e-04	-1.47885e+01	-5.16689e+00	
163	8.980181e-04	-1.47995e+01	-5.16698e+00	
164	8.997324e-04	-1.48092e+01	-5.16706e+00	
165	9.025227e-04	-1.48093e+01	-5.16707e+00	
166	9.074120e-04	-1.48094e+01	-5.16708e+00	
167	9.120760e-04	-1.48094e+01	-5.16709e+00	
168	9.180791e-04	-1.48094e+01	-5.16710e+00	
169	9.275750e-04	-1.48094e+01	-5.16713e+00	
170	9.375750e-04	-1.48094e+01	-5.16715e+00	

Index   time            v(2)            v(3)            
--------------------------------------------------------------------------------
171	9.475750e-04	-1.48094e+01	-5.16717e+00	
172	9.575750e-04	-1.48093e+01	-5.16719e+00	
173	9.675750e-04	-1.48093e+01	-5.16721e+00	
174	9.775750e-04	-1.48093e+01	-5.16723e+00	
175	9.875750e-04	-1.48093e+01	-5.16725e+00	
176	9.975750e-04	-1.48093e+01	-5.16726e+00	
177	1.007575e-03	-1.48093e+01	-5.16729e+00	
178	1.017575e-03	-1.48093e+01	-5.16730e+00	
179	1.027575e-03	-1.48093e+01	-5.16733e+00	
180	1.037575e-03	-1.48093e+01	-5.16734e+00	
181	1.047575e-03	-1.48093e+01	-5.16736e+00	
182	1.057575e-03	-1.48093e+01	-5.16737e+00	
183	1.067575e-03	-1.48093e+01	-5.16739e+00	
184	1.077575e-03	-1.48093e+01	-5.16740e+00	
185	1.087575e-03	-1.48093e+01	-5.16743e+00	
186	1.097575e-03	-1.48093e+01	-5.16743e+00	
187	1.107575e-03	-1.48093e+01	-5.16746e+00	
188	1.117575e-03	-1.48093e+01	-5.16746e+00	
189	1.127575e-03	-1.48093e+01	-5.16749e+00	
190	1.137575e-03	-1.48093e+01	-5.16749e+00	
191	1.147575e-03	-1.48093e+01	-5.16752e+00	
192	1.157575e-03	-1.48093e+01	-5.16752e+00	
193	1.167575e-03	-1.48093e+01	-5.16754e+00	
194	1.177575e-03	-1.48093e+01	-5.16755e+00	
195	1.187575e-03	-1.48093e+01	-5.16757e+00	
196	1.197575e-03	-1.48093e+01	-5.16757e+00	
197	1.207575e-03	-1.48093e+01	-5.16760e+00	
198	1.217575e-03	-1.48093e+01	-5.16760e+00	
199	1.227575e-03	-1.48093e+01	-5.16762e+00	
200	1.237575e-03	-1.48093e+01	-5.16762e+00	
201	1.247575e-03	-1.48093e+01	-5.16764e+00	
202	1.257575e-03	-1.48093e+01	-5.16764e+00	
203	1.267575e-03	-1.48093e+01	-5.16767e+00	
204	1.277575e-03	-1.48093e+01	-5.16767e+00	
205	1.287575e-03	-1.48093e+01	-5.16769e+00	
206	1.297575e-03	-1.48093e+01	-5.16769e+00	
207	1.307575e-03	-1.48093e+01	-5.16771e+00	
208	1.317575e-03	-1.48093e+01	-5.16771e+00	
209	1.327575e-03	-1.48093e+01	-5.16773e+00	
210	1.337575e-03	-1.48093e+01	-5.16773e+00	
211	1.347575e-03	-1.48093e+01	-5.16775e+00	
212	1.357575e-03	-1.48093e+01	-5.16774e+00	
213	1.363689e-03	-1.48093e+01	-5.16776e+00	
214	1.369398e-03	-1.48093e+01	-5.16775e+00	
215	1.375819e-03	-1.48092e+01	-5.16777e+00	
216	1.379564e-03	-1.48066e+01	-5.16774e+00	
217	1.383414e-03	-1.47934e+01	-5.16766e+00	
218	1.387205e-03	-1.47333e+01	-5.16717e+00	
219	1.388286e-03	-1.45209e+01	-5.16554e+00	
220	1.389575e-03	-1.41204e+01	-5.16223e+00	
221	1.390318e-03	-1.38704e+01	-5.16013e+00	
222	1.390998e-03	-1.36310e+01	-5.15802e+00	
223	1.392359e-03	-1.31238e+01	-5.15346e+00	
224	1.394573e-03	-1.22330e+01	-5.14469e+00	
225	1.397931e-03	-1.07751e+01	-5.12794e+00	
226	1.402816e-03	-8.54067e+00	-5.09294e+00	
227	1.408159e-03	-6.03855e+00	-5.00394e+00	
228	1.411523e-03	-4.42627e+00	-4.34541e+00	

Index   time            v(2)            v(3)            
--------------------------------------------------------------------------------
229	1.415237e-03	-2.59226e+00	-2.58631e+00	
230	1.417677e-03	-1.38267e+00	-1.40606e+00	
231	1.420440e-03	-1.02869e-02	-9.09458e-02	
232	1.425378e-03	2.452474e+00	2.297897e+00	
233	1.430446e-03	4.991413e+00	4.726232e+00	
234	1.432976e-03	6.218092e+00	5.009033e+00	
235	1.436007e-03	7.674308e+00	5.068732e+00	
236	1.439094e-03	9.156448e+00	5.102105e+00	
237	1.443641e-03	1.133860e+01	5.133354e+00	
238	1.446440e-03	1.268145e+01	5.148394e+00	
239	1.449061e-03	1.393882e+01	5.159713e+00	
240	1.451196e-03	1.475290e+01	5.166666e+00	
241	1.451742e-03	1.477311e+01	5.166680e+00	
242	1.452377e-03	1.478572e+01	5.166955e+00	
243	1.453079e-03	1.479518e+01	5.166851e+00	
244	1.454484e-03	1.480739e+01	5.167144e+00	
245	1.456887e-03	1.480928e+01	5.166969e+00	
246	1.459705e-03	1.480929e+01	5.167168e+00	
247	1.462653e-03	1.480933e+01	5.166984e+00	
248	1.468547e-03	1.480935e+01	5.167194e+00	
249	1.474556e-03	1.480937e+01	5.167010e+00	
250	1.484556e-03	1.480936e+01	5.167229e+00	
251	1.494556e-03	1.480935e+01	5.167053e+00	
252	1.504556e-03	1.480929e+01	5.167270e+00	
253	1.514556e-03	1.480928e+01	5.167094e+00	
254	1.524556e-03	1.480928e+01	5.167310e+00	
255	1.534556e-03	1.480928e+01	5.167133e+00	
256	1.544556e-03	1.480926e+01	5.167350e+00	
257	1.554556e-03	1.480928e+01	5.167171e+00	
258	1.564556e-03	1.480926e+01	5.167388e+00	
259	1.574556e-03	1.480927e+01	5.167208e+00	
260	1.584556e-03	1.480926e+01	5.167424e+00	
261	1.594556e-03	1.480927e+01	5.167243e+00	
262	1.604556e-03	1.480926e+01	5.167459e+00	
263	1.614556e-03	1.480927e+01	5.167277e+00	
264	1.624556e-03	1.480926e+01	5.167493e+00	
265	1.634556e-03	1.480927e+01	5.167309e+00	
266	1.644556e-03	1.480926e+01	5.167525e+00	
267	1.654556e-03	1.480927e+01	5.167341e+00	
268	1.664556e-03	1.480926e+01	5.167556e+00	
269	1.674556e-03	1.480927e+01	5.167371e+00	
270	1.684556e-03	1.480926e+01	5.167585e+00	
271	1.694556e-03	1.480927e+01	5.167399e+00	
272	1.704556e-03	1.480926e+01	5.167614e+00	
273	1.714556e-03	1.480927e+01	5.167427e+00	
274	1.724556e-03	1.480926e+01	5.167641e+00	
275	1.734556e-03	1.480927e+01	5.167453e+00	
276	1.744556e-03	1.480926e+01	5.167668e+00	
277	1.754556e-03	1.480927e+01	5.167479e+00	
278	1.764556e-03	1.480926e+01	5.167693e+00	
279	1.774556e-03	1.480927e+01	5.167503e+00	
280	1.784556e-03	1.480926e+01	5.167717e+00	
281	1.794556e-03	1.480927e+01	5.167527e+00	
282	1.804556e-03	1.480926e+01	5.167741e+00	
283	1.814556e-03	1.480927e+01	5.167550e+00	
284	1.824556e-03	1.480926e+01	5.167763e+00	
285	1.834556e-03	1.480927e+01	5.167571e+00	
286	1.844556e-03	1.480926e+01	5.167785e+00	

Index   time            v(2)            v(3)            
--------------------------------------------------------------------------------
287	1.854556e-03	1.480927e+01	5.167592e+00	
288	1.864556e-03	1.480926e+01	5.167805e+00	
289	1.874556e-03	1.480927e+01	5.167612e+00	
290	1.884556e-03	1.480926e+01	5.167825e+00	
291	1.894556e-03	1.480927e+01	5.167631e+00	
292	1.904556e-03	1.480926e+01	5.167844e+00	
293	1.914556e-03	1.480927e+01	5.167650e+00	
294	1.920476e-03	1.480926e+01	5.167857e+00	
295	1.926442e-03	1.480926e+01	5.167658e+00	
296	1.932901e-03	1.480922e+01	5.167868e+00	
297	1.936725e-03	1.480451e+01	5.167630e+00	
298	1.940643e-03	1.478682e+01	5.167700e+00	
299	1.942919e-03	1.475319e+01	5.167234e+00	
300	1.943962e-03	1.466093e+01	5.166729e+00	
301	1.944641e-03	1.446886e+01	5.165013e+00	
302	1.945013e-03	1.435368e+01	5.164270e+00	
303	1.945463e-03	1.421161e+01	5.162896e+00	
304	1.946362e-03	1.390943e+01	5.160563e+00	
305	1.947341e-03	1.356036e+01	5.157301e+00	
306	1.949300e-03	1.280125e+01	5.150510e+00	
307	1.951660e-03	1.180643e+01	5.140037e+00	
308	1.955816e-03	9.922719e+00	5.116346e+00	
309	1.960921e-03	7.504463e+00	5.066627e+00	
310	1.966360e-03	4.877188e+00	4.762801e+00	
311	1.969165e-03	3.464950e+00	3.423802e+00	
312	1.971507e-03	2.282856e+00	2.281305e+00	
313	1.974101e-03	9.756313e-01	1.018520e+00	
314	1.979288e-03	-1.64107e+00	-1.50944e+00	
315	1.985409e-03	-4.72468e+00	-4.48693e+00	
316	1.988211e-03	-6.09655e+00	-4.99967e+00	
317	1.991957e-03	-7.89881e+00	-5.07477e+00	
318	1.995746e-03	-9.72123e+00	-5.11197e+00	
319	1.999256e-03	-1.14063e+01	-5.13528e+00	
320	2.002413e-03	-1.29225e+01	-5.15078e+00	
321	2.005047e-03	-1.41856e+01	-5.16186e+00	
322	2.006514e-03	-1.47440e+01	-5.16653e+00	
323	2.006982e-03	-1.47666e+01	-5.16669e+00	
324	2.007482e-03	-1.47794e+01	-5.16684e+00	
325	2.008048e-03	-1.47892e+01	-5.16686e+00	
326	2.009179e-03	-1.48019e+01	-5.16704e+00	
327	2.011007e-03	-1.48092e+01	-5.16703e+00	
328	2.013819e-03	-1.48093e+01	-5.16711e+00	
329	2.016898e-03	-1.48093e+01	-5.16704e+00	
330	2.021450e-03	-1.48094e+01	-5.16713e+00	
331	2.026763e-03	-1.48094e+01	-5.16706e+00	
332	2.036415e-03	-1.48094e+01	-5.16716e+00	
333	2.046415e-03	-1.48094e+01	-5.16710e+00	
334	2.056415e-03	-1.48094e+01	-5.16720e+00	
335	2.066415e-03	-1.48093e+01	-5.16715e+00	
336	2.076415e-03	-1.48093e+01	-5.16724e+00	
337	2.086415e-03	-1.48093e+01	-5.16719e+00	
338	2.096415e-03	-1.48093e+01	-5.16728e+00	
339	2.106415e-03	-1.48093e+01	-5.16722e+00	
340	2.116415e-03	-1.48093e+01	-5.16732e+00	
341	2.126415e-03	-1.48093e+01	-5.16726e+00	
342	2.136415e-03	-1.48093e+01	-5.16736e+00	
343	2.146415e-03	-1.48093e+01	-5.16730e+00	
344	2.156415e-03	-1.48093e+01	-5.16739e+00	

Index   time            v(2)            v(3)            
--------------------------------------------------------------------------------
345	2.166415e-03	-1.48093e+01	-5.16733e+00	
346	2.176415e-03	-1.48093e+01	-5.16743e+00	
347	2.186415e-03	-1.48093e+01	-5.16736e+00	
348	2.196415e-03	-1.48093e+01	-5.16746e+00	
349	2.206415e-03	-1.48093e+01	-5.16739e+00	
350	2.216415e-03	-1.48093e+01	-5.16749e+00	
351	2.226415e-03	-1.48093e+01	-5.16743e+00	
352	2.236415e-03	-1.48093e+01	-5.16752e+00	
353	2.246415e-03	-1.48093e+01	-5.16745e+00	
354	2.256415e-03	-1.48093e+01	-5.16755e+00	
355	2.266415e-03	-1.48093e+01	-5.16748e+00	
356	2.276415e-03	-1.48093e+01	-5.16758e+00	
357	2.286415e-03	-1.48093e+01	-5.16751e+00	
358	2.296415e-03	-1.48093e+01	-5.16760e+00	
359	2.306415e-03	-1.48093e+01	-5.16753e+00	
360	2.316415e-03	-1.48093e+01	-5.16763e+00	
361	2.326415e-03	-1.48093e+01	-5.16756e+00	
362	2.336415e-03	-1.48093e+01	-5.16765e+00	
363	2.346415e-03	-1.48093e+01	-5.16758e+00	
364	2.356415e-03	-1.48093e+01	-5.16768e+00	
365	2.366415e-03	-1.48093e+01	-5.16761e+00	
366	2.376415e-03	-1.48093e+01	-5.16770e+00	
367	2.386415e-03	-1.48093e+01	-5.16763e+00	
368	2.396415e-03	-1.48093e+01	-5.16772e+00	
369	2.406415e-03	-1.48093e+01	-5.16765e+00	
370	2.416415e-03	-1.48093e+01	-5.16774e+00	
371	2.426415e-03	-1.48093e+01	-5.16767e+00	
372	2.436415e-03	-1.48093e+01	-5.16776e+00	
373	2.446415e-03	-1.48093e+01	-5.16769e+00	
374	2.456415e-03	-1.48093e+01	-5.16778e+00	
375	2.466415e-03	-1.48093e+01	-5.16771e+00	
376	2.473349e-03	-1.48093e+01	-5.16780e+00	
377	2.478758e-03	-1.48093e+01	-5.16772e+00	
378	2.485324e-03	-1.48092e+01	-5.16781e+00	
379	2.489176e-03	-1.48092e+01	-5.16773e+00	
380	2.492545e-03	-1.48020e+01	-5.16776e+00	
381	2.495895e-03	-1.47837e+01	-5.16753e+00	
382	2.497257e-03	-1.47661e+01	-5.16748e+00	
383	2.498250e-03	-1.47347e+01	-5.16715e+00	
384	2.498810e-03	-1.46705e+01	-5.16675e+00	
385	2.499464e-03	-1.44892e+01	-5.16524e+00	
386	2.499779e-03	-1.43942e+01	-5.16454e+00	
387	2.500178e-03	-1.42696e+01	-5.16344e+00	
388	2.500977e-03	-1.40091e+01	-5.16135e+00	
389	2.502357e-03	-1.35240e+01	-5.15705e+00	
390	2.503723e-03	-1.30066e+01	-5.15240e+00	
391	2.505953e-03	-1.20977e+01	-5.14324e+00	
392	2.509342e-03	-1.06165e+01	-5.12594e+00	
393	2.514688e-03	-8.16176e+00	-5.08373e+00	
394	2.519896e-03	-5.71933e+00	-4.97852e+00	
395	2.522926e-03	-4.25636e+00	-4.18286e+00	
396	2.525255e-03	-3.10707e+00	-3.08271e+00	
397	2.527235e-03	-2.12673e+00	-2.12625e+00	
398	2.529224e-03	-1.14087e+00	-1.18199e+00	
399	2.533203e-03	8.385159e-01	7.375761e-01	
400	2.537983e-03	3.225477e+00	3.035882e+00	
401	2.541295e-03	4.886613e+00	4.641587e+00	
402	2.543466e-03	5.943983e+00	4.987490e+00	

Index   time            v(2)            v(3)            
--------------------------------------------------------------------------------
403	2.546033e-03	7.178075e+00	5.052699e+00	
404	2.548924e-03	8.566552e+00	5.090704e+00	
405	2.552103e-03	1.009263e+01	5.118560e+00	
406	2.557068e-03	1.247477e+01	5.147845e+00	
407	2.560442e-03	1.409313e+01	5.161393e+00	
408	2.562057e-03	1.474032e+01	5.166485e+00	
409	2.562691e-03	1.477031e+01	5.166729e+00	
410	2.563259e-03	1.478304e+01	5.166867e+00	
411	2.563870e-03	1.479179e+01	5.166883e+00	
412	2.565092e-03	1.480393e+01	5.167052e+00	
413	2.566909e-03	1.480924e+01	5.167025e+00	
414	2.570039e-03	1.480928e+01	5.167108e+00	
415	2.574661e-03	1.480934e+01	5.167043e+00	
416	2.580370e-03	1.480937e+01	5.167134e+00	
417	2.586364e-03	1.480941e+01	5.167068e+00	
418	2.596364e-03	1.480941e+01	5.167170e+00	
419	2.606364e-03	1.480941e+01	5.167111e+00	
420	2.616364e-03	1.480937e+01	5.167213e+00	
421	2.626364e-03	1.480933e+01	5.167152e+00	
422	2.636364e-03	1.480926e+01	5.167253e+00	
423	2.646364e-03	1.480929e+01	5.167190e+00	
424	2.656364e-03	1.480928e+01	5.167293e+00	
425	2.666364e-03	1.480928e+01	5.167228e+00	
426	2.676364e-03	1.480926e+01	5.167331e+00	
427	2.686364e-03	1.480927e+01	5.167265e+00	
428	2.696364e-03	1.480926e+01	5.167367e+00	
429	2.706364e-03	1.480927e+01	5.167300e+00	
430	2.716364e-03	1.480926e+01	5.167402e+00	
431	2.726364e-03	1.480927e+01	5.167333e+00	
432	2.736364e-03	1.480926e+01	5.167436e+00	
433	2.746364e-03	1.480927e+01	5.167366e+00	
434	2.756364e-03	1.480926e+01	5.167468e+00	
435	2.766364e-03	1.480927e+01	5.167396e+00	
436	2.776364e-03	1.480926e+01	5.167499e+00	
437	2.786364e-03	1.480927e+01	5.167426e+00	
438	2.796364e-03	1.480926e+01	5.167529e+00	
439	2.806364e-03	1.480927e+01	5.167455e+00	
440	2.816364e-03	1.480926e+01	5.167558e+00	
441	2.826364e-03	1.480927e+01	5.167482e+00	
442	2.836364e-03	1.480926e+01	5.167585e+00	
443	2.846364e-03	1.480927e+01	5.167509e+00	
444	2.856364e-03	1.480926e+01	5.167612e+00	
445	2.866364e-03	1.480927e+01	5.167534e+00	
446	2.876364e-03	1.480926e+01	5.167637e+00	
447	2.886364e-03	1.480927e+01	5.167558e+00	
448	2.896364e-03	1.480926e+01	5.167662e+00	
449	2.906364e-03	1.480927e+01	5.167582e+00	
450	2.916364e-03	1.480926e+01	5.167685e+00	
451	2.926364e-03	1.480927e+01	5.167604e+00	
452	2.936364e-03	1.480926e+01	5.167708e+00	
453	2.946364e-03	1.480927e+01	5.167626e+00	
454	2.956364e-03	1.480926e+01	5.167729e+00	
455	2.966364e-03	1.480927e+01	5.167646e+00	
456	2.976364e-03	1.480926e+01	5.167750e+00	
457	2.986364e-03	1.480927e+01	5.167666e+00	
458	2.996364e-03	1.480926e+01	5.167770e+00	
459	3.006364e-03	1.480927e+01	5.167685e+00	
460	3.016364e-03	1.480926e+01	5.167789e+00	

Index   time            v(2)            v(3)            
--------------------------------------------------------------------------------
461	3.026364e-03	1.480927e+01	5.167704e+00	
462	3.032103e-03	1.480926e+01	5.167803e+00	
463	3.038405e-03	1.480926e+01	5.167714e+00	
464	3.043699e-03	1.480922e+01	5.167814e+00	
465	3.047444e-03	1.480539e+01	5.167691e+00	
466	3.051254e-03	1.479011e+01	5.167672e+00	
467	3.055208e-03	1.461301e+01	5.166183e+00	
468	3.056848e-03	1.410506e+01	5.162192e+00	
469	3.057847e-03	1.376200e+01	5.159105e+00	
470	3.058804e-03	1.341115e+01	5.156157e+00	
471	3.060717e-03	1.265781e+01	5.148912e+00	
472	3.064291e-03	1.111352e+01	5.132253e+00	
473	3.068916e-03	8.968788e+00	5.100961e+00	
474	3.074480e-03	6.307504e+00	5.021503e+00	
475	3.077895e-03	4.642751e+00	4.538094e+00	
476	3.080302e-03	3.430105e+00	3.407251e+00	
477	3.081715e-03	2.716523e+00	2.685649e+00	
478	3.083045e-03	2.046549e+00	2.065397e+00	
479	3.084748e-03	1.186881e+00	1.211669e+00	
480	3.086397e-03	3.561638e-01	4.293850e-01	
481	3.088821e-03	-8.66676e-01	-7.69942e-01	
482	3.091780e-03	-2.35810e+00	-2.19399e+00	
483	3.095307e-03	-4.13596e+00	-3.92645e+00	
484	3.098322e-03	-5.63426e+00	-4.95257e+00	
485	3.101331e-03	-7.08457e+00	-5.05058e+00	
486	3.103856e-03	-8.29919e+00	-5.08400e+00	
487	3.106542e-03	-9.59011e+00	-5.11008e+00	
488	3.110739e-03	-1.16062e+01	-5.13651e+00	
489	3.114248e-03	-1.32903e+01	-5.15422e+00	
490	3.116558e-03	-1.43987e+01	-5.16361e+00	
491	3.117606e-03	-1.47459e+01	-5.16660e+00	
492	3.118065e-03	-1.47672e+01	-5.16665e+00	
493	3.118493e-03	-1.47782e+01	-5.16687e+00	
494	3.118978e-03	-1.47871e+01	-5.16681e+00	
495	3.119948e-03	-1.47989e+01	-5.16704e+00	
496	3.121805e-03	-1.48092e+01	-5.16700e+00	
497	3.124518e-03	-1.48093e+01	-5.16713e+00	
498	3.128127e-03	-1.48093e+01	-5.16701e+00	
499	3.131779e-03	-1.48094e+01	-5.16715e+00	
500	3.137642e-03	-1.48094e+01	-5.16704e+00	
501	3.145912e-03	-1.48094e+01	-5.16718e+00	
502	3.155912e-03	-1.48094e+01	-5.16707e+00	
503	3.165912e-03	-1.48093e+01	-5.16723e+00	
504	3.175912e-03	-1.48093e+01	-5.16712e+00	
505	3.185912e-03	-1.48094e+01	-5.16727e+00	
506	3.195912e-03	-1.48095e+01	-5.16716e+00	
507	3.205912e-03	-1.48094e+01	-5.16731e+00	
508	3.215912e-03	-1.48094e+01	-5.16720e+00	
509	3.225912e-03	-1.48094e+01	-5.16735e+00	
510	3.235912e-03	-1.48093e+01	-5.16723e+00	
511	3.245912e-03	-1.48093e+01	-5.16738e+00	
512	3.255912e-03	-1.48093e+01	-5.16727e+00	
513	3.265912e-03	-1.48093e+01	-5.16742e+00	
514	3.275912e-03	-1.48093e+01	-5.16730e+00	
515	3.285912e-03	-1.48093e+01	-5.16745e+00	
516	3.295912e-03	-1.48093e+01	-5.16734e+00	
517	3.305912e-03	-1.48093e+01	-5.16748e+00	
518	3.315912e-03	-1.48093e+01	-5.16737e+00	

Index   time            v(2)            v(3)            
--------------------------------------------------------------------------------
519	3.325912e-03	-1.48093e+01	-5.16751e+00	
520	3.335912e-03	-1.48093e+01	-5.16740e+00	
521	3.345912e-03	-1.48093e+01	-5.16754e+00	
522	3.355912e-03	-1.48093e+01	-5.16743e+00	
523	3.365912e-03	-1.48093e+01	-5.16757e+00	
524	3.375912e-03	-1.48093e+01	-5.16746e+00	
525	3.385912e-03	-1.48093e+01	-5.16760e+00	
526	3.395912e-03	-1.48093e+01	-5.16748e+00	
527	3.405912e-03	-1.48093e+01	-5.16763e+00	
528	3.415912e-03	-1.48093e+01	-5.16751e+00	
529	3.425912e-03	-1.48093e+01	-5.16765e+00	
530	3.435912e-03	-1.48093e+01	-5.16753e+00	
531	3.445912e-03	-1.48093e+01	-5.16768e+00	
532	3.455912e-03	-1.48093e+01	-5.16756e+00	
533	3.465912e-03	-1.48093e+01	-5.16770e+00	
534	3.475912e-03	-1.48093e+01	-5.16758e+00	
535	3.485912e-03	-1.48093e+01	-5.16772e+00	
536	3.495912e-03	-1.48093e+01	-5.16760e+00	
537	3.505912e-03	-1.48093e+01	-5.16774e+00	
538	3.515912e-03	-1.48093e+01	-5.16762e+00	
539	3.525912e-03	-1.48093e+01	-5.16776e+00	
540	3.535912e-03	-1.48093e+01	-5.16764e+00	
541	3.545912e-03	-1.48093e+01	-5.16778e+00	
542	3.555912e-03	-1.48093e+01	-5.16766e+00	
543	3.565912e-03	-1.48093e+01	-5.16780e+00	
544	3.575912e-03	-1.48093e+01	-5.16768e+00	
545	3.583644e-03	-1.48093e+01	-5.16782e+00	
546	3.588999e-03	-1.48093e+01	-5.16769e+00	
547	3.595782e-03	-1.48092e+01	-5.16783e+00	
548	3.599827e-03	-1.48092e+01	-5.16770e+00	
549	3.603231e-03	-1.48029e+01	-5.16779e+00	
550	3.606608e-03	-1.47863e+01	-5.16753e+00	
551	3.607970e-03	-1.47714e+01	-5.16755e+00	
552	3.608969e-03	-1.47489e+01	-5.16724e+00	
553	3.609540e-03	-1.47159e+01	-5.16712e+00	
554	3.610007e-03	-1.46322e+01	-5.16635e+00	
555	3.610572e-03	-1.44683e+01	-5.16517e+00	
556	3.610891e-03	-1.43725e+01	-5.16425e+00	
557	3.611296e-03	-1.42450e+01	-5.16335e+00	
558	3.612106e-03	-1.39801e+01	-5.16099e+00	
559	3.613224e-03	-1.35878e+01	-5.15773e+00	
560	3.614263e-03	-1.32017e+01	-5.15409e+00	
561	3.616342e-03	-1.23725e+01	-5.14622e+00	
562	3.619154e-03	-1.11667e+01	-5.13274e+00	
563	3.624430e-03	-8.76995e+00	-5.09680e+00	
564	3.629668e-03	-6.32119e+00	-5.02112e+00	
565	3.633220e-03	-4.62939e+00	-4.54786e+00	
566	3.636340e-03	-3.08979e+00	-3.06005e+00	
567	3.638510e-03	-2.01501e+00	-2.02282e+00	
568	3.640966e-03	-7.97603e-01	-8.45604e-01	
569	3.645877e-03	1.648372e+00	1.516065e+00	
570	3.650711e-03	4.066436e+00	3.852388e+00	
571	3.653668e-03	5.534969e+00	4.938724e+00	
572	3.656501e-03	6.897932e+00	5.043060e+00	
573	3.658928e-03	8.064594e+00	5.078532e+00	
574	3.661475e-03	9.286550e+00	5.105074e+00	
575	3.665872e-03	1.139719e+01	5.134134e+00	
576	3.669888e-03	1.332321e+01	5.154621e+00	

Index   time            v(2)            v(3)            
--------------------------------------------------------------------------------
577	3.673558e-03	1.476296e+01	5.166591e+00	
578	3.674287e-03	1.478179e+01	5.166912e+00	
579	3.675182e-03	1.479434e+01	5.166863e+00	
580	3.676182e-03	1.480331e+01	5.167078e+00	
581	3.678183e-03	1.480924e+01	5.166996e+00	
582	3.681218e-03	1.480929e+01	5.167135e+00	
583	3.684396e-03	1.480932e+01	5.167014e+00	
584	3.689995e-03	1.480934e+01	5.167155e+00	
585	3.695425e-03	1.480935e+01	5.167040e+00	
586	3.705425e-03	1.480933e+01	5.167188e+00	
587	3.715425e-03	1.480930e+01	5.167083e+00	
588	3.725425e-03	1.480927e+01	5.167229e+00	
589	3.735425e-03	1.480931e+01	5.167126e+00	
590	3.745425e-03	1.480933e+01	5.167270e+00	
591	3.755425e-03	1.480934e+01	5.167167e+00	
592	3.765425e-03	1.480931e+01	5.167309e+00	
593	3.775425e-03	1.480928e+01	5.167205e+00	
594	3.785425e-03	1.480929e+01	5.167346e+00	
595	3.795425e-03	1.480928e+01	5.167243e+00	
596	3.805425e-03	1.480927e+01	5.167382e+00	
597	3.815425e-03	1.480927e+01	5.167279e+00	
598	3.825425e-03	1.480927e+01	5.167416e+00	
599	3.835425e-03	1.480927e+01	5.167313e+00	
600	3.845425e-03	1.480927e+01	5.167449e+00	
601	3.855425e-03	1.480927e+01	5.167346e+00	
602	3.865425e-03	1.480927e+01	5.167481e+00	
603	3.875425e-03	1.480927e+01	5.167378e+00	
604	3.885425e-03	1.480927e+01	5.167511e+00	
605	3.895425e-03	1.480927e+01	5.167409e+00	
606	3.905425e-03	1.480927e+01	5.167540e+00	
607	3.915425e-03	1.480927e+01	5.167438e+00	
608	3.925425e-03	1.480927e+01	5.167568e+00	
609	3.935425e-03	1.480927e+01	5.167466e+00	
610	3.945425e-03	1.480927e+01	5.167595e+00	
611	3.955425e-03	1.480927e+01	5.167494e+00	
612	3.965425e-03	1.480927e+01	5.167621e+00	
613	3.975425e-03	1.480927e+01	5.167520e+00	
614	3.985425e-03	1.480927e+01	5.167646e+00	
615	3.995425e-03	1.480927e+01	5.167545e+00	
616	4.005425e-03	1.480927e+01	5.167670e+00	
617	4.015425e-03	1.480927e+01	5.167569e+00	
618	4.025425e-03	1.480927e+01	5.167693e+00	
619	4.035425e-03	1.480927e+01	5.167592e+00	
620	4.045425e-03	1.480927e+01	5.167715e+00	
621	4.055425e-03	1.480927e+01	5.167614e+00	
622	4.065425e-03	1.480927e+01	5.167736e+00	
623	4.075425e-03	1.480927e+01	5.167635e+00	
624	4.085425e-03	1.480927e+01	5.167756e+00	
625	4.095425e-03	1.480927e+01	5.167656e+00	
626	4.105425e-03	1.480927e+01	5.167776e+00	
627	4.115425e-03	1.480927e+01	5.167675e+00	
628	4.125425e-03	1.480927e+01	5.167795e+00	
629	4.135425e-03	1.480927e+01	5.167694e+00	
630	4.141709e-03	1.480926e+01	5.167809e+00	
631	4.147383e-03	1.480926e+01	5.167705e+00	
632	4.153836e-03	1.480924e+01	5.167819e+00	
633	4.157639e-03	1.480744e+01	5.167701e+00	
634	4.161601e-03	1.479475e+01	5.167713e+00	

Index   time            v(2)            v(3)            
--------------------------------------------------------------------------------
635	4.165238e-03	1.474925e+01	5.167252e+00	
636	4.166510e-03	1.456321e+01	5.165914e+00	
637	4.167910e-03	1.412588e+01	5.162234e+00	
638	4.168403e-03	1.395964e+01	5.160934e+00	
639	4.168887e-03	1.379072e+01	5.159379e+00	
640	4.169856e-03	1.343656e+01	5.156363e+00	
641	4.171482e-03	1.280096e+01	5.150328e+00	
642	4.174356e-03	1.157952e+01	5.137684e+00	
643	4.178089e-03	9.877026e+00	5.115605e+00	
644	4.183089e-03	7.505763e+00	5.067236e+00	
645	4.188511e-03	4.887806e+00	4.752319e+00	
646	4.191104e-03	3.582876e+00	3.558136e+00	
647	4.192448e-03	2.903034e+00	2.862092e+00	
648	4.193677e-03	2.284856e+00	2.297578e+00	
649	4.195136e-03	1.547988e+00	1.558113e+00	
650	4.196554e-03	8.338492e-01	8.917689e-01	
651	4.198465e-03	-1.30745e-01	-6.05809e-02	
652	4.200845e-03	-1.32975e+00	-1.20039e+00	
653	4.203887e-03	-2.86418e+00	-2.69951e+00	
654	4.207169e-03	-4.51720e+00	-4.28010e+00	
655	4.208404e-03	-5.13651e+00	-4.82436e+00	
656	4.209263e-03	-5.55532e+00	-4.94355e+00	
657	4.210211e-03	-6.01297e+00	-4.99295e+00	
658	4.211050e-03	-6.41794e+00	-5.01956e+00	
659	4.212008e-03	-6.87882e+00	-5.04205e+00	
660	4.213923e-03	-7.80030e+00	-5.07190e+00	
661	4.217752e-03	-9.64103e+00	-5.11005e+00	
662	4.222792e-03	-1.20618e+01	-5.14172e+00	
663	4.225888e-03	-1.35472e+01	-5.15650e+00	
664	4.229237e-03	-1.47679e+01	-5.16668e+00	
665	4.230109e-03	-1.47866e+01	-5.16691e+00	
666	4.231103e-03	-1.47983e+01	-5.16693e+00	
667	4.232007e-03	-1.48056e+01	-5.16707e+00	
668	4.233814e-03	-1.48093e+01	-5.16703e+00	
669	4.236711e-03	-1.48093e+01	-5.16711e+00	
670	4.239483e-03	-1.48093e+01	-5.16704e+00	
671	4.245027e-03	-1.48093e+01	-5.16713e+00	
672	4.250341e-03	-1.48093e+01	-5.16707e+00	
673	4.260341e-03	-1.48093e+01	-5.16716e+00	
674	4.270341e-03	-1.48093e+01	-5.16711e+00	
675	4.280341e-03	-1.48093e+01	-5.16720e+00	
676	4.290341e-03	-1.48093e+01	-5.16715e+00	
677	4.300341e-03	-1.48093e+01	-5.16724e+00	
678	4.310341e-03	-1.48093e+01	-5.16719e+00	
679	4.320341e-03	-1.48093e+01	-5.16728e+00	
680	4.330341e-03	-1.48093e+01	-5.16723e+00	
681	4.340341e-03	-1.48093e+01	-5.16732e+00	
682	4.350341e-03	-1.48093e+01	-5.16727e+00	
683	4.360341e-03	-1.48093e+01	-5.16735e+00	
684	4.370341e-03	-1.48093e+01	-5.16731e+00	
685	4.380341e-03	-1.48093e+01	-5.16739e+00	
686	4.390341e-03	-1.48093e+01	-5.16734e+00	
687	4.400341e-03	-1.48093e+01	-5.16742e+00	
688	4.410341e-03	-1.48093e+01	-5.16737e+00	
689	4.420341e-03	-1.48093e+01	-5.16745e+00	
690	4.430341e-03	-1.48093e+01	-5.16740e+00	
691	4.440341e-03	-1.48093e+01	-5.16749e+00	
692	4.450341e-03	-1.48093e+01	-5.16744e+00	

Index   time            v(2)            v(3)            
--------------------------------------------------------------------------------
693	4.460341e-03	-1.48093e+01	-5.16751e+00	
694	4.470341e-03	-1.48093e+01	-5.16746e+00	
695	4.480341e-03	-1.48093e+01	-5.16754e+00	
696	4.490341e-03	-1.48093e+01	-5.16749e+00	
697	4.500341e-03	-1.48093e+01	-5.16757e+00	
698	4.510341e-03	-1.48093e+01	-5.16752e+00	
699	4.520341e-03	-1.48093e+01	-5.16760e+00	
700	4.530341e-03	-1.48093e+01	-5.16755e+00	
701	4.540341e-03	-1.48093e+01	-5.16762e+00	
702	4.550341e-03	-1.48093e+01	-5.16757e+00	
703	4.560341e-03	-1.48093e+01	-5.16765e+00	
704	4.570341e-03	-1.48093e+01	-5.16759e+00	
705	4.580341e-03	-1.48093e+01	-5.16767e+00	
706	4.590341e-03	-1.48093e+01	-5.16762e+00	
707	4.600341e-03	-1.48093e+01	-5.16769e+00	
708	4.610341e-03	-1.48093e+01	-5.16764e+00	
709	4.620341e-03	-1.48093e+01	-5.16771e+00	
710	4.630341e-03	-1.48093e+01	-5.16766e+00	
711	4.640341e-03	-1.48093e+01	-5.16773e+00	
712	4.650341e-03	-1.48093e+01	-5.16768e+00	
713	4.660341e-03	-1.48093e+01	-5.16775e+00	
714	4.670341e-03	-1.48093e+01	-5.16770e+00	
715	4.680341e-03	-1.48093e+01	-5.16777e+00	
716	4.690341e-03	-1.48093e+01	-5.16772e+00	
717	4.696582e-03	-1.48093e+01	-5.16779e+00	
718	4.702202e-03	-1.48093e+01	-5.16773e+00	
719	4.708619e-03	-1.48092e+01	-5.16780e+00	
720	4.712377e-03	-1.48074e+01	-5.16772e+00	
721	4.716285e-03	-1.47951e+01	-5.16769e+00	
722	4.719911e-03	-1.47529e+01	-5.16730e+00	
723	4.721490e-03	-1.45090e+01	-5.16546e+00	
724	4.722980e-03	-1.40401e+01	-5.16153e+00	
725	4.723741e-03	-1.37803e+01	-5.15937e+00	
726	4.724484e-03	-1.35135e+01	-5.15696e+00	
727	4.725971e-03	-1.29489e+01	-5.15183e+00	
728	4.728944e-03	-1.17208e+01	-5.13916e+00	
729	4.732767e-03	-1.00203e+01	-5.11783e+00	
730	4.738417e-03	-7.40358e+00	-5.06397e+00	
731	4.743634e-03	-4.94395e+00	-4.79874e+00	
732	4.746702e-03	-3.43332e+00	-3.40277e+00	
733	4.748549e-03	-2.51949e+00	-2.50014e+00	
734	4.750302e-03	-1.65118e+00	-1.67865e+00	
735	4.753442e-03	-9.15634e-02	-1.56322e-01	
736	4.756560e-03	1.461624e+00	1.329329e+00	
737	4.761457e-03	3.911181e+00	3.709043e+00	
738	4.764754e-03	5.548805e+00	4.939663e+00	
739	4.767025e-03	6.642226e+00	5.032087e+00	
740	4.769382e-03	7.774838e+00	5.070843e+00	
741	4.771983e-03	9.023170e+00	5.100854e+00	
742	4.774985e-03	1.046425e+01	5.123342e+00	
743	4.778502e-03	1.215162e+01	5.143143e+00	
744	4.781350e-03	1.351809e+01	5.156017e+00	
745	4.782865e-03	1.424423e+01	5.162471e+00	
746	4.784013e-03	1.472517e+01	5.166234e+00	
747	4.784421e-03	1.475661e+01	5.166731e+00	
748	4.784933e-03	1.477398e+01	5.166676e+00	
749	4.785418e-03	1.478386e+01	5.166934e+00	
750	4.786214e-03	1.479509e+01	5.166863e+00	

Index   time            v(2)            v(3)            
--------------------------------------------------------------------------------
751	4.787594e-03	1.480732e+01	5.167123e+00	
752	4.789987e-03	1.480927e+01	5.166988e+00	
753	4.793887e-03	1.480937e+01	5.167151e+00	
754	4.797624e-03	1.480941e+01	5.167008e+00	
755	4.803794e-03	1.480945e+01	5.167175e+00	
756	4.810386e-03	1.480946e+01	5.167037e+00	
757	4.820386e-03	1.480945e+01	5.167211e+00	
758	4.830386e-03	1.480943e+01	5.167080e+00	
759	4.840386e-03	1.480938e+01	5.167251e+00	
760	4.850386e-03	1.480931e+01	5.167121e+00	
761	4.860386e-03	1.480928e+01	5.167291e+00	
762	4.870386e-03	1.480928e+01	5.167161e+00	
763	4.880386e-03	1.480927e+01	5.167329e+00	
764	4.890386e-03	1.480927e+01	5.167200e+00	
765	4.900386e-03	1.480927e+01	5.167367e+00	
766	4.910386e-03	1.480927e+01	5.167237e+00	
767	4.920386e-03	1.480927e+01	5.167402e+00	
768	4.930386e-03	1.480927e+01	5.167272e+00	
769	4.940386e-03	1.480927e+01	5.167436e+00	
770	4.950386e-03	1.480927e+01	5.167306e+00	
771	4.960386e-03	1.480927e+01	5.167469e+00	
772	4.970386e-03	1.480927e+01	5.167339e+00	
773	4.980386e-03	1.480927e+01	5.167501e+00	
774	4.990386e-03	1.480927e+01	5.167370e+00	
775	5.000386e-03	1.480927e+01	5.167531e+00	
776	5.010386e-03	1.480927e+01	5.167401e+00	
777	5.020386e-03	1.480927e+01	5.167560e+00	
778	5.030386e-03	1.480927e+01	5.167430e+00	
779	5.040386e-03	1.480927e+01	5.167588e+00	
780	5.050386e-03	1.480927e+01	5.167458e+00	
781	5.060386e-03	1.480927e+01	5.167615e+00	
782	5.070386e-03	1.480927e+01	5.167484e+00	
783	5.080386e-03	1.480927e+01	5.167641e+00	
784	5.090386e-03	1.480927e+01	5.167510e+00	
785	5.100386e-03	1.480927e+01	5.167666e+00	
786	5.110386e-03	1.480927e+01	5.167535e+00	
787	5.120386e-03	1.480927e+01	5.167690e+00	
788	5.130386e-03	1.480927e+01	5.167559e+00	
789	5.140386e-03	1.480927e+01	5.167713e+00	
790	5.150386e-03	1.480927e+01	5.167581e+00	
791	5.160386e-03	1.480927e+01	5.167735e+00	
792	5.170386e-03	1.480927e+01	5.167603e+00	
793	5.180386e-03	1.480927e+01	5.167756e+00	
794	5.190386e-03	1.480927e+01	5.167624e+00	
795	5.200386e-03	1.480927e+01	5.167776e+00	
796	5.210386e-03	1.480927e+01	5.167645e+00	
797	5.220386e-03	1.480927e+01	5.167795e+00	
798	5.230386e-03	1.480927e+01	5.167664e+00	
799	5.240386e-03	1.480927e+01	5.167814e+00	
800	5.250386e-03	1.480926e+01	5.167682e+00	
801	5.255949e-03	1.480926e+01	5.167827e+00	
802	5.263147e-03	1.480925e+01	5.167694e+00	
803	5.267287e-03	1.480920e+01	5.167837e+00	
804	5.270966e-03	1.480187e+01	5.167643e+00	
805	5.274668e-03	1.478010e+01	5.167615e+00	
806	5.276475e-03	1.474270e+01	5.167186e+00	
807	5.277595e-03	1.455976e+01	5.165906e+00	
808	5.278651e-03	1.423353e+01	5.163111e+00	

Index   time            v(2)            v(3)            
--------------------------------------------------------------------------------
809	5.279254e-03	1.403469e+01	5.161589e+00	
810	5.279845e-03	1.383045e+01	5.159704e+00	
811	5.281027e-03	1.339914e+01	5.156046e+00	
812	5.283390e-03	1.245682e+01	5.146899e+00	
813	5.286570e-03	1.106944e+01	5.131772e+00	
814	5.291426e-03	8.812312e+00	5.098161e+00	
815	5.296727e-03	6.274957e+00	5.019700e+00	
816	5.299947e-03	4.705904e+00	4.594617e+00	
817	5.301816e-03	3.766096e+00	3.732691e+00	
818	5.302813e-03	3.261223e+00	3.212296e+00	
819	5.303743e-03	2.793479e+00	2.785702e+00	
820	5.304716e-03	2.301474e+00	2.290590e+00	
821	5.305644e-03	1.834662e+00	1.854958e+00	
822	5.306859e-03	1.221314e+00	1.250147e+00	
823	5.308356e-03	4.671838e-01	5.318531e-01	
824	5.310550e-03	-6.39906e-01	-5.46603e-01	
825	5.313883e-03	-2.31972e+00	-2.16104e+00	
826	5.318530e-03	-4.66194e+00	-4.43061e+00	
827	5.321088e-03	-5.91764e+00	-4.98513e+00	
828	5.323558e-03	-7.10798e+00	-5.05052e+00	
829	5.326037e-03	-8.29995e+00	-5.08456e+00	
830	5.329150e-03	-9.79627e+00	-5.11248e+00	
831	5.334726e-03	-1.24737e+01	-5.14603e+00	
832	5.338447e-03	-1.42596e+01	-5.16276e+00	
833	5.340312e-03	-1.47688e+01	-5.16672e+00	
834	5.341009e-03	-1.47844e+01	-5.16686e+00	
835	5.341629e-03	-1.47934e+01	-5.16693e+00	
836	5.342344e-03	-1.48002e+01	-5.16698e+00	
837	5.343774e-03	-1.48092e+01	-5.16707e+00	
838	5.346395e-03	-1.48093e+01	-5.16706e+00	
839	5.349395e-03	-1.48093e+01	-5.16708e+00	
840	5.352695e-03	-1.48094e+01	-5.16707e+00	
841	5.358240e-03	-1.48094e+01	-5.16711e+00	
842	5.365813e-03	-1.48094e+01	-5.16710e+00	
843	5.375813e-03	-1.48094e+01	-5.16714e+00	
844	5.385813e-03	-1.48094e+01	-5.16715e+00	
845	5.395813e-03	-1.48093e+01	-5.16719e+00	
846	5.405813e-03	-1.48093e+01	-5.16719e+00	
847	5.415813e-03	-1.48093e+01	-5.16723e+00	
848	5.425813e-03	-1.48093e+01	-5.16723e+00	
849	5.435813e-03	-1.48093e+01	-5.16727e+00	
850	5.445813e-03	-1.48093e+01	-5.16726e+00	
851	5.455813e-03	-1.48093e+01	-5.16730e+00	
852	5.465813e-03	-1.48093e+01	-5.16730e+00	
853	5.475813e-03	-1.48093e+01	-5.16734e+00	
854	5.485813e-03	-1.48093e+01	-5.16733e+00	
855	5.495813e-03	-1.48093e+01	-5.16738e+00	
856	5.505813e-03	-1.48093e+01	-5.16737e+00	
857	5.515813e-03	-1.48093e+01	-5.16741e+00	
858	5.525813e-03	-1.48093e+01	-5.16740e+00	
859	5.535813e-03	-1.48093e+01	-5.16744e+00	
860	5.545813e-03	-1.48093e+01	-5.16743e+00	
861	5.555813e-03	-1.48093e+01	-5.16747e+00	
862	5.565813e-03	-1.48093e+01	-5.16746e+00	
863	5.575813e-03	-1.48093e+01	-5.16750e+00	
864	5.585813e-03	-1.48093e+01	-5.16749e+00	
865	5.595813e-03	-1.48093e+01	-5.16753e+00	
866	5.605813e-03	-1.48093e+01	-5.16752e+00	

Index   time            v(2)            v(3)            
--------------------------------------------------------------------------------
867	5.615813e-03	-1.48093e+01	-5.16756e+00	
868	5.625813e-03	-1.48093e+01	-5.16754e+00	
869	5.635813e-03	-1.48093e+01	-5.16758e+00	
870	5.645813e-03	-1.48093e+01	-5.16757e+00	
871	5.655813e-03	-1.48093e+01	-5.16761e+00	
872	5.665813e-03	-1.48093e+01	-5.16759e+00	
873	5.675813e-03	-1.48093e+01	-5.16763e+00	
874	5.685813e-03	-1.48093e+01	-5.16762e+00	
875	5.695813e-03	-1.48093e+01	-5.16766e+00	
876	5.705813e-03	-1.48093e+01	-5.16764e+00	
877	5.715813e-03	-1.48093e+01	-5.16768e+00	
878	5.725813e-03	-1.48093e+01	-5.16766e+00	
879	5.735813e-03	-1.48093e+01	-5.16770e+00	
880	5.745813e-03	-1.48093e+01	-5.16768e+00	
881	5.755813e-03	-1.48093e+01	-5.16772e+00	
882	5.765813e-03	-1.48093e+01	-5.16770e+00	
883	5.775813e-03	-1.48093e+01	-5.16774e+00	
884	5.785813e-03	-1.48093e+01	-5.16772e+00	
885	5.795813e-03	-1.48093e+01	-5.16776e+00	
886	5.805813e-03	-1.48093e+01	-5.16774e+00	
887	5.811366e-03	-1.48093e+01	-5.16777e+00	
888	5.818376e-03	-1.48092e+01	-5.16775e+00	
889	5.822376e-03	-1.48092e+01	-5.16778e+00	
890	5.825943e-03	-1.48015e+01	-5.16770e+00	
891	5.829517e-03	-1.47802e+01	-5.16756e+00	
892	5.830825e-03	-1.47596e+01	-5.16737e+00	
893	5.831806e-03	-1.47113e+01	-5.16703e+00	
894	5.832362e-03	-1.45942e+01	-5.16610e+00	
895	5.832907e-03	-1.44327e+01	-5.16483e+00	
896	5.833295e-03	-1.43139e+01	-5.16383e+00	
897	5.833740e-03	-1.41712e+01	-5.16268e+00	
898	5.834602e-03	-1.38838e+01	-5.16022e+00	
899	5.835824e-03	-1.34461e+01	-5.15641e+00	
900	5.837018e-03	-1.29914e+01	-5.15218e+00	
901	5.839406e-03	-1.20145e+01	-5.14243e+00	
902	5.842735e-03	-1.05548e+01	-5.12502e+00	
903	5.847698e-03	-8.27423e+00	-5.08751e+00	
904	5.852979e-03	-5.79879e+00	-4.98516e+00	
905	5.856313e-03	-4.18963e+00	-4.12639e+00	
906	5.858990e-03	-2.86772e+00	-2.84330e+00	
907	5.861515e-03	-1.61681e+00	-1.64007e+00	
908	5.864024e-03	-3.71332e-01	-4.32030e-01	
909	5.869043e-03	2.130264e+00	1.979839e+00	
910	5.873117e-03	4.169169e+00	3.953143e+00	
911	5.875924e-03	5.561841e+00	4.942828e+00	
912	5.878535e-03	6.817764e+00	5.039707e+00	
913	5.881117e-03	8.058400e+00	5.078382e+00	
914	5.883539e-03	9.220715e+00	5.103928e+00	
915	5.887796e-03	1.126430e+01	5.134326e+00	
916	5.892957e-03	1.373938e+01	5.159301e+00	
917	5.896290e-03	1.477762e+01	5.166729e+00	
918	5.897145e-03	1.479145e+01	5.166978e+00	
919	5.897998e-03	1.480016e+01	5.166922e+00	
920	5.898984e-03	1.480729e+01	5.167102e+00	
921	5.900957e-03	1.480927e+01	5.167007e+00	
922	5.903491e-03	1.480929e+01	5.167127e+00	
923	5.906353e-03	1.480932e+01	5.167021e+00	
924	5.912076e-03	1.480934e+01	5.167147e+00	

Index   time            v(2)            v(3)            
--------------------------------------------------------------------------------
925	5.917767e-03	1.480935e+01	5.167048e+00	
926	5.927767e-03	1.480934e+01	5.167181e+00	
927	5.937767e-03	1.480932e+01	5.167091e+00	
928	5.947767e-03	1.480927e+01	5.167222e+00	
929	5.957767e-03	1.480932e+01	5.167134e+00	
930	5.967767e-03	1.480935e+01	5.167263e+00	
931	5.977767e-03	1.480935e+01	5.167174e+00	
932	5.987767e-03	1.480934e+01	5.167302e+00	
933	5.997767e-03	1.480930e+01	5.167213e+00	
934	6.007767e-03	1.480927e+01	5.167339e+00	
935	6.017767e-03	1.480931e+01	5.167250e+00	
936	6.027767e-03	1.480933e+01	5.167376e+00	
937	6.037767e-03	1.480934e+01	5.167286e+00	
938	6.047767e-03	1.480932e+01	5.167410e+00	
939	6.057767e-03	1.480928e+01	5.167320e+00	
940	6.067767e-03	1.480928e+01	5.167443e+00	
941	6.077767e-03	1.480928e+01	5.167353e+00	
942	6.087767e-03	1.480927e+01	5.167475e+00	
943	6.097767e-03	1.480927e+01	5.167384e+00	
944	6.107767e-03	1.480927e+01	5.167505e+00	
945	6.117767e-03	1.480927e+01	5.167415e+00	
946	6.127767e-03	1.480927e+01	5.167534e+00	
947	6.137767e-03	1.480927e+01	5.167444e+00	
948	6.147767e-03	1.480927e+01	5.167563e+00	
949	6.157767e-03	1.480927e+01	5.167472e+00	
950	6.167767e-03	1.480927e+01	5.167590e+00	
951	6.177767e-03	1.480927e+01	5.167499e+00	
952	6.187767e-03	1.480927e+01	5.167616e+00	
953	6.197767e-03	1.480927e+01	5.167525e+00	
954	6.207767e-03	1.480927e+01	5.167641e+00	
955	6.217767e-03	1.480927e+01	5.167550e+00	
956	6.227767e-03	1.480927e+01	5.167665e+00	
957	6.237767e-03	1.480927e+01	5.167574e+00	
958	6.247767e-03	1.480927e+01	5.167688e+00	
959	6.257767e-03	1.480927e+01	5.167597e+00	
960	6.267767e-03	1.480927e+01	5.167710e+00	
961	6.277767e-03	1.480927e+01	5.167619e+00	
962	6.287767e-03	1.480927e+01	5.167731e+00	
963	6.297767e-03	1.480927e+01	5.167640e+00	
964	6.307767e-03	1.480927e+01	5.167752e+00	
965	6.317767e-03	1.480927e+01	5.167661e+00	
966	6.327767e-03	1.480927e+01	5.167771e+00	
967	6.337767e-03	1.480927e+01	5.167680e+00	
968	6.347767e-03	1.480927e+01	5.167790e+00	
969	6.357767e-03	1.480927e+01	5.167699e+00	
970	6.364000e-03	1.480926e+01	5.167804e+00	
971	6.369706e-03	1.480926e+01	5.167710e+00	
972	6.376156e-03	1.480923e+01	5.167815e+00	
973	6.379959e-03	1.480713e+01	5.167702e+00	
974	6.383904e-03	1.479404e+01	5.167703e+00	
975	6.387595e-03	1.474208e+01	5.167200e+00	
976	6.388846e-03	1.451638e+01	5.165543e+00	
977	6.390123e-03	1.411409e+01	5.162131e+00	
978	6.390682e-03	1.392445e+01	5.160636e+00	
979	6.391232e-03	1.373088e+01	5.158858e+00	
980	6.392332e-03	1.332359e+01	5.155341e+00	
981	6.394237e-03	1.256478e+01	5.148014e+00	
982	6.397176e-03	1.129389e+01	5.134382e+00	

Index   time            v(2)            v(3)            
--------------------------------------------------------------------------------
983	6.401415e-03	9.339390e+00	5.107224e+00	
984	6.406523e-03	6.903615e+00	5.047590e+00	
985	6.410421e-03	5.020256e+00	4.833306e+00	
986	6.412411e-03	4.022210e+00	3.980982e+00	
987	6.413491e-03	3.475763e+00	3.418091e+00	
988	6.414479e-03	2.978722e+00	2.965588e+00	
989	6.415498e-03	2.463747e+00	2.446005e+00	
990	6.416462e-03	1.978227e+00	1.994371e+00	
991	6.417698e-03	1.354381e+00	1.377580e+00	
992	6.419198e-03	5.982971e-01	6.590413e-01	
993	6.421349e-03	-4.86511e-01	-3.99378e-01	
994	6.424559e-03	-2.10442e+00	-1.95270e+00	
995	6.429070e-03	-4.37842e+00	-4.15798e+00	
996	6.431785e-03	-5.72198e+00	-4.96410e+00	
997	6.433623e-03	-6.60775e+00	-5.02995e+00	
998	6.435542e-03	-7.53184e+00	-5.06445e+00	
999	6.438343e-03	-8.87852e+00	-5.09665e+00	
1000	6.441642e-03	-1.04634e+01	-5.12323e+00	
1001	6.445101e-03	-1.21247e+01	-5.14300e+00	
1002	6.447930e-03	-1.34824e+01	-5.15575e+00	
1003	6.449531e-03	-1.42505e+01	-5.16248e+00	
1004	6.450732e-03	-1.47327e+01	-5.16635e+00	
1005	6.451188e-03	-1.47615e+01	-5.16673e+00	
1006	6.451709e-03	-1.47768e+01	-5.16675e+00	
1007	6.452198e-03	-1.47859e+01	-5.16690e+00	
1008	6.453154e-03	-1.47975e+01	-5.16693e+00	
1009	6.454710e-03	-1.48089e+01	-5.16708e+00	
1010	6.457055e-03	-1.48093e+01	-5.16704e+00	
1011	6.460930e-03	-1.48094e+01	-5.16710e+00	
1012	6.464660e-03	-1.48094e+01	-5.16706e+00	
1013	6.470357e-03	-1.48094e+01	-5.16712e+00	
1014	6.477802e-03	-1.48094e+01	-5.16709e+00	
1015	6.487802e-03	-1.48094e+01	-5.16716e+00	
1016	6.497802e-03	-1.48093e+01	-5.16714e+00	
1017	6.507802e-03	-1.48093e+01	-5.16720e+00	
1018	6.517802e-03	-1.48093e+01	-5.16718e+00	
1019	6.527802e-03	-1.48093e+01	-5.16724e+00	
1020	6.537802e-03	-1.48093e+01	-5.16722e+00	
1021	6.547802e-03	-1.48093e+01	-5.16728e+00	
1022	6.557802e-03	-1.48093e+01	-5.16726e+00	
1023	6.567802e-03	-1.48093e+01	-5.16732e+00	
1024	6.577802e-03	-1.48093e+01	-5.16729e+00	
1025	6.587802e-03	-1.48093e+01	-5.16735e+00	
1026	6.597802e-03	-1.48093e+01	-5.16733e+00	
1027	6.607802e-03	-1.48093e+01	-5.16738e+00	
1028	6.617802e-03	-1.48093e+01	-5.16736e+00	
1029	6.627802e-03	-1.48093e+01	-5.16742e+00	
1030	6.637802e-03	-1.48093e+01	-5.16739e+00	
1031	6.647802e-03	-1.48093e+01	-5.16745e+00	
1032	6.657802e-03	-1.48093e+01	-5.16743e+00	
1033	6.667802e-03	-1.48093e+01	-5.16748e+00	
1034	6.677802e-03	-1.48093e+01	-5.16746e+00	
1035	6.687802e-03	-1.48093e+01	-5.16751e+00	
1036	6.697802e-03	-1.48093e+01	-5.16749e+00	
1037	6.707802e-03	-1.48093e+01	-5.16754e+00	
1038	6.717802e-03	-1.48093e+01	-5.16751e+00	
1039	6.727802e-03	-1.48093e+01	-5.16756e+00	
1040	6.737802e-03	-1.48093e+01	-5.16754e+00	

Index   time            v(2)            v(3)            
--------------------------------------------------------------------------------
1041	6.747802e-03	-1.48093e+01	-5.16759e+00	
1042	6.757802e-03	-1.48093e+01	-5.16757e+00	
1043	6.767802e-03	-1.48093e+01	-5.16761e+00	
1044	6.777802e-03	-1.48093e+01	-5.16759e+00	
1045	6.787802e-03	-1.48093e+01	-5.16764e+00	
1046	6.797802e-03	-1.48093e+01	-5.16761e+00	
1047	6.807802e-03	-1.48093e+01	-5.16766e+00	
1048	6.817802e-03	-1.48093e+01	-5.16764e+00	
1049	6.827802e-03	-1.48093e+01	-5.16768e+00	
1050	6.837802e-03	-1.48093e+01	-5.16766e+00	
1051	6.847802e-03	-1.48093e+01	-5.16770e+00	
1052	6.857802e-03	-1.48093e+01	-5.16768e+00	
1053	6.867802e-03	-1.48093e+01	-5.16772e+00	
1054	6.877802e-03	-1.48093e+01	-5.16770e+00	
1055	6.887802e-03	-1.48093e+01	-5.16774e+00	
1056	6.897802e-03	-1.48093e+01	-5.16772e+00	
1057	6.907802e-03	-1.48093e+01	-5.16776e+00	
1058	6.916416e-03	-1.48093e+01	-5.16774e+00	
1059	6.921809e-03	-1.48093e+01	-5.16777e+00	
1060	6.928845e-03	-1.48092e+01	-5.16775e+00	
1061	6.933048e-03	-1.48092e+01	-5.16778e+00	
1062	6.936577e-03	-1.48028e+01	-5.16771e+00	
1063	6.940114e-03	-1.47847e+01	-5.16760e+00	
1064	6.941972e-03	-1.47578e+01	-5.16736e+00	
1065	6.943195e-03	-1.46606e+01	-5.16664e+00	
1066	6.943874e-03	-1.44691e+01	-5.16511e+00	
1067	6.944243e-03	-1.43571e+01	-5.16420e+00	
1068	6.944716e-03	-1.42080e+01	-5.16296e+00	
1069	6.945662e-03	-1.38940e+01	-5.16033e+00	
1070	6.947070e-03	-1.33893e+01	-5.15587e+00	
1071	6.948722e-03	-1.27497e+01	-5.14990e+00	
1072	6.951257e-03	-1.16914e+01	-5.13886e+00	
1073	6.955199e-03	-9.93536e+00	-5.11655e+00	
1074	6.960278e-03	-7.58250e+00	-5.06919e+00	
1075	6.965757e-03	-5.00203e+00	-4.82836e+00	
1076	6.968855e-03	-3.47812e+00	-3.44859e+00	
1077	6.970651e-03	-2.58881e+00	-2.56480e+00	
1078	6.972323e-03	-1.76170e+00	-1.78725e+00	
1079	6.975006e-03	-4.29020e-01	-4.80613e-01	
1080	6.977642e-03	8.823989e-01	7.685046e-01	
1081	6.981671e-03	2.894865e+00	2.728819e+00	
1082	6.985782e-03	4.954664e+00	4.692459e+00	
1083	6.988302e-03	6.177864e+00	5.006346e+00	
1084	6.991170e-03	7.556131e+00	5.065543e+00	
1085	6.994127e-03	8.975648e+00	5.098828e+00	
1086	6.997991e-03	1.083029e+01	5.126970e+00	
1087	7.001219e-03	1.237905e+01	5.145413e+00	
1088	7.004250e-03	1.383319e+01	5.158837e+00	
1089	7.007137e-03	1.477212e+01	5.166850e+00	
1090	7.007850e-03	1.478676e+01	5.166776e+00	
1091	7.008637e-03	1.479604e+01	5.167049e+00	
1092	7.009512e-03	1.480372e+01	5.166916e+00	
1093	7.011263e-03	1.480923e+01	5.167162e+00	
1094	7.014114e-03	1.480929e+01	5.166969e+00	
1095	7.017187e-03	1.480931e+01	5.167178e+00	
1096	7.022295e-03	1.480935e+01	5.166992e+00	
1097	7.027631e-03	1.480935e+01	5.167202e+00	
1098	7.037631e-03	1.480935e+01	5.167026e+00	

Index   time            v(2)            v(3)            
--------------------------------------------------------------------------------
1099	7.047631e-03	1.480931e+01	5.167245e+00	
1100	7.057631e-03	1.480928e+01	5.167066e+00	
1101	7.067631e-03	1.480931e+01	5.167287e+00	
1102	7.077631e-03	1.480934e+01	5.167108e+00	
1103	7.087631e-03	1.480933e+01	5.167327e+00	
1104	7.097631e-03	1.480931e+01	5.167147e+00	
1105	7.107631e-03	1.480927e+01	5.167366e+00	
1106	7.117631e-03	1.480930e+01	5.167184e+00	
1107	7.127631e-03	1.480930e+01	5.167403e+00	
1108	7.137631e-03	1.480929e+01	5.167221e+00	
1109	7.147631e-03	1.480926e+01	5.167438e+00	
1110	7.157631e-03	1.480928e+01	5.167255e+00	
1111	7.167631e-03	1.480927e+01	5.167472e+00	
1112	7.177631e-03	1.480927e+01	5.167289e+00	
1113	7.187631e-03	1.480927e+01	5.167505e+00	
1114	7.197631e-03	1.480927e+01	5.167321e+00	
1115	7.207631e-03	1.480926e+01	5.167537e+00	
1116	7.217631e-03	1.480927e+01	5.167352e+00	
1117	7.227631e-03	1.480926e+01	5.167567e+00	
1118	7.237631e-03	1.480927e+01	5.167382e+00	
1119	7.247631e-03	1.480926e+01	5.167596e+00	
1120	7.257631e-03	1.480927e+01	5.167410e+00	
1121	7.267631e-03	1.480926e+01	5.167624e+00	
1122	7.277631e-03	1.480927e+01	5.167438e+00	
1123	7.287631e-03	1.480926e+01	5.167651e+00	
1124	7.297631e-03	1.480927e+01	5.167464e+00	
1125	7.307631e-03	1.480926e+01	5.167677e+00	
1126	7.317631e-03	1.480927e+01	5.167489e+00	
1127	7.327631e-03	1.480926e+01	5.167701e+00	
1128	7.337631e-03	1.480927e+01	5.167513e+00	
1129	7.347631e-03	1.480926e+01	5.167725e+00	
1130	7.357631e-03	1.480927e+01	5.167537e+00	
1131	7.367631e-03	1.480926e+01	5.167748e+00	
1132	7.377631e-03	1.480927e+01	5.167559e+00	
1133	7.387631e-03	1.480926e+01	5.167770e+00	
1134	7.397631e-03	1.480927e+01	5.167581e+00	
1135	7.407631e-03	1.480926e+01	5.167791e+00	
1136	7.417631e-03	1.480927e+01	5.167601e+00	
1137	7.427631e-03	1.480926e+01	5.167811e+00	
1138	7.437631e-03	1.480927e+01	5.167621e+00	
1139	7.447631e-03	1.480926e+01	5.167831e+00	
1140	7.457631e-03	1.480927e+01	5.167640e+00	
1141	7.467631e-03	1.480926e+01	5.167849e+00	
1142	7.474283e-03	1.480927e+01	5.167654e+00	
1143	7.479859e-03	1.480926e+01	5.167858e+00	
1144	7.486435e-03	1.480925e+01	5.167665e+00	
1145	7.490234e-03	1.480889e+01	5.167865e+00	
1146	7.494113e-03	1.479874e+01	5.167589e+00	
1147	7.497794e-03	1.476831e+01	5.167554e+00	
1148	7.499425e-03	1.467550e+01	5.166632e+00	
1149	7.500185e-03	1.446130e+01	5.165167e+00	
1150	7.500579e-03	1.433957e+01	5.163940e+00	
1151	7.501112e-03	1.416767e+01	5.162750e+00	
1152	7.502178e-03	1.380354e+01	5.159433e+00	
1153	7.503364e-03	1.336730e+01	5.155804e+00	
1154	7.504822e-03	1.279376e+01	5.150192e+00	
1155	7.507568e-03	1.162651e+01	5.138310e+00	
1156	7.511374e-03	9.892531e+00	5.115491e+00	

Index   time            v(2)            v(3)            
--------------------------------------------------------------------------------
1157	7.516220e-03	7.594994e+00	5.071744e+00	
1158	7.521507e-03	5.046024e+00	4.841372e+00	
1159	7.523817e-03	3.887666e+00	3.857962e+00	
1160	7.524964e-03	3.306840e+00	3.248107e+00	
1161	7.526000e-03	2.785937e+00	2.784227e+00	
1162	7.527009e-03	2.275665e+00	2.259678e+00	
1163	7.527991e-03	1.781366e+00	1.807276e+00	
1164	7.529150e-03	1.196399e+00	1.221830e+00	
1165	7.530522e-03	5.050176e-01	5.709118e-01	
1166	7.532360e-03	-4.22152e-01	-3.39507e-01	
1167	7.534952e-03	-1.72871e+00	-1.58836e+00	
1168	7.538325e-03	-3.42925e+00	-3.24326e+00	
1169	7.540658e-03	-4.60452e+00	-4.36612e+00	
1170	7.541594e-03	-5.07366e+00	-4.77962e+00	
1171	7.542287e-03	-5.41372e+00	-4.91753e+00	
1172	7.542952e-03	-5.73548e+00	-4.96763e+00	
1173	7.543624e-03	-6.05983e+00	-4.99629e+00	
1174	7.544236e-03	-6.35468e+00	-5.01654e+00	
1175	7.545460e-03	-6.94451e+00	-5.04514e+00	
1176	7.547909e-03	-8.12211e+00	-5.08032e+00	
1177	7.550521e-03	-9.37800e+00	-5.10655e+00	
1178	7.553885e-03	-1.09936e+01	-5.13018e+00	
1179	7.557859e-03	-1.29021e+01	-5.15068e+00	
1180	7.560620e-03	-1.42263e+01	-5.16232e+00	
1181	7.562075e-03	-1.47488e+01	-5.16649e+00	
1182	7.562566e-03	-1.47696e+01	-5.16680e+00	
1183	7.563065e-03	-1.47812e+01	-5.16678e+00	
1184	7.563633e-03	-1.47901e+01	-5.16695e+00	
1185	7.564770e-03	-1.48016e+01	-5.16695e+00	
1186	7.566623e-03	-1.48092e+01	-5.16711e+00	
1187	7.570174e-03	-1.48093e+01	-5.16703e+00	
1188	7.573423e-03	-1.48094e+01	-5.16713e+00	
1189	7.578418e-03	-1.48094e+01	-5.16705e+00	
1190	7.583894e-03	-1.48094e+01	-5.16715e+00	
1191	7.593894e-03	-1.48094e+01	-5.16708e+00	
1192	7.603894e-03	-1.48094e+01	-5.16719e+00	
1193	7.613894e-03	-1.48093e+01	-5.16712e+00	
1194	7.623894e-03	-1.48093e+01	-5.16723e+00	
1195	7.633894e-03	-1.48093e+01	-5.16716e+00	
1196	7.643894e-03	-1.48094e+01	-5.16727e+00	
1197	7.653894e-03	-1.48094e+01	-5.16720e+00	
1198	7.663894e-03	-1.48094e+01	-5.16731e+00	
1199	7.673894e-03	-1.48094e+01	-5.16724e+00	
1200	7.683894e-03	-1.48093e+01	-5.16735e+00	
1201	7.693894e-03	-1.48093e+01	-5.16728e+00	
1202	7.703894e-03	-1.48093e+01	-5.16738e+00	
1203	7.713894e-03	-1.48093e+01	-5.16731e+00	
1204	7.723894e-03	-1.48093e+01	-5.16742e+00	
1205	7.733894e-03	-1.48093e+01	-5.16735e+00	
1206	7.743894e-03	-1.48093e+01	-5.16745e+00	
1207	7.753894e-03	-1.48093e+01	-5.16738e+00	
1208	7.763894e-03	-1.48093e+01	-5.16748e+00	
1209	7.773894e-03	-1.48093e+01	-5.16741e+00	
1210	7.783894e-03	-1.48093e+01	-5.16751e+00	
1211	7.793894e-03	-1.48093e+01	-5.16744e+00	
1212	7.803894e-03	-1.48093e+01	-5.16754e+00	
1213	7.813894e-03	-1.48093e+01	-5.16747e+00	
1214	7.823894e-03	-1.48093e+01	-5.16757e+00	

Index   time            v(2)            v(3)            
--------------------------------------------------------------------------------
1215	7.833894e-03	-1.48093e+01	-5.16750e+00	
1216	7.843894e-03	-1.48093e+01	-5.16759e+00	
1217	7.853894e-03	-1.48093e+01	-5.16752e+00	
1218	7.863894e-03	-1.48093e+01	-5.16762e+00	
1219	7.873894e-03	-1.48093e+01	-5.16755e+00	
1220	7.883894e-03	-1.48093e+01	-5.16764e+00	
1221	7.893894e-03	-1.48093e+01	-5.16757e+00	
1222	7.903894e-03	-1.48093e+01	-5.16767e+00	
1223	7.913894e-03	-1.48093e+01	-5.16760e+00	
1224	7.923894e-03	-1.48093e+01	-5.16769e+00	
1225	7.933894e-03	-1.48093e+01	-5.16762e+00	
1226	7.943894e-03	-1.48093e+01	-5.16771e+00	
1227	7.953894e-03	-1.48093e+01	-5.16764e+00	
1228	7.963894e-03	-1.48093e+01	-5.16773e+00	
1229	7.973894e-03	-1.48093e+01	-5.16766e+00	
1230	7.983894e-03	-1.48093e+01	-5.16775e+00	
1231	7.993894e-03	-1.48093e+01	-5.16768e+00	
1232	8.003894e-03	-1.48093e+01	-5.16777e+00	
1233	8.013894e-03	-1.48093e+01	-5.16770e+00	
1234	8.023894e-03	-1.48093e+01	-5.16779e+00	
1235	8.030057e-03	-1.48093e+01	-5.16771e+00	
1236	8.035752e-03	-1.48093e+01	-5.16780e+00	
1237	8.042195e-03	-1.48092e+01	-5.16773e+00	
1238	8.045924e-03	-1.48069e+01	-5.16779e+00	
1239	8.049738e-03	-1.47944e+01	-5.16762e+00	
1240	8.053578e-03	-1.47402e+01	-5.16728e+00	
1241	8.054769e-03	-1.45266e+01	-5.16553e+00	
1242	8.056087e-03	-1.41173e+01	-5.16225e+00	
1243	8.056557e-03	-1.39606e+01	-5.16085e+00	
1244	8.057019e-03	-1.38016e+01	-5.15957e+00	
1245	8.057944e-03	-1.34695e+01	-5.15656e+00	
1246	8.059661e-03	-1.28103e+01	-5.15052e+00	
1247	8.062387e-03	-1.16755e+01	-5.13864e+00	
1248	8.066161e-03	-9.99426e+00	-5.11745e+00	
1249	8.071302e-03	-7.61409e+00	-5.06997e+00	
1250	8.076775e-03	-5.03716e+00	-4.84621e+00	
1251	8.079767e-03	-3.56664e+00	-3.53000e+00	
1252	8.081776e-03	-2.57256e+00	-2.55297e+00	
1253	8.083623e-03	-1.65804e+00	-1.68413e+00	
1254	8.087318e-03	1.778283e-01	1.027238e-01	
1255	8.090898e-03	1.962336e+00	1.813838e+00	
1256	8.095270e-03	4.150836e+00	3.939333e+00	
1257	8.098114e-03	5.561048e+00	4.942031e+00	
1258	8.100349e-03	6.637212e+00	5.031688e+00	
1259	8.102646e-03	7.740644e+00	5.071798e+00	
1260	8.105114e-03	8.925618e+00	5.097675e+00	
1261	8.108794e-03	1.069184e+01	5.126017e+00	
1262	8.112604e-03	1.251949e+01	5.147177e+00	
1263	8.115071e-03	1.370300e+01	5.157673e+00	
1264	8.117781e-03	1.475674e+01	5.166687e+00	
1265	8.118535e-03	1.477943e+01	5.166755e+00	
1266	8.119363e-03	1.479227e+01	5.166977e+00	
1267	8.120160e-03	1.480020e+01	5.166927e+00	
1268	8.121753e-03	1.480921e+01	5.167118e+00	
1269	8.124799e-03	1.480928e+01	5.167011e+00	
1270	8.129538e-03	1.480935e+01	5.167137e+00	
1271	8.134720e-03	1.480939e+01	5.167035e+00	
1272	8.140423e-03	1.480940e+01	5.167162e+00	

Index   time            v(2)            v(3)            
--------------------------------------------------------------------------------
1273	8.150423e-03	1.480941e+01	5.167070e+00	
1274	8.160423e-03	1.480939e+01	5.167205e+00	
1275	8.170423e-03	1.480936e+01	5.167112e+00	
1276	8.180423e-03	1.480930e+01	5.167246e+00	
1277	8.190423e-03	1.480929e+01	5.167152e+00	
1278	8.200423e-03	1.480926e+01	5.167286e+00	
1279	8.210423e-03	1.480928e+01	5.167192e+00	
1280	8.220423e-03	1.480927e+01	5.167324e+00	
1281	8.230423e-03	1.480927e+01	5.167229e+00	
1282	8.240423e-03	1.480926e+01	5.167361e+00	
1283	8.250423e-03	1.480927e+01	5.167266e+00	
1284	8.260423e-03	1.480926e+01	5.167397e+00	
1285	8.270423e-03	1.480927e+01	5.167300e+00	
1286	8.280423e-03	1.480926e+01	5.167431e+00	
1287	8.290423e-03	1.480927e+01	5.167334e+00	
1288	8.300423e-03	1.480926e+01	5.167463e+00	
1289	8.310423e-03	1.480927e+01	5.167366e+00	
1290	8.320423e-03	1.480926e+01	5.167495e+00	
1291	8.330423e-03	1.480927e+01	5.167397e+00	
1292	8.340423e-03	1.480926e+01	5.167525e+00	
1293	8.350423e-03	1.480927e+01	5.167426e+00	
1294	8.360423e-03	1.480926e+01	5.167554e+00	
1295	8.370423e-03	1.480927e+01	5.167455e+00	
1296	8.380423e-03	1.480926e+01	5.167582e+00	
1297	8.390423e-03	1.480927e+01	5.167482e+00	
1298	8.400423e-03	1.480926e+01	5.167608e+00	
1299	8.410423e-03	1.480927e+01	5.167508e+00	
1300	8.420423e-03	1.480926e+01	5.167634e+00	
1301	8.430423e-03	1.480927e+01	5.167534e+00	
1302	8.440423e-03	1.480926e+01	5.167659e+00	
1303	8.450423e-03	1.480927e+01	5.167558e+00	
1304	8.460423e-03	1.480926e+01	5.167682e+00	
1305	8.470423e-03	1.480927e+01	5.167581e+00	
1306	8.480423e-03	1.480926e+01	5.167705e+00	
1307	8.490423e-03	1.480927e+01	5.167603e+00	
1308	8.500423e-03	1.480926e+01	5.167727e+00	
1309	8.510423e-03	1.480927e+01	5.167625e+00	
1310	8.520423e-03	1.480926e+01	5.167748e+00	
1311	8.530423e-03	1.480927e+01	5.167645e+00	
1312	8.540423e-03	1.480926e+01	5.167768e+00	
1313	8.550423e-03	1.480927e+01	5.167665e+00	
1314	8.560423e-03	1.480926e+01	5.167787e+00	
1315	8.570423e-03	1.480927e+01	5.167684e+00	
1316	8.580423e-03	1.480926e+01	5.167806e+00	
1317	8.586505e-03	1.480927e+01	5.167699e+00	
1318	8.592368e-03	1.480925e+01	5.167816e+00	
1319	8.598869e-03	1.480924e+01	5.167709e+00	
1320	8.602623e-03	1.480608e+01	5.167801e+00	
1321	8.606423e-03	1.479209e+01	5.167582e+00	
1322	8.610495e-03	1.466546e+01	5.166704e+00	
1323	8.612262e-03	1.413126e+01	5.162301e+00	
1324	8.613443e-03	1.372359e+01	5.158883e+00	
1325	8.614580e-03	1.330321e+01	5.155059e+00	
1326	8.616854e-03	1.238813e+01	5.146347e+00	
1327	8.620410e-03	1.082645e+01	5.128639e+00	
1328	8.624989e-03	8.687608e+00	5.095128e+00	
1329	8.630461e-03	6.067702e+00	5.005394e+00	
1330	8.633408e-03	4.627101e+00	4.544683e+00	

Index   time            v(2)            v(3)            
--------------------------------------------------------------------------------
1331	8.635946e-03	3.348290e+00	3.311652e+00	
1332	8.637962e-03	2.330508e+00	2.326594e+00	
1333	8.640124e-03	1.241092e+00	1.275409e+00	
1334	8.644449e-03	-9.40971e-01	-8.33777e-01	
1335	8.652109e-03	-4.79997e+00	-4.55883e+00	
1336	8.655096e-03	-6.25850e+00	-5.01161e+00	
1337	8.658993e-03	-8.13275e+00	-5.08043e+00	
1338	8.662676e-03	-9.90391e+00	-5.11450e+00	
1339	8.666942e-03	-1.19515e+01	-5.14169e+00	
1340	8.669761e-03	-1.33057e+01	-5.15441e+00	
1341	8.671732e-03	-1.42505e+01	-5.16236e+00	
1342	8.672796e-03	-1.47148e+01	-5.16630e+00	
1343	8.673178e-03	-1.47517e+01	-5.16654e+00	
1344	8.673654e-03	-1.47705e+01	-5.16679e+00	
1345	8.674158e-03	-1.47819e+01	-5.16678e+00	
1346	8.674792e-03	-1.47918e+01	-5.16697e+00	
1347	8.676060e-03	-1.48046e+01	-5.16696e+00	
1348	8.678162e-03	-1.48093e+01	-5.16712e+00	
1349	8.681186e-03	-1.48093e+01	-5.16701e+00	
1350	8.684028e-03	-1.48093e+01	-5.16714e+00	
1351	8.689712e-03	-1.48093e+01	-5.16703e+00	
1352	8.695030e-03	-1.48093e+01	-5.16716e+00	
1353	8.705030e-03	-1.48093e+01	-5.16707e+00	
1354	8.715030e-03	-1.48093e+01	-5.16721e+00	
1355	8.725030e-03	-1.48093e+01	-5.16711e+00	
1356	8.735030e-03	-1.48093e+01	-5.16725e+00	
1357	8.745030e-03	-1.48093e+01	-5.16715e+00	
1358	8.755030e-03	-1.48093e+01	-5.16729e+00	
1359	8.765030e-03	-1.48093e+01	-5.16719e+00	
1360	8.775030e-03	-1.48093e+01	-5.16733e+00	
1361	8.785030e-03	-1.48093e+01	-5.16723e+00	
1362	8.795030e-03	-1.48093e+01	-5.16736e+00	
1363	8.805030e-03	-1.48093e+01	-5.16726e+00	
1364	8.815030e-03	-1.48093e+01	-5.16740e+00	
1365	8.825030e-03	-1.48093e+01	-5.16730e+00	
1366	8.835030e-03	-1.48093e+01	-5.16743e+00	
1367	8.845030e-03	-1.48093e+01	-5.16733e+00	
1368	8.855030e-03	-1.48093e+01	-5.16747e+00	
1369	8.865030e-03	-1.48093e+01	-5.16736e+00	
1370	8.875030e-03	-1.48093e+01	-5.16750e+00	
1371	8.885030e-03	-1.48093e+01	-5.16739e+00	
1372	8.895030e-03	-1.48093e+01	-5.16753e+00	
1373	8.905030e-03	-1.48093e+01	-5.16742e+00	
1374	8.915030e-03	-1.48093e+01	-5.16756e+00	
1375	8.925030e-03	-1.48093e+01	-5.16745e+00	
1376	8.935030e-03	-1.48093e+01	-5.16759e+00	
1377	8.945030e-03	-1.48093e+01	-5.16748e+00	
1378	8.955030e-03	-1.48093e+01	-5.16761e+00	
1379	8.965030e-03	-1.48093e+01	-5.16750e+00	
1380	8.975030e-03	-1.48093e+01	-5.16764e+00	
1381	8.985030e-03	-1.48093e+01	-5.16753e+00	
1382	8.995030e-03	-1.48093e+01	-5.16766e+00	
1383	9.005030e-03	-1.48093e+01	-5.16755e+00	
1384	9.015030e-03	-1.48093e+01	-5.16769e+00	
1385	9.025030e-03	-1.48093e+01	-5.16758e+00	
1386	9.035030e-03	-1.48093e+01	-5.16771e+00	
1387	9.045030e-03	-1.48093e+01	-5.16760e+00	
1388	9.055030e-03	-1.48093e+01	-5.16773e+00	

Index   time            v(2)            v(3)            
--------------------------------------------------------------------------------
1389	9.065030e-03	-1.48093e+01	-5.16762e+00	
1390	9.075030e-03	-1.48093e+01	-5.16775e+00	
1391	9.085030e-03	-1.48093e+01	-5.16764e+00	
1392	9.095030e-03	-1.48093e+01	-5.16777e+00	
1393	9.105030e-03	-1.48093e+01	-5.16766e+00	
1394	9.115030e-03	-1.48093e+01	-5.16779e+00	
1395	9.125030e-03	-1.48093e+01	-5.16768e+00	
1396	9.135030e-03	-1.48093e+01	-5.16781e+00	
1397	9.141175e-03	-1.48093e+01	-5.16769e+00	
1398	9.146889e-03	-1.48093e+01	-5.16782e+00	
1399	9.153341e-03	-1.48092e+01	-5.16770e+00	
1400	9.157063e-03	-1.48068e+01	-5.16781e+00	
1401	9.160852e-03	-1.47942e+01	-5.16759e+00	
1402	9.164755e-03	-1.47357e+01	-5.16726e+00	
1403	9.166308e-03	-1.43904e+01	-5.16442e+00	
1404	9.167737e-03	-1.39286e+01	-5.16067e+00	
1405	9.169023e-03	-1.34720e+01	-5.15657e+00	
1406	9.170439e-03	-1.29321e+01	-5.15171e+00	
1407	9.173208e-03	-1.17895e+01	-5.13992e+00	
1408	9.177463e-03	-9.89806e+00	-5.11613e+00	
1409	9.182662e-03	-7.48793e+00	-5.06634e+00	
1410	9.188187e-03	-4.88196e+00	-4.76117e+00	
1411	9.191137e-03	-3.42810e+00	-3.39402e+00	
1412	9.193687e-03	-2.16644e+00	-2.16255e+00	
1413	9.196292e-03	-8.74827e-01	-9.26188e-01	
1414	9.201501e-03	1.719356e+00	1.590459e+00	
1415	9.206902e-03	4.422481e+00	4.190680e+00	
1416	9.209744e-03	5.821131e+00	4.976135e+00	
1417	9.212522e-03	7.157462e+00	5.052549e+00	
1418	9.215252e-03	8.468332e+00	5.088744e+00	
1419	9.218035e-03	9.804159e+00	5.113720e+00	
1420	9.223599e-03	1.247403e+01	5.146091e+00	
1421	9.229849e-03	1.478137e+01	5.166766e+00	
1422	9.231280e-03	1.479961e+01	5.167038e+00	
1423	9.232791e-03	1.480919e+01	5.167006e+00	
1424	9.234215e-03	1.480925e+01	5.167114e+00	
1425	9.237064e-03	1.480929e+01	5.167023e+00	
1426	9.239743e-03	1.480931e+01	5.167123e+00	
1427	9.245100e-03	1.480931e+01	5.167045e+00	
1428	9.250810e-03	1.480931e+01	5.167147e+00	
1429	9.260810e-03	1.480927e+01	5.167080e+00	
1430	9.270810e-03	1.480929e+01	5.167189e+00	
1431	9.280810e-03	1.480928e+01	5.167124e+00	
1432	9.290810e-03	1.480927e+01	5.167230e+00	
1433	9.300810e-03	1.480927e+01	5.167165e+00	
1434	9.310810e-03	1.480927e+01	5.167269e+00	
1435	9.320810e-03	1.480927e+01	5.167205e+00	
1436	9.330810e-03	1.480927e+01	5.167307e+00	
1437	9.340810e-03	1.480927e+01	5.167244e+00	
1438	9.350810e-03	1.480927e+01	5.167343e+00	
1439	9.360810e-03	1.480927e+01	5.167281e+00	
1440	9.370810e-03	1.480927e+01	5.167378e+00	
1441	9.380810e-03	1.480927e+01	5.167317e+00	
1442	9.390810e-03	1.480927e+01	5.167411e+00	
1443	9.400810e-03	1.480927e+01	5.167351e+00	
1444	9.410810e-03	1.480927e+01	5.167443e+00	
1445	9.420810e-03	1.480927e+01	5.167383e+00	
1446	9.430810e-03	1.480927e+01	5.167474e+00	

Index   time            v(2)            v(3)            
--------------------------------------------------------------------------------
1447	9.440810e-03	1.480927e+01	5.167415e+00	
1448	9.450810e-03	1.480927e+01	5.167503e+00	
1449	9.460810e-03	1.480927e+01	5.167445e+00	
1450	9.470810e-03	1.480927e+01	5.167532e+00	
1451	9.480810e-03	1.480927e+01	5.167474e+00	
1452	9.490810e-03	1.480927e+01	5.167559e+00	
1453	9.500810e-03	1.480927e+01	5.167502e+00	
1454	9.510810e-03	1.480927e+01	5.167585e+00	
1455	9.520810e-03	1.480927e+01	5.167529e+00	
1456	9.530810e-03	1.480927e+01	5.167610e+00	
1457	9.540810e-03	1.480927e+01	5.167555e+00	
1458	9.550810e-03	1.480927e+01	5.167635e+00	
1459	9.560810e-03	1.480927e+01	5.167579e+00	
1460	9.570810e-03	1.480927e+01	5.167658e+00	
1461	9.580810e-03	1.480927e+01	5.167603e+00	
1462	9.590810e-03	1.480927e+01	5.167680e+00	
1463	9.600810e-03	1.480927e+01	5.167626e+00	
1464	9.610810e-03	1.480927e+01	5.167702e+00	
1465	9.620810e-03	1.480927e+01	5.167648e+00	
1466	9.630810e-03	1.480927e+01	5.167722e+00	
1467	9.640810e-03	1.480927e+01	5.167669e+00	
1468	9.650810e-03	1.480927e+01	5.167742e+00	
1469	9.660810e-03	1.480927e+01	5.167689e+00	
1470	9.670810e-03	1.480927e+01	5.167761e+00	
1471	9.680810e-03	1.480927e+01	5.167709e+00	
1472	9.690810e-03	1.480927e+01	5.167779e+00	
1473	9.697116e-03	1.480926e+01	5.167724e+00	
1474	9.702810e-03	1.480926e+01	5.167789e+00	
1475	9.709302e-03	1.480924e+01	5.167735e+00	
1476	9.713079e-03	1.480755e+01	5.167785e+00	
1477	9.716953e-03	1.479544e+01	5.167635e+00	
1478	9.720735e-03	1.474901e+01	5.167332e+00	
1479	9.722343e-03	1.445914e+01	5.165002e+00	
1480	9.723847e-03	1.397353e+01	5.161026e+00	
1481	9.724905e-03	1.359822e+01	5.157722e+00	
1482	9.725859e-03	1.323927e+01	5.154540e+00	
1483	9.727766e-03	1.247158e+01	5.147111e+00	
1484	9.731211e-03	1.096670e+01	5.130380e+00	
1485	9.736510e-03	8.496428e+00	5.092322e+00	
1486	9.741909e-03	5.906904e+00	4.994529e+00	
1487	9.745190e-03	4.291812e+00	4.217391e+00	
1488	9.749214e-03	2.262835e+00	2.267367e+00	
1489	9.751601e-03	1.058016e+00	1.093646e+00	
1490	9.754526e-03	-4.16112e-01	-3.21607e-01	
1491	9.759451e-03	-2.89921e+00	-2.72845e+00	
1492	9.764556e-03	-5.45788e+00	-4.92405e+00	
1493	9.767351e-03	-6.80663e+00	-5.03957e+00	
1494	9.770102e-03	-8.12975e+00	-5.08013e+00	
1495	9.772979e-03	-9.51282e+00	-5.10813e+00	
1496	9.778733e-03	-1.22762e+01	-5.14387e+00	
1497	9.782403e-03	-1.40375e+01	-5.16100e+00	
1498	9.784402e-03	-1.47565e+01	-5.16649e+00	
1499	9.785183e-03	-1.47802e+01	-5.16695e+00	
1500	9.785840e-03	-1.47904e+01	-5.16678e+00	
1501	9.786543e-03	-1.47982e+01	-5.16709e+00	
1502	9.787947e-03	-1.48089e+01	-5.16694e+00	
1503	9.790707e-03	-1.48093e+01	-5.16719e+00	
1504	9.794849e-03	-1.48094e+01	-5.16696e+00	

Index   time            v(2)            v(3)            
--------------------------------------------------------------------------------
1505	9.799869e-03	-1.48094e+01	-5.16721e+00	
1506	9.805163e-03	-1.48094e+01	-5.16699e+00	
1507	9.814280e-03	-1.48094e+01	-5.16724e+00	
1508	9.824280e-03	-1.48094e+01	-5.16703e+00	
1509	9.834280e-03	-1.48093e+01	-5.16728e+00	
1510	9.844280e-03	-1.48093e+01	-5.16707e+00	
1511	9.854280e-03	-1.48093e+01	-5.16732e+00	
1512	9.864280e-03	-1.48093e+01	-5.16711e+00	
1513	9.874280e-03	-1.48093e+01	-5.16736e+00	
1514	9.884280e-03	-1.48093e+01	-5.16715e+00	
1515	9.894280e-03	-1.48093e+01	-5.16740e+00	
1516	9.904280e-03	-1.48093e+01	-5.16719e+00	
1517	9.914280e-03	-1.48093e+01	-5.16744e+00	
1518	9.924280e-03	-1.48093e+01	-5.16722e+00	
1519	9.934280e-03	-1.48093e+01	-5.16747e+00	
1520	9.944280e-03	-1.48093e+01	-5.16726e+00	
1521	9.954280e-03	-1.48093e+01	-5.16750e+00	
1522	9.964280e-03	-1.48093e+01	-5.16729e+00	
1523	9.974280e-03	-1.48093e+01	-5.16754e+00	
1524	9.984280e-03	-1.48093e+01	-5.16732e+00	
1525	9.994280e-03	-1.48093e+01	-5.16757e+00	
1526	1.000000e-02	-1.48093e+01	-5.16735e+00	
