
Circuit: astable multivibrator

                             astable multivibrator
                             Transient Analysis  Sun Feb  6 05:07:07  2022
--------------------------------------------------------------------------------
Index   time            v(2)            v(1)            
--------------------------------------------------------------------------------
0	0.000000e+00	5.050424e-03	1.062315e-03	
1	1.000000e-07	5.050424e-03	1.062315e-03	
2	2.000000e-07	5.050424e-03	1.062315e-03	
3	4.000000e-07	5.050424e-03	1.062315e-03	
4	8.000000e-07	5.050424e-03	1.062315e-03	
5	1.600000e-06	5.050427e-03	1.062315e-03	
6	3.200000e-06	5.050414e-03	1.062315e-03	
7	6.400000e-06	5.050441e-03	1.062315e-03	
8	1.280000e-05	5.050401e-03	1.062315e-03	
9	2.280000e-05	5.050451e-03	1.062315e-03	
10	3.280000e-05	5.050392e-03	1.062315e-03	
11	4.280000e-05	5.050462e-03	1.062315e-03	
12	5.280000e-05	5.050379e-03	1.062315e-03	
13	6.280000e-05	5.050477e-03	1.062315e-03	
14	7.280000e-05	5.050361e-03	1.062315e-03	
15	8.280000e-05	5.050499e-03	1.062315e-03	
16	9.280000e-05	5.050335e-03	1.062315e-03	
17	1.028000e-04	5.050530e-03	1.062315e-03	
18	1.128000e-04	5.050298e-03	1.062315e-03	
19	1.228000e-04	5.050573e-03	1.062315e-03	
20	1.328000e-04	5.050247e-03	1.062315e-03	
21	1.428000e-04	5.050634e-03	1.062315e-03	
22	1.528000e-04	5.050174e-03	1.062314e-03	
23	1.628000e-04	5.050721e-03	1.062315e-03	
24	1.728000e-04	5.050072e-03	1.062314e-03	
25	1.828000e-04	5.050842e-03	1.062315e-03	
26	1.928000e-04	5.049927e-03	1.062314e-03	
27	2.028000e-04	5.051014e-03	1.062315e-03	
28	2.128000e-04	5.049724e-03	1.062314e-03	
29	2.228000e-04	5.051256e-03	1.062315e-03	
30	2.328000e-04	5.049437e-03	1.062314e-03	
31	2.428000e-04	5.051596e-03	1.062316e-03	
32	2.528000e-04	5.049032e-03	1.062313e-03	
33	2.628000e-04	5.052077e-03	1.062316e-03	
34	2.728000e-04	5.048461e-03	1.062313e-03	
35	2.828000e-04	5.052754e-03	1.062317e-03	
36	2.928000e-04	5.047657e-03	1.062312e-03	
37	3.028000e-04	5.053709e-03	1.062318e-03	
38	3.128000e-04	5.046523e-03	1.062311e-03	
39	3.228000e-04	5.055056e-03	1.062319e-03	
40	3.328000e-04	5.044924e-03	1.062310e-03	
41	3.428000e-04	5.056954e-03	1.062320e-03	
42	3.528000e-04	5.042670e-03	1.062308e-03	
43	3.628000e-04	5.059631e-03	1.062323e-03	
44	3.728000e-04	5.039492e-03	1.062305e-03	
45	3.828000e-04	5.063405e-03	1.062326e-03	
46	3.928000e-04	5.035011e-03	1.062301e-03	
47	4.028000e-04	5.068725e-03	1.062331e-03	
48	4.128000e-04	5.028693e-03	1.062296e-03	
49	4.228000e-04	5.076226e-03	1.062337e-03	
50	4.328000e-04	5.019787e-03	1.062288e-03	
51	4.428000e-04	5.086802e-03	1.062347e-03	
52	4.528000e-04	5.007230e-03	1.062277e-03	
53	4.628000e-04	5.101712e-03	1.062360e-03	
54	4.726224e-04	4.989335e-03	1.062261e-03	

Index   time            v(2)            v(1)            
--------------------------------------------------------------------------------
55	4.817968e-04	5.124096e-03	1.062379e-03	
56	4.889420e-04	4.956681e-03	1.062233e-03	
57	4.934254e-04	5.188451e-03	1.062436e-03	
58	4.958156e-04	4.758193e-03	1.062059e-03	
59	4.966691e-04	-3.67909e-02	1.025320e-03	
60	4.970407e-04	-9.65341e-02	9.709261e-04	
61	4.973528e-04	-1.90452e-01	8.765545e-04	
62	4.975478e-04	-2.71290e-01	7.832268e-04	
63	4.977928e-04	-3.86731e-01	6.178413e-04	
64	4.980297e-04	-5.03625e-01	4.029233e-04	
65	4.982891e-04	-6.32561e-01	1.038312e-04	
66	4.985662e-04	-7.70345e-01	-2.89261e-04	
67	4.991204e-04	-1.04594e+00	-1.30374e-03	
68	5.002287e-04	-1.59710e+00	-4.24466e-03	
69	5.024454e-04	-2.69934e+00	-1.37639e-02	
70	5.068788e-04	-4.90335e+00	-4.72695e-02	
71	5.157455e-04	-9.30860e+00	-1.71485e-01	
72	5.207883e-04	-1.18119e+01	-2.75817e-01	
73	5.241066e-04	-1.34581e+01	-3.57621e-01	
74	5.279989e-04	-1.47783e+01	-4.64386e-01	
75	5.290946e-04	-1.47945e+01	-4.95755e-01	
76	5.301849e-04	-1.48039e+01	-5.26928e-01	
77	5.312182e-04	-1.48102e+01	-5.56426e-01	
78	5.332849e-04	-1.48159e+01	-6.15265e-01	
79	5.374182e-04	-1.48160e+01	-7.32240e-01	
80	5.426385e-04	-1.48160e+01	-8.78602e-01	
81	5.489534e-04	-1.48161e+01	-1.05362e+00	
82	5.554243e-04	-1.48161e+01	-1.23069e+00	
83	5.654243e-04	-1.48161e+01	-1.49987e+00	
84	5.754243e-04	-1.48161e+01	-1.76371e+00	
85	5.854243e-04	-1.48161e+01	-2.02233e+00	
86	5.954243e-04	-1.48160e+01	-2.27583e+00	
87	6.054243e-04	-1.48160e+01	-2.52430e+00	
88	6.154243e-04	-1.48160e+01	-2.76786e+00	
89	6.254243e-04	-1.48160e+01	-3.00659e+00	
90	6.354243e-04	-1.48160e+01	-3.24060e+00	
91	6.454243e-04	-1.48160e+01	-3.46997e+00	
92	6.554243e-04	-1.48160e+01	-3.69480e+00	
93	6.654243e-04	-1.48160e+01	-3.91517e+00	
94	6.754243e-04	-1.48160e+01	-4.13119e+00	
95	6.854243e-04	-1.48160e+01	-4.34292e+00	
96	6.954243e-04	-1.48160e+01	-4.55046e+00	
97	7.054243e-04	-1.48160e+01	-4.75390e+00	
98	7.154243e-04	-1.48160e+01	-4.95330e+00	
99	7.254243e-04	-1.48160e+01	-5.14876e+00	
100	7.354243e-04	-1.48160e+01	-5.34034e+00	
101	7.454243e-04	-1.48160e+01	-5.52813e+00	
102	7.554243e-04	-1.48160e+01	-5.71220e+00	
103	7.654243e-04	-1.48160e+01	-5.89263e+00	
104	7.754243e-04	-1.48160e+01	-6.06948e+00	
105	7.854243e-04	-1.48160e+01	-6.24284e+00	
106	7.954243e-04	-1.48160e+01	-6.41276e+00	
107	8.054243e-04	-1.48160e+01	-6.57931e+00	
108	8.133975e-04	-1.48160e+01	-6.70974e+00	
109	8.169434e-04	-1.48160e+01	-6.76707e+00	
110	8.190456e-04	-1.48160e+01	-6.80087e+00	
111	8.214689e-04	-1.48160e+01	-6.83964e+00	
112	8.228259e-04	-1.48157e+01	-6.86127e+00	

Index   time            v(2)            v(1)            
--------------------------------------------------------------------------------
113	8.241129e-04	-1.48111e+01	-6.88172e+00	
114	8.254605e-04	-1.48033e+01	-6.90305e+00	
115	8.270960e-04	-1.47857e+01	-6.92883e+00	
116	8.280895e-04	-1.47615e+01	-6.94440e+00	
117	8.288131e-04	-1.46884e+01	-6.95565e+00	
118	8.291914e-04	-1.45240e+01	-6.96144e+00	
119	8.294278e-04	-1.44099e+01	-6.96499e+00	
120	8.297216e-04	-1.42681e+01	-6.96932e+00	
121	8.301430e-04	-1.40645e+01	-6.97538e+00	
122	8.306088e-04	-1.38395e+01	-6.98188e+00	
123	8.311290e-04	-1.35879e+01	-6.98888e+00	
124	8.319488e-04	-1.31914e+01	-6.99936e+00	
125	8.331327e-04	-1.26180e+01	-7.01333e+00	
126	8.347802e-04	-1.18191e+01	-7.03045e+00	
127	8.370953e-04	-1.06940e+01	-7.04998e+00	
128	8.403341e-04	-9.11562e+00	-7.06841e+00	
129	8.449030e-04	-6.88004e+00	-7.07686e+00	
130	8.513238e-04	-3.72048e+00	-7.05419e+00	
131	8.604048e-04	7.839931e-01	-6.95366e+00	
132	8.704048e-04	5.793278e+00	-6.75084e+00	
133	8.804048e-04	1.085445e+01	-6.45233e+00	
134	8.852142e-04	1.330708e+01	-6.27491e+00	
135	8.890393e-04	1.477272e+01	-6.12009e+00	
136	8.900692e-04	1.479144e+01	-6.07708e+00	
137	8.910350e-04	1.480126e+01	-6.03681e+00	
138	8.920631e-04	1.480849e+01	-5.99399e+00	
139	8.941194e-04	1.481584e+01	-5.90860e+00	
140	8.982321e-04	1.481593e+01	-5.73884e+00	
141	9.042299e-04	1.481597e+01	-5.49374e+00	
142	9.101851e-04	1.481598e+01	-5.25327e+00	
143	9.167901e-04	1.481597e+01	-4.98990e+00	
144	9.267901e-04	1.481595e+01	-4.59770e+00	
145	9.367901e-04	1.481591e+01	-4.21327e+00	
146	9.467901e-04	1.481596e+01	-3.83646e+00	
147	9.567901e-04	1.481598e+01	-3.46710e+00	
148	9.667901e-04	1.481600e+01	-3.10506e+00	
149	9.767901e-04	1.481599e+01	-2.75019e+00	
150	9.867901e-04	1.481598e+01	-2.40234e+00	
151	9.967901e-04	1.481594e+01	-2.06139e+00	
152	1.006790e-03	1.481596e+01	-1.72718e+00	
153	1.016790e-03	1.481595e+01	-1.39960e+00	
154	1.026790e-03	1.481595e+01	-1.07850e+00	
155	1.036790e-03	1.481594e+01	-7.63755e-01	
156	1.046790e-03	1.481595e+01	-4.55246e-01	
157	1.056790e-03	1.481595e+01	-1.52846e-01	
158	1.066790e-03	1.481596e+01	1.435656e-01	
159	1.076790e-03	1.481595e+01	4.341080e-01	
160	1.086790e-03	1.481596e+01	7.188971e-01	
161	1.096790e-03	1.481596e+01	9.980470e-01	
162	1.106790e-03	1.481597e+01	1.271669e+00	
163	1.116790e-03	1.481597e+01	1.539873e+00	
164	1.126790e-03	1.481598e+01	1.802766e+00	
165	1.136790e-03	1.481598e+01	2.060454e+00	
166	1.146790e-03	1.481598e+01	2.313038e+00	
167	1.156790e-03	1.481598e+01	2.560621e+00	
168	1.166790e-03	1.481599e+01	2.803302e+00	
169	1.176790e-03	1.481599e+01	3.041177e+00	
170	1.186790e-03	1.481600e+01	3.274342e+00	

Index   time            v(2)            v(1)            
--------------------------------------------------------------------------------
171	1.196790e-03	1.481599e+01	3.502889e+00	
172	1.206790e-03	1.481600e+01	3.726911e+00	
173	1.216790e-03	1.481600e+01	3.946497e+00	
174	1.226790e-03	1.481601e+01	4.161735e+00	
175	1.236790e-03	1.481601e+01	4.372711e+00	
176	1.246790e-03	1.481601e+01	4.579509e+00	
177	1.256790e-03	1.481601e+01	4.782212e+00	
178	1.266790e-03	1.481602e+01	4.980901e+00	
179	1.276790e-03	1.481602e+01	5.175656e+00	
180	1.286790e-03	1.481602e+01	5.366554e+00	
181	1.296790e-03	1.481602e+01	5.553672e+00	
182	1.306790e-03	1.481603e+01	5.737085e+00	
183	1.316790e-03	1.481602e+01	5.916866e+00	
184	1.326790e-03	1.481603e+01	6.093087e+00	
185	1.336790e-03	1.481603e+01	6.265819e+00	
186	1.346790e-03	1.481604e+01	6.435130e+00	
187	1.356790e-03	1.481603e+01	6.601088e+00	
188	1.362247e-03	1.481604e+01	6.690257e+00	
189	1.365382e-03	1.481603e+01	6.741048e+00	
190	1.367273e-03	1.481604e+01	6.771529e+00	
191	1.369892e-03	1.481603e+01	6.813533e+00	
192	1.371385e-03	1.481602e+01	6.837383e+00	
193	1.372694e-03	1.481595e+01	6.858243e+00	
194	1.373949e-03	1.481155e+01	6.878161e+00	
195	1.375260e-03	1.480386e+01	6.898906e+00	
196	1.376891e-03	1.478589e+01	6.924603e+00	
197	1.377815e-03	1.476257e+01	6.939079e+00	
198	1.378506e-03	1.469318e+01	6.949824e+00	
199	1.378857e-03	1.453365e+01	6.955199e+00	
200	1.379087e-03	1.441512e+01	6.958650e+00	
201	1.379370e-03	1.426855e+01	6.962832e+00	
202	1.379720e-03	1.408791e+01	6.967872e+00	
203	1.380188e-03	1.384594e+01	6.974416e+00	
204	1.380682e-03	1.359120e+01	6.981057e+00	
205	1.381441e-03	1.319879e+01	6.990781e+00	
206	1.382523e-03	1.263987e+01	7.003579e+00	
207	1.384070e-03	1.184051e+01	7.019733e+00	
208	1.386198e-03	1.074145e+01	7.037833e+00	
209	1.389215e-03	9.182699e+00	7.055376e+00	
210	1.393423e-03	7.008715e+00	7.064026e+00	
211	1.399375e-03	3.934748e+00	7.045088e+00	
212	1.407732e-03	-3.80025e-01	6.957628e+00	
213	1.417732e-03	-5.53745e+00	6.761101e+00	
214	1.427732e-03	-1.06867e+01	6.466420e+00	
215	1.432700e-03	-1.32406e+01	6.284150e+00	
216	1.436706e-03	-1.47742e+01	6.122136e+00	
217	1.437785e-03	-1.47928e+01	6.077058e+00	
218	1.438786e-03	-1.48024e+01	6.035283e+00	
219	1.439848e-03	-1.48097e+01	5.991055e+00	
220	1.441972e-03	-1.48158e+01	5.902853e+00	
221	1.446219e-03	-1.48160e+01	5.727540e+00	
222	1.451294e-03	-1.48160e+01	5.519992e+00	
223	1.457666e-03	-1.48160e+01	5.262354e+00	
224	1.463938e-03	-1.48160e+01	5.011955e+00	
225	1.473938e-03	-1.48160e+01	4.619161e+00	
226	1.483938e-03	-1.48160e+01	4.234144e+00	
227	1.493938e-03	-1.48159e+01	3.856753e+00	
228	1.503938e-03	-1.48159e+01	3.486837e+00	

Index   time            v(2)            v(1)            
--------------------------------------------------------------------------------
229	1.513938e-03	-1.48159e+01	3.124245e+00	
230	1.523938e-03	-1.48159e+01	2.768834e+00	
231	1.533938e-03	-1.48159e+01	2.420461e+00	
232	1.543938e-03	-1.48159e+01	2.078987e+00	
233	1.553938e-03	-1.48159e+01	1.744275e+00	
234	1.563938e-03	-1.48159e+01	1.416191e+00	
235	1.573938e-03	-1.48159e+01	1.094603e+00	
236	1.583938e-03	-1.48159e+01	7.793846e-01	
237	1.593938e-03	-1.48159e+01	4.704078e-01	
238	1.603938e-03	-1.48159e+01	1.675496e-01	
239	1.613938e-03	-1.48160e+01	-1.29311e-01	
240	1.623938e-03	-1.48160e+01	-4.20294e-01	
241	1.633938e-03	-1.48160e+01	-7.05514e-01	
242	1.643938e-03	-1.48160e+01	-9.85086e-01	
243	1.653938e-03	-1.48160e+01	-1.25912e+00	
244	1.663938e-03	-1.48160e+01	-1.52773e+00	
245	1.673938e-03	-1.48160e+01	-1.79102e+00	
246	1.683938e-03	-1.48160e+01	-2.04910e+00	
247	1.693938e-03	-1.48160e+01	-2.30206e+00	
248	1.703938e-03	-1.48160e+01	-2.55002e+00	
249	1.713938e-03	-1.48160e+01	-2.79307e+00	
250	1.723938e-03	-1.48160e+01	-3.03130e+00	
251	1.733938e-03	-1.48160e+01	-3.26481e+00	
252	1.743938e-03	-1.48160e+01	-3.49371e+00	
253	1.753938e-03	-1.48160e+01	-3.71806e+00	
254	1.763938e-03	-1.48160e+01	-3.93798e+00	
255	1.773938e-03	-1.48160e+01	-4.15354e+00	
256	1.783938e-03	-1.48160e+01	-4.36483e+00	
257	1.793938e-03	-1.48160e+01	-4.57194e+00	
258	1.803938e-03	-1.48160e+01	-4.77495e+00	
259	1.813938e-03	-1.48160e+01	-4.97394e+00	
260	1.823938e-03	-1.48160e+01	-5.16898e+00	
261	1.833938e-03	-1.48160e+01	-5.36017e+00	
262	1.843938e-03	-1.48160e+01	-5.54757e+00	
263	1.853938e-03	-1.48160e+01	-5.73125e+00	
264	1.863938e-03	-1.48160e+01	-5.91130e+00	
265	1.873938e-03	-1.48160e+01	-6.08779e+00	
266	1.883938e-03	-1.48160e+01	-6.26078e+00	
267	1.893938e-03	-1.48160e+01	-6.43034e+00	
268	1.903938e-03	-1.48160e+01	-6.59655e+00	
269	1.910080e-03	-1.48160e+01	-6.69698e+00	
270	1.913323e-03	-1.48160e+01	-6.74953e+00	
271	1.915261e-03	-1.48160e+01	-6.78075e+00	
272	1.917841e-03	-1.48160e+01	-6.82214e+00	
273	1.919257e-03	-1.48160e+01	-6.84476e+00	
274	1.920684e-03	-1.48144e+01	-6.86749e+00	
275	1.922096e-03	-1.48084e+01	-6.88989e+00	
276	1.923553e-03	-1.47978e+01	-6.91291e+00	
277	1.925198e-03	-1.47725e+01	-6.93878e+00	
278	1.925819e-03	-1.47476e+01	-6.94848e+00	
279	1.926330e-03	-1.46658e+01	-6.95642e+00	
280	1.926730e-03	-1.44809e+01	-6.96250e+00	
281	1.926931e-03	-1.43839e+01	-6.96551e+00	
282	1.927184e-03	-1.42615e+01	-6.96923e+00	
283	1.927690e-03	-1.40172e+01	-6.97648e+00	
284	1.928206e-03	-1.37678e+01	-6.98361e+00	
285	1.928782e-03	-1.34895e+01	-6.99126e+00	
286	1.929734e-03	-1.30285e+01	-7.00319e+00	

Index   time            v(2)            v(1)            
--------------------------------------------------------------------------------
287	1.930979e-03	-1.24255e+01	-7.01742e+00	
288	1.932882e-03	-1.15020e+01	-7.03621e+00	
289	1.935366e-03	-1.02940e+01	-7.05535e+00	
290	1.939032e-03	-8.50539e+00	-7.07248e+00	
291	1.944016e-03	-6.06325e+00	-7.07458e+00	
292	1.951216e-03	-2.51266e+00	-7.03474e+00	
293	1.961213e-03	2.461002e+00	-6.89598e+00	
294	1.971213e-03	7.487855e+00	-6.66093e+00	
295	1.978688e-03	1.127907e+01	-6.42284e+00	
296	1.982682e-03	1.331676e+01	-6.27391e+00	
297	1.986464e-03	1.477212e+01	-6.12079e+00	
298	1.987517e-03	1.479146e+01	-6.07680e+00	
299	1.988571e-03	1.480200e+01	-6.03288e+00	
300	1.989556e-03	1.480894e+01	-5.99186e+00	
301	1.991526e-03	1.481584e+01	-5.91005e+00	
302	1.995466e-03	1.481591e+01	-5.74736e+00	
303	2.001271e-03	1.481598e+01	-5.51000e+00	
304	2.007245e-03	1.481602e+01	-5.26860e+00	
305	2.013680e-03	1.481600e+01	-5.01175e+00	
306	2.023680e-03	1.481596e+01	-4.61912e+00	
307	2.033680e-03	1.481589e+01	-4.23426e+00	
308	2.043680e-03	1.481593e+01	-3.85703e+00	
309	2.053680e-03	1.481592e+01	-3.48727e+00	
310	2.063680e-03	1.481592e+01	-3.12483e+00	
311	2.073680e-03	1.481591e+01	-2.76957e+00	
312	2.083680e-03	1.481593e+01	-2.42134e+00	
313	2.093680e-03	1.481592e+01	-2.08001e+00	
314	2.103680e-03	1.481593e+01	-1.74544e+00	
315	2.113680e-03	1.481593e+01	-1.41749e+00	
316	2.123680e-03	1.481594e+01	-1.09604e+00	
317	2.133680e-03	1.481594e+01	-7.80947e-01	
318	2.143680e-03	1.481595e+01	-4.72098e-01	
319	2.153680e-03	1.481595e+01	-1.69364e-01	
320	2.163680e-03	1.481596e+01	1.273749e-01	
321	2.173680e-03	1.481595e+01	4.182379e-01	
322	2.183680e-03	1.481596e+01	7.033413e-01	
323	2.193680e-03	1.481596e+01	9.827992e-01	
324	2.203680e-03	1.481597e+01	1.256723e+00	
325	2.213680e-03	1.481597e+01	1.525223e+00	
326	2.223680e-03	1.481598e+01	1.788406e+00	
327	2.233680e-03	1.481597e+01	2.046378e+00	
328	2.243680e-03	1.481599e+01	2.299242e+00	
329	2.253680e-03	1.481598e+01	2.547098e+00	
330	2.263680e-03	1.481599e+01	2.790046e+00	
331	2.273680e-03	1.481599e+01	3.028184e+00	
332	2.283680e-03	1.481600e+01	3.261606e+00	
333	2.293680e-03	1.481599e+01	3.490405e+00	
334	2.303680e-03	1.481600e+01	3.714675e+00	
335	2.313680e-03	1.481600e+01	3.934503e+00	
336	2.323680e-03	1.481601e+01	4.149978e+00	
337	2.333680e-03	1.481600e+01	4.361187e+00	
338	2.343680e-03	1.481601e+01	4.568213e+00	
339	2.353680e-03	1.481601e+01	4.771140e+00	
340	2.363680e-03	1.481602e+01	4.970048e+00	
341	2.373680e-03	1.481601e+01	5.165018e+00	
342	2.383680e-03	1.481602e+01	5.356127e+00	
343	2.393680e-03	1.481602e+01	5.543451e+00	
344	2.403680e-03	1.481603e+01	5.727067e+00	

Index   time            v(2)            v(1)            
--------------------------------------------------------------------------------
345	2.413680e-03	1.481602e+01	5.907046e+00	
346	2.423680e-03	1.481603e+01	6.083462e+00	
347	2.433680e-03	1.481603e+01	6.256384e+00	
348	2.443680e-03	1.481604e+01	6.425882e+00	
349	2.453680e-03	1.481603e+01	6.592023e+00	
350	2.459857e-03	1.481604e+01	6.692998e+00	
351	2.463108e-03	1.481603e+01	6.745629e+00	
352	2.465060e-03	1.481604e+01	6.777073e+00	
353	2.467670e-03	1.481602e+01	6.818919e+00	
354	2.469112e-03	1.481602e+01	6.841933e+00	
355	2.470556e-03	1.481460e+01	6.864919e+00	
356	2.471988e-03	1.480834e+01	6.887628e+00	
357	2.473405e-03	1.479787e+01	6.910002e+00	
358	2.475134e-03	1.476639e+01	6.937149e+00	
359	2.475706e-03	1.473212e+01	6.946083e+00	
360	2.476131e-03	1.460868e+01	6.952632e+00	
361	2.476592e-03	1.437097e+01	6.959573e+00	
362	2.476797e-03	1.426587e+01	6.962583e+00	
363	2.477045e-03	1.413675e+01	6.966176e+00	
364	2.477488e-03	1.390896e+01	6.972409e+00	
365	2.478212e-03	1.353391e+01	6.982171e+00	
366	2.478912e-03	1.317297e+01	6.991074e+00	
367	2.480175e-03	1.252021e+01	7.005816e+00	
368	2.481584e-03	1.179303e+01	7.020287e+00	
369	2.484055e-03	1.051560e+01	7.040629e+00	
370	2.486956e-03	9.017562e+00	7.056352e+00	
371	2.491601e-03	6.617241e+00	7.063313e+00	
372	2.497559e-03	3.540911e+00	7.039713e+00	
373	2.506544e-03	-1.09818e+00	6.935936e+00	
374	2.516544e-03	-6.25387e+00	6.725635e+00	
375	2.526544e-03	-1.14025e+01	6.417475e+00	
376	2.535943e-03	-1.47973e+01	6.053857e+00	
377	2.538125e-03	-1.48139e+01	5.962998e+00	
378	2.540220e-03	-1.48159e+01	5.876072e+00	
379	2.542193e-03	-1.48159e+01	5.794549e+00	
380	2.546139e-03	-1.48159e+01	5.632463e+00	
381	2.551772e-03	-1.48160e+01	5.403298e+00	
382	2.557728e-03	-1.48160e+01	5.163754e+00	
383	2.567728e-03	-1.48160e+01	4.767953e+00	
384	2.577728e-03	-1.48160e+01	4.379991e+00	
385	2.587728e-03	-1.48160e+01	3.999711e+00	
386	2.597728e-03	-1.48159e+01	3.626963e+00	
387	2.607728e-03	-1.48159e+01	3.261596e+00	
388	2.617728e-03	-1.48160e+01	2.903464e+00	
389	2.627728e-03	-1.48161e+01	2.552423e+00	
390	2.637728e-03	-1.48161e+01	2.208332e+00	
391	2.647728e-03	-1.48161e+01	1.871055e+00	
392	2.657728e-03	-1.48161e+01	1.540458e+00	
393	2.667728e-03	-1.48160e+01	1.216407e+00	
394	2.677728e-03	-1.48160e+01	8.987748e-01	
395	2.687728e-03	-1.48160e+01	5.874333e-01	
396	2.697728e-03	-1.48160e+01	2.822568e-01	
397	2.707728e-03	-1.48161e+01	-1.68777e-02	
398	2.717728e-03	-1.48161e+01	-3.10089e-01	
399	2.727728e-03	-1.48160e+01	-5.97493e-01	
400	2.737728e-03	-1.48160e+01	-8.79205e-01	
401	2.747728e-03	-1.48161e+01	-1.15534e+00	
402	2.757728e-03	-1.48161e+01	-1.42600e+00	

Index   time            v(2)            v(1)            
--------------------------------------------------------------------------------
403	2.767728e-03	-1.48161e+01	-1.69131e+00	
404	2.777728e-03	-1.48160e+01	-1.95136e+00	
405	2.787728e-03	-1.48160e+01	-2.20626e+00	
406	2.797728e-03	-1.48160e+01	-2.45612e+00	
407	2.807728e-03	-1.48160e+01	-2.70102e+00	
408	2.817728e-03	-1.48160e+01	-2.94108e+00	
409	2.827728e-03	-1.48160e+01	-3.17638e+00	
410	2.837728e-03	-1.48160e+01	-3.40702e+00	
411	2.847728e-03	-1.48160e+01	-3.63310e+00	
412	2.857728e-03	-1.48160e+01	-3.85470e+00	
413	2.867728e-03	-1.48160e+01	-4.07191e+00	
414	2.877728e-03	-1.48160e+01	-4.28482e+00	
415	2.887728e-03	-1.48160e+01	-4.49351e+00	
416	2.897728e-03	-1.48160e+01	-4.69807e+00	
417	2.907728e-03	-1.48160e+01	-4.89858e+00	
418	2.917728e-03	-1.48160e+01	-5.09512e+00	
419	2.927728e-03	-1.48160e+01	-5.28777e+00	
420	2.937728e-03	-1.48160e+01	-5.47660e+00	
421	2.947728e-03	-1.48160e+01	-5.66169e+00	
422	2.957728e-03	-1.48160e+01	-5.84312e+00	
423	2.967728e-03	-1.48160e+01	-6.02095e+00	
424	2.977728e-03	-1.48160e+01	-6.19527e+00	
425	2.987728e-03	-1.48160e+01	-6.36613e+00	
426	2.997728e-03	-1.48160e+01	-6.53360e+00	
427	3.007728e-03	-1.48160e+01	-6.69776e+00	
428	3.011574e-03	-1.48160e+01	-6.76002e+00	
429	3.013888e-03	-1.48160e+01	-6.79724e+00	
430	3.016417e-03	-1.48160e+01	-6.83773e+00	
431	3.017743e-03	-1.48160e+01	-6.85886e+00	
432	3.019009e-03	-1.48119e+01	-6.87899e+00	
433	3.020301e-03	-1.48050e+01	-6.89946e+00	
434	3.021950e-03	-1.47889e+01	-6.92547e+00	
435	3.023651e-03	-1.47308e+01	-6.95207e+00	
436	3.024187e-03	-1.45617e+01	-6.96031e+00	
437	3.024770e-03	-1.42816e+01	-6.96900e+00	
438	3.025062e-03	-1.41395e+01	-6.97324e+00	
439	3.025350e-03	-1.40013e+01	-6.97732e+00	
440	3.025926e-03	-1.37222e+01	-6.98524e+00	
441	3.026459e-03	-1.34651e+01	-6.99229e+00	
442	3.027526e-03	-1.29481e+01	-7.00553e+00	
443	3.028669e-03	-1.23947e+01	-7.01848e+00	
444	3.030926e-03	-1.12989e+01	-7.04022e+00	
445	3.033288e-03	-1.01503e+01	-7.05759e+00	
446	3.037372e-03	-8.15587e+00	-7.07463e+00	
447	3.042363e-03	-5.70919e+00	-7.07322e+00	
448	3.050166e-03	-1.85652e+00	-7.02227e+00	
449	3.060166e-03	3.124594e+00	-6.87066e+00	
450	3.070166e-03	8.158977e+00	-6.62289e+00	
451	3.080166e-03	1.324372e+01	-6.27984e+00	
452	3.085906e-03	1.479941e+01	-6.04812e+00	
453	3.087621e-03	1.481098e+01	-5.97671e+00	
454	3.088987e-03	1.481583e+01	-5.91999e+00	
455	3.090513e-03	1.481587e+01	-5.85680e+00	
456	3.093565e-03	1.481590e+01	-5.73101e+00	
457	3.096941e-03	1.481591e+01	-5.59273e+00	
458	3.102544e-03	1.481593e+01	-5.36531e+00	
459	3.109019e-03	1.481592e+01	-5.10565e+00	
460	3.119019e-03	1.481591e+01	-4.71117e+00	

Index   time            v(2)            v(1)            
--------------------------------------------------------------------------------
461	3.129019e-03	1.481589e+01	-4.32449e+00	
462	3.139019e-03	1.481592e+01	-3.94547e+00	
463	3.149019e-03	1.481592e+01	-3.57396e+00	
464	3.159019e-03	1.481592e+01	-3.20981e+00	
465	3.169019e-03	1.481591e+01	-2.85286e+00	
466	3.179019e-03	1.481592e+01	-2.50298e+00	
467	3.189019e-03	1.481592e+01	-2.16004e+00	
468	3.199019e-03	1.481593e+01	-1.82388e+00	
469	3.209019e-03	1.481593e+01	-1.49438e+00	
470	3.219019e-03	1.481594e+01	-1.17140e+00	
471	3.229019e-03	1.481594e+01	-8.54819e-01	
472	3.239019e-03	1.481595e+01	-5.44507e-01	
473	3.249019e-03	1.481595e+01	-2.40339e-01	
474	3.259019e-03	1.481596e+01	5.780516e-02	
475	3.269019e-03	1.481595e+01	3.500458e-01	
476	3.279019e-03	1.481596e+01	6.364995e-01	
477	3.289019e-03	1.481596e+01	9.172809e-01	
478	3.299019e-03	1.481597e+01	1.192502e+00	
479	3.309019e-03	1.481597e+01	1.462274e+00	
480	3.319019e-03	1.481598e+01	1.726704e+00	
481	3.329019e-03	1.481597e+01	1.985897e+00	
482	3.339019e-03	1.481598e+01	2.239958e+00	
483	3.349019e-03	1.481598e+01	2.488988e+00	
484	3.359019e-03	1.481599e+01	2.733087e+00	
485	3.369019e-03	1.481599e+01	2.972353e+00	
486	3.379019e-03	1.481600e+01	3.206880e+00	
487	3.389019e-03	1.481599e+01	3.436764e+00	
488	3.399019e-03	1.481600e+01	3.662095e+00	
489	3.409019e-03	1.481600e+01	3.882965e+00	
490	3.419019e-03	1.481601e+01	4.099460e+00	
491	3.429019e-03	1.481600e+01	4.311669e+00	
492	3.439019e-03	1.481601e+01	4.519676e+00	
493	3.449019e-03	1.481601e+01	4.723564e+00	
494	3.459019e-03	1.481602e+01	4.923414e+00	
495	3.469019e-03	1.481601e+01	5.119307e+00	
496	3.479019e-03	1.481602e+01	5.311322e+00	
497	3.489019e-03	1.481602e+01	5.499533e+00	
498	3.499019e-03	1.481603e+01	5.684018e+00	
499	3.509019e-03	1.481602e+01	5.864850e+00	
500	3.519019e-03	1.481603e+01	6.042101e+00	
501	3.529019e-03	1.481603e+01	6.215842e+00	
502	3.539019e-03	1.481604e+01	6.386143e+00	
503	3.549019e-03	1.481603e+01	6.553072e+00	
504	3.559019e-03	1.481604e+01	6.716693e+00	
505	3.562902e-03	1.481603e+01	6.779342e+00	
506	3.565304e-03	1.481603e+01	6.817853e+00	
507	3.566865e-03	1.481601e+01	6.842777e+00	
508	3.568484e-03	1.481371e+01	6.868536e+00	
509	3.570023e-03	1.480667e+01	6.892915e+00	
510	3.571590e-03	1.479176e+01	6.917627e+00	
511	3.573295e-03	1.474150e+01	6.944327e+00	
512	3.573865e-03	1.458462e+01	6.953116e+00	
513	3.574555e-03	1.422875e+01	6.963372e+00	
514	3.574787e-03	1.410935e+01	6.966712e+00	
515	3.575037e-03	1.397970e+01	6.970244e+00	
516	3.575501e-03	1.374028e+01	6.976635e+00	
517	3.576264e-03	1.334554e+01	6.986635e+00	
518	3.577023e-03	1.295417e+01	6.995968e+00	

Index   time            v(2)            v(1)            
--------------------------------------------------------------------------------
519	3.578540e-03	1.216970e+01	7.012809e+00	
520	3.580206e-03	1.130970e+01	7.028503e+00	
521	3.583027e-03	9.851963e+00	7.048440e+00	
522	3.586475e-03	8.071074e+00	7.061532e+00	
523	3.591827e-03	5.305800e+00	7.057471e+00	
524	3.598865e-03	1.672259e+00	7.007481e+00	
525	3.608865e-03	-3.48819e+00	6.850576e+00	
526	3.618865e-03	-8.64040e+00	6.594673e+00	
527	3.625355e-03	-1.19806e+01	6.376526e+00	
528	3.633442e-03	-1.47961e+01	6.059293e+00	
529	3.635356e-03	-1.48114e+01	5.979571e+00	
530	3.637160e-03	-1.48158e+01	5.904620e+00	
531	3.638945e-03	-1.48159e+01	5.830774e+00	
532	3.642514e-03	-1.48159e+01	5.683869e+00	
533	3.647459e-03	-1.48159e+01	5.482051e+00	
534	3.652847e-03	-1.48159e+01	5.264403e+00	
535	3.661387e-03	-1.48160e+01	4.924163e+00	
536	3.671387e-03	-1.48159e+01	4.533108e+00	
537	3.681387e-03	-1.48159e+01	4.149798e+00	
538	3.691387e-03	-1.48159e+01	3.774078e+00	
539	3.701387e-03	-1.48159e+01	3.405799e+00	
540	3.711387e-03	-1.48159e+01	3.044812e+00	
541	3.721387e-03	-1.48159e+01	2.690974e+00	
542	3.731387e-03	-1.48159e+01	2.344143e+00	
543	3.741387e-03	-1.48159e+01	2.004180e+00	
544	3.751387e-03	-1.48159e+01	1.670949e+00	
545	3.761387e-03	-1.48159e+01	1.344317e+00	
546	3.771387e-03	-1.48159e+01	1.024153e+00	
547	3.781387e-03	-1.48159e+01	7.103297e-01	
548	3.791387e-03	-1.48159e+01	4.027204e-01	
549	3.801387e-03	-1.48160e+01	1.012025e-01	
550	3.811387e-03	-1.48159e+01	-1.94345e-01	
551	3.821387e-03	-1.48160e+01	-4.84039e-01	
552	3.831387e-03	-1.48160e+01	-7.67997e-01	
553	3.841387e-03	-1.48160e+01	-1.04633e+00	
554	3.851387e-03	-1.48160e+01	-1.31915e+00	
555	3.861387e-03	-1.48160e+01	-1.58657e+00	
556	3.871387e-03	-1.48160e+01	-1.84870e+00	
557	3.881387e-03	-1.48160e+01	-2.10563e+00	
558	3.891387e-03	-1.48160e+01	-2.35748e+00	
559	3.901387e-03	-1.48160e+01	-2.60434e+00	
560	3.911387e-03	-1.48160e+01	-2.84631e+00	
561	3.921387e-03	-1.48160e+01	-3.08349e+00	
562	3.931387e-03	-1.48160e+01	-3.31597e+00	
563	3.941387e-03	-1.48160e+01	-3.54385e+00	
564	3.951387e-03	-1.48160e+01	-3.76721e+00	
565	3.961387e-03	-1.48160e+01	-3.98616e+00	
566	3.971387e-03	-1.48160e+01	-4.20076e+00	
567	3.981387e-03	-1.48160e+01	-4.41112e+00	
568	3.991387e-03	-1.48160e+01	-4.61731e+00	
569	4.001387e-03	-1.48160e+01	-4.81942e+00	
570	4.011387e-03	-1.48160e+01	-5.01753e+00	
571	4.021387e-03	-1.48160e+01	-5.21171e+00	
572	4.031387e-03	-1.48160e+01	-5.40205e+00	
573	4.041387e-03	-1.48160e+01	-5.58862e+00	
574	4.051387e-03	-1.48160e+01	-5.77149e+00	
575	4.061387e-03	-1.48160e+01	-5.95075e+00	
576	4.071387e-03	-1.48160e+01	-6.12645e+00	

Index   time            v(2)            v(1)            
--------------------------------------------------------------------------------
577	4.081387e-03	-1.48160e+01	-6.29867e+00	
578	4.091387e-03	-1.48160e+01	-6.46749e+00	
579	4.101387e-03	-1.48160e+01	-6.63296e+00	
580	4.105313e-03	-1.48160e+01	-6.69701e+00	
581	4.107866e-03	-1.48160e+01	-6.73840e+00	
582	4.109582e-03	-1.48160e+01	-6.76609e+00	
583	4.111780e-03	-1.48160e+01	-6.80144e+00	
584	4.113555e-03	-1.48160e+01	-6.82985e+00	
585	4.114834e-03	-1.48160e+01	-6.85027e+00	
586	4.116085e-03	-1.48138e+01	-6.87018e+00	
587	4.117630e-03	-1.48071e+01	-6.89469e+00	
588	4.119390e-03	-1.47913e+01	-6.92245e+00	
589	4.120977e-03	-1.47526e+01	-6.94733e+00	
590	4.121656e-03	-1.46299e+01	-6.95785e+00	
591	4.122206e-03	-1.43682e+01	-6.96613e+00	
592	4.122469e-03	-1.42399e+01	-6.96999e+00	
593	4.122729e-03	-1.41155e+01	-6.97374e+00	
594	4.123249e-03	-1.38628e+01	-6.98104e+00	
595	4.123786e-03	-1.36047e+01	-6.98828e+00	
596	4.124859e-03	-1.30844e+01	-7.00190e+00	
597	4.126015e-03	-1.25253e+01	-7.01531e+00	
598	4.128068e-03	-1.15281e+01	-7.03585e+00	
599	4.130467e-03	-1.03629e+01	-7.05456e+00	
600	4.134224e-03	-8.52892e+00	-7.07246e+00	
601	4.139290e-03	-6.04777e+00	-7.07463e+00	
602	4.146970e-03	-2.25823e+00	-7.03010e+00	
603	4.156970e-03	2.718353e+00	-6.88633e+00	
604	4.166970e-03	7.748909e+00	-6.64633e+00	
605	4.176970e-03	1.282904e+01	-6.31098e+00	
606	4.183241e-03	1.479537e+01	-6.06015e+00	
607	4.184443e-03	1.480573e+01	-6.01006e+00	
608	4.185706e-03	1.481307e+01	-5.95756e+00	
609	4.187240e-03	1.481585e+01	-5.89394e+00	
610	4.190307e-03	1.481589e+01	-5.76726e+00	
611	4.193938e-03	1.481591e+01	-5.61835e+00	
612	4.199363e-03	1.481594e+01	-5.39784e+00	
613	4.205065e-03	1.481594e+01	-5.16862e+00	
614	4.215065e-03	1.481595e+01	-4.77289e+00	
615	4.225065e-03	1.481593e+01	-4.38499e+00	
616	4.235065e-03	1.481591e+01	-4.00477e+00	
617	4.245065e-03	1.481594e+01	-3.63208e+00	
618	4.255065e-03	1.481597e+01	-3.26678e+00	
619	4.265065e-03	1.481597e+01	-2.90870e+00	
620	4.275065e-03	1.481596e+01	-2.55772e+00	
621	4.285065e-03	1.481593e+01	-2.21369e+00	
622	4.295065e-03	1.481594e+01	-1.87647e+00	
623	4.305065e-03	1.481593e+01	-1.54592e+00	
624	4.315065e-03	1.481594e+01	-1.22193e+00	
625	4.325065e-03	1.481594e+01	-9.04344e-01	
626	4.335065e-03	1.481595e+01	-5.93052e-01	
627	4.345065e-03	1.481594e+01	-2.87923e-01	
628	4.355065e-03	1.481596e+01	1.116372e-02	
629	4.365065e-03	1.481595e+01	3.043279e-01	
630	4.375065e-03	1.481596e+01	5.916869e-01	
631	4.385065e-03	1.481596e+01	8.733557e-01	
632	4.395065e-03	1.481597e+01	1.149447e+00	
633	4.405065e-03	1.481597e+01	1.420071e+00	
634	4.415065e-03	1.481598e+01	1.685337e+00	

Index   time            v(2)            v(1)            
--------------------------------------------------------------------------------
635	4.425065e-03	1.481597e+01	1.945349e+00	
636	4.435065e-03	1.481598e+01	2.200213e+00	
637	4.445065e-03	1.481598e+01	2.450030e+00	
638	4.455065e-03	1.481599e+01	2.694901e+00	
639	4.465065e-03	1.481599e+01	2.934922e+00	
640	4.475065e-03	1.481600e+01	3.170191e+00	
641	4.485065e-03	1.481599e+01	3.400801e+00	
642	4.495065e-03	1.481600e+01	3.626845e+00	
643	4.505065e-03	1.481600e+01	3.848412e+00	
644	4.515065e-03	1.481601e+01	4.065592e+00	
645	4.525065e-03	1.481600e+01	4.278471e+00	
646	4.535065e-03	1.481601e+01	4.487136e+00	
647	4.545065e-03	1.481601e+01	4.691668e+00	
648	4.555065e-03	1.481602e+01	4.892150e+00	
649	4.565065e-03	1.481601e+01	5.088662e+00	
650	4.575065e-03	1.481602e+01	5.281283e+00	
651	4.585065e-03	1.481602e+01	5.470090e+00	
652	4.595065e-03	1.481603e+01	5.655158e+00	
653	4.605065e-03	1.481602e+01	5.836561e+00	
654	4.615065e-03	1.481603e+01	6.014372e+00	
655	4.625065e-03	1.481603e+01	6.188663e+00	
656	4.635065e-03	1.481604e+01	6.359502e+00	
657	4.645065e-03	1.481603e+01	6.526958e+00	
658	4.655065e-03	1.481604e+01	6.691097e+00	
659	4.658908e-03	1.481603e+01	6.753309e+00	
660	4.661246e-03	1.481604e+01	6.790908e+00	
661	4.663842e-03	1.481602e+01	6.832460e+00	
662	4.665201e-03	1.481600e+01	6.854114e+00	
663	4.666516e-03	1.481230e+01	6.874999e+00	
664	4.667943e-03	1.480462e+01	6.897597e+00	
665	4.669710e-03	1.478477e+01	6.925423e+00	
666	4.670781e-03	1.475255e+01	6.942194e+00	
667	4.671444e-03	1.461760e+01	6.952445e+00	
668	4.672001e-03	1.433280e+01	6.960808e+00	
669	4.672199e-03	1.422902e+01	6.963712e+00	
670	4.672470e-03	1.409006e+01	6.967607e+00	
671	4.672857e-03	1.388930e+01	6.973028e+00	
672	4.673212e-03	1.370690e+01	6.977868e+00	
673	4.673922e-03	1.333904e+01	6.987145e+00	
674	4.674662e-03	1.295792e+01	6.996242e+00	
675	4.676142e-03	1.219260e+01	7.012701e+00	
676	4.677752e-03	1.136170e+01	7.027994e+00	
677	4.680679e-03	9.848421e+00	7.048827e+00	
678	4.683990e-03	8.138690e+00	7.061609e+00	
679	4.689439e-03	5.323359e+00	7.057937e+00	
680	4.696313e-03	1.774512e+00	7.009911e+00	
681	4.706313e-03	-3.38650e+00	6.854977e+00	
682	4.716313e-03	-8.53844e+00	6.601003e+00	
683	4.726313e-03	-1.36827e+01	6.250116e+00	
684	4.730691e-03	-1.47943e+01	6.071405e+00	
685	4.732943e-03	-1.48117e+01	5.977566e+00	
686	4.734485e-03	-1.48158e+01	5.913536e+00	
687	4.735983e-03	-1.48159e+01	5.851505e+00	
688	4.738978e-03	-1.48159e+01	5.727999e+00	
689	4.743575e-03	-1.48159e+01	5.539922e+00	
690	4.748665e-03	-1.48159e+01	5.333690e+00	
691	4.756448e-03	-1.48160e+01	5.022312e+00	
692	4.766448e-03	-1.48160e+01	4.629313e+00	

Index   time            v(2)            v(1)            
--------------------------------------------------------------------------------
693	4.776448e-03	-1.48160e+01	4.244097e+00	
694	4.786448e-03	-1.48159e+01	3.866510e+00	
695	4.796448e-03	-1.48159e+01	3.496400e+00	
696	4.806448e-03	-1.48159e+01	3.133619e+00	
697	4.816448e-03	-1.48159e+01	2.778022e+00	
698	4.826448e-03	-1.48159e+01	2.429467e+00	
699	4.836448e-03	-1.48159e+01	2.087815e+00	
700	4.846448e-03	-1.48159e+01	1.752928e+00	
701	4.856448e-03	-1.48159e+01	1.424672e+00	
702	4.866448e-03	-1.48159e+01	1.102917e+00	
703	4.876448e-03	-1.48159e+01	7.875336e-01	
704	4.886448e-03	-1.48159e+01	4.783955e-01	
705	4.896448e-03	-1.48160e+01	1.753791e-01	
706	4.906448e-03	-1.48159e+01	-1.21637e-01	
707	4.916448e-03	-1.48160e+01	-4.12771e-01	
708	4.926448e-03	-1.48160e+01	-6.98140e-01	
709	4.936448e-03	-1.48160e+01	-9.77858e-01	
710	4.946448e-03	-1.48160e+01	-1.25204e+00	
711	4.956448e-03	-1.48160e+01	-1.52079e+00	
712	4.966448e-03	-1.48160e+01	-1.78421e+00	
713	4.976448e-03	-1.48160e+01	-2.04243e+00	
714	4.986448e-03	-1.48160e+01	-2.29552e+00	
715	4.996448e-03	-1.48160e+01	-2.54361e+00	
716	5.006448e-03	-1.48160e+01	-2.78678e+00	
717	5.016448e-03	-1.48160e+01	-3.02514e+00	
718	5.026448e-03	-1.48160e+01	-3.25878e+00	
719	5.036448e-03	-1.48160e+01	-3.48779e+00	
720	5.046448e-03	-1.48160e+01	-3.71226e+00	
721	5.056448e-03	-1.48160e+01	-3.93230e+00	
722	5.066448e-03	-1.48160e+01	-4.14797e+00	
723	5.076448e-03	-1.48160e+01	-4.35937e+00	
724	5.086448e-03	-1.48160e+01	-4.56659e+00	
725	5.096448e-03	-1.48160e+01	-4.76970e+00	
726	5.106448e-03	-1.48160e+01	-4.96879e+00	
727	5.116448e-03	-1.48160e+01	-5.16394e+00	
728	5.126448e-03	-1.48160e+01	-5.35522e+00	
729	5.136448e-03	-1.48160e+01	-5.54272e+00	
730	5.146448e-03	-1.48160e+01	-5.72650e+00	
731	5.156448e-03	-1.48160e+01	-5.90665e+00	
732	5.166448e-03	-1.48160e+01	-6.08322e+00	
733	5.176448e-03	-1.48160e+01	-6.25630e+00	
734	5.186448e-03	-1.48160e+01	-6.42596e+00	
735	5.196448e-03	-1.48160e+01	-6.59225e+00	
736	5.202984e-03	-1.48160e+01	-6.69916e+00	
737	5.206292e-03	-1.48160e+01	-6.75272e+00	
738	5.208260e-03	-1.48160e+01	-6.78443e+00	
739	5.210804e-03	-1.48160e+01	-6.82522e+00	
740	5.212185e-03	-1.48160e+01	-6.84726e+00	
741	5.213547e-03	-1.48141e+01	-6.86894e+00	
742	5.215173e-03	-1.48071e+01	-6.89473e+00	
743	5.216727e-03	-1.47936e+01	-6.91927e+00	
744	5.218357e-03	-1.47596e+01	-6.94485e+00	
745	5.219239e-03	-1.46078e+01	-6.95849e+00	
746	5.220123e-03	-1.41813e+01	-6.97162e+00	
747	5.220485e-03	-1.40073e+01	-6.97678e+00	
748	5.220815e-03	-1.38472e+01	-6.98136e+00	
749	5.221473e-03	-1.35297e+01	-6.99019e+00	
750	5.222755e-03	-1.29083e+01	-7.00614e+00	

Index   time            v(2)            v(1)            
--------------------------------------------------------------------------------
751	5.224025e-03	-1.22940e+01	-7.02033e+00	
752	5.226119e-03	-1.12767e+01	-7.04024e+00	
753	5.228814e-03	-9.96611e+00	-7.05949e+00	
754	5.232935e-03	-7.95270e+00	-7.07509e+00	
755	5.238622e-03	-5.16261e+00	-7.06924e+00	
756	5.247165e-03	-9.38157e-01	-7.00116e+00	
757	5.257165e-03	4.052317e+00	-6.83169e+00	
758	5.267165e-03	9.096454e+00	-6.56622e+00	
759	5.273480e-03	1.230691e+01	-6.34950e+00	
760	5.280925e-03	1.479611e+01	-6.05536e+00	
761	5.282659e-03	1.481013e+01	-5.98314e+00	
762	5.284426e-03	1.481584e+01	-5.90979e+00	
763	5.286073e-03	1.481586e+01	-5.84160e+00	
764	5.289369e-03	1.481591e+01	-5.70590e+00	
765	5.293293e-03	1.481593e+01	-5.54545e+00	
766	5.298846e-03	1.481596e+01	-5.32058e+00	
767	5.306091e-03	1.481597e+01	-5.03091e+00	
768	5.316091e-03	1.481598e+01	-4.63790e+00	
769	5.326091e-03	1.481597e+01	-4.25268e+00	
770	5.336091e-03	1.481594e+01	-3.87508e+00	
771	5.346091e-03	1.481590e+01	-3.50496e+00	
772	5.356091e-03	1.481602e+01	-3.14217e+00	
773	5.366091e-03	1.481605e+01	-2.78656e+00	
774	5.376091e-03	1.481606e+01	-2.43800e+00	
775	5.386091e-03	1.481605e+01	-2.09633e+00	
776	5.396091e-03	1.481602e+01	-1.76144e+00	
777	5.406091e-03	1.481597e+01	-1.43317e+00	
778	5.416091e-03	1.481594e+01	-1.11140e+00	
779	5.426091e-03	1.481606e+01	-7.96010e-01	
780	5.436091e-03	1.481611e+01	-4.86860e-01	
781	5.446091e-03	1.481612e+01	-1.83830e-01	
782	5.456091e-03	1.481612e+01	1.131983e-01	
783	5.466091e-03	1.481609e+01	4.043450e-01	
784	5.476091e-03	1.481606e+01	6.897258e-01	
785	5.486091e-03	1.481600e+01	9.694546e-01	
786	5.496091e-03	1.481599e+01	1.243644e+00	
787	5.506091e-03	1.481597e+01	1.512403e+00	
788	5.516091e-03	1.481599e+01	1.775840e+00	
789	5.526091e-03	1.481598e+01	2.034061e+00	
790	5.536091e-03	1.481599e+01	2.287168e+00	
791	5.546091e-03	1.481598e+01	2.535263e+00	
792	5.556091e-03	1.481599e+01	2.778446e+00	
793	5.566091e-03	1.481599e+01	3.016813e+00	
794	5.576091e-03	1.481600e+01	3.250460e+00	
795	5.586091e-03	1.481599e+01	3.479481e+00	
796	5.596091e-03	1.481600e+01	3.703966e+00	
797	5.606091e-03	1.481600e+01	3.924007e+00	
798	5.616091e-03	1.481601e+01	4.139690e+00	
799	5.626091e-03	1.481600e+01	4.351102e+00	
800	5.636091e-03	1.481601e+01	4.558328e+00	
801	5.646091e-03	1.481601e+01	4.761450e+00	
802	5.656091e-03	1.481602e+01	4.960551e+00	
803	5.666091e-03	1.481601e+01	5.155708e+00	
804	5.676091e-03	1.481602e+01	5.347002e+00	
805	5.686091e-03	1.481602e+01	5.534507e+00	
806	5.696091e-03	1.481603e+01	5.718299e+00	
807	5.706091e-03	1.481602e+01	5.898453e+00	
808	5.716091e-03	1.481603e+01	6.075038e+00	

Index   time            v(2)            v(1)            
--------------------------------------------------------------------------------
809	5.726091e-03	1.481603e+01	6.248127e+00	
810	5.736091e-03	1.481604e+01	6.417789e+00	
811	5.746091e-03	1.481603e+01	6.584091e+00	
812	5.753025e-03	1.481604e+01	6.697468e+00	
813	5.756399e-03	1.481603e+01	6.752063e+00	
814	5.758414e-03	1.481604e+01	6.784493e+00	
815	5.760961e-03	1.481602e+01	6.825290e+00	
816	5.762348e-03	1.481601e+01	6.847408e+00	
817	5.763700e-03	1.481373e+01	6.868917e+00	
818	5.765550e-03	1.480405e+01	6.898208e+00	
819	5.767298e-03	1.478438e+01	6.925752e+00	
820	5.768247e-03	1.475773e+01	6.940603e+00	
821	5.768902e-03	1.466669e+01	6.950770e+00	
822	5.769288e-03	1.447670e+01	6.956645e+00	
823	5.769493e-03	1.436987e+01	6.959699e+00	
824	5.769755e-03	1.423525e+01	6.963550e+00	
825	5.770098e-03	1.405700e+01	6.968470e+00	
826	5.770412e-03	1.389612e+01	6.972857e+00	
827	5.770934e-03	1.362555e+01	6.979928e+00	
828	5.771449e-03	1.336014e+01	6.986634e+00	
829	5.772481e-03	1.282622e+01	6.999203e+00	
830	5.773641e-03	1.222816e+01	7.011990e+00	
831	5.775960e-03	1.102890e+01	7.033318e+00	
832	5.778313e-03	9.814193e+00	7.049188e+00	
833	5.782465e-03	7.668408e+00	7.063111e+00	
834	5.787471e-03	5.083390e+00	7.056183e+00	
835	5.795374e-03	1.001772e+00	6.993115e+00	
836	5.805374e-03	-4.15631e+00	6.823241e+00	
837	5.815374e-03	-9.30902e+00	6.554644e+00	
838	5.824369e-03	-1.39336e+01	6.230406e+00	
839	5.829353e-03	-1.48045e+01	6.026035e+00	
840	5.831880e-03	-1.48158e+01	5.920958e+00	
841	5.833614e-03	-1.48159e+01	5.849141e+00	
842	5.835297e-03	-1.48159e+01	5.779652e+00	
843	5.838664e-03	-1.48159e+01	5.641374e+00	
844	5.843452e-03	-1.48159e+01	5.446323e+00	
845	5.850280e-03	-1.48159e+01	5.171404e+00	
846	5.859958e-03	-1.48159e+01	4.788086e+00	
847	5.869958e-03	-1.48159e+01	4.399727e+00	
848	5.879958e-03	-1.48159e+01	4.019058e+00	
849	5.889958e-03	-1.48159e+01	3.645927e+00	
850	5.899958e-03	-1.48159e+01	3.280186e+00	
851	5.909958e-03	-1.48159e+01	2.921687e+00	
852	5.919958e-03	-1.48159e+01	2.570287e+00	
853	5.929958e-03	-1.48159e+01	2.225846e+00	
854	5.939958e-03	-1.48159e+01	1.888226e+00	
855	5.949958e-03	-1.48159e+01	1.557291e+00	
856	5.959958e-03	-1.48159e+01	1.232910e+00	
857	5.969958e-03	-1.48159e+01	9.149520e-01	
858	5.979958e-03	-1.48159e+01	6.032906e-01	
859	5.989958e-03	-1.48160e+01	2.978010e-01	
860	5.999958e-03	-1.48159e+01	-1.63920e-03	
861	6.009958e-03	-1.48160e+01	-2.95150e-01	
862	6.019958e-03	-1.48160e+01	-5.82848e-01	
863	6.029958e-03	-1.48160e+01	-8.64849e-01	
864	6.039958e-03	-1.48160e+01	-1.14127e+00	
865	6.049958e-03	-1.48160e+01	-1.41221e+00	
866	6.059958e-03	-1.48160e+01	-1.67779e+00	

Index   time            v(2)            v(1)            
--------------------------------------------------------------------------------
867	6.069958e-03	-1.48160e+01	-1.93811e+00	
868	6.079958e-03	-1.48160e+01	-2.19327e+00	
869	6.089958e-03	-1.48160e+01	-2.44338e+00	
870	6.099958e-03	-1.48160e+01	-2.68854e+00	
871	6.109958e-03	-1.48160e+01	-2.92884e+00	
872	6.119958e-03	-1.48160e+01	-3.16439e+00	
873	6.129958e-03	-1.48160e+01	-3.39527e+00	
874	6.139958e-03	-1.48160e+01	-3.62157e+00	
875	6.149958e-03	-1.48160e+01	-3.84340e+00	
876	6.159958e-03	-1.48160e+01	-4.06083e+00	
877	6.169958e-03	-1.48160e+01	-4.27396e+00	
878	6.179958e-03	-1.48160e+01	-4.48287e+00	
879	6.189958e-03	-1.48160e+01	-4.68764e+00	
880	6.199958e-03	-1.48160e+01	-4.88836e+00	
881	6.209958e-03	-1.48160e+01	-5.08510e+00	
882	6.219958e-03	-1.48160e+01	-5.27794e+00	
883	6.229958e-03	-1.48160e+01	-5.46697e+00	
884	6.239958e-03	-1.48160e+01	-5.65225e+00	
885	6.249958e-03	-1.48160e+01	-5.83387e+00	
886	6.259958e-03	-1.48160e+01	-6.01189e+00	
887	6.269958e-03	-1.48160e+01	-6.18638e+00	
888	6.279958e-03	-1.48160e+01	-6.35741e+00	
889	6.289958e-03	-1.48160e+01	-6.52507e+00	
890	6.299958e-03	-1.48160e+01	-6.68939e+00	
891	6.303796e-03	-1.48160e+01	-6.75160e+00	
892	6.306164e-03	-1.48160e+01	-6.78973e+00	
893	6.308793e-03	-1.48160e+01	-6.83185e+00	
894	6.310146e-03	-1.48160e+01	-6.85343e+00	
895	6.311479e-03	-1.48128e+01	-6.87464e+00	
896	6.313015e-03	-1.48053e+01	-6.89898e+00	
897	6.314739e-03	-1.47881e+01	-6.92616e+00	
898	6.316397e-03	-1.47285e+01	-6.95210e+00	
899	6.317106e-03	-1.44711e+01	-6.96293e+00	
900	6.317675e-03	-1.41950e+01	-6.97131e+00	
901	6.318247e-03	-1.39198e+01	-6.97942e+00	
902	6.318793e-03	-1.36543e+01	-6.98685e+00	
903	6.319674e-03	-1.32299e+01	-6.99821e+00	
904	6.321435e-03	-1.23755e+01	-7.01862e+00	
905	6.323255e-03	-1.14934e+01	-7.03649e+00	
906	6.326290e-03	-1.00160e+01	-7.05898e+00	
907	6.330434e-03	-7.99392e+00	-7.07504e+00	
908	6.337035e-03	-4.75164e+00	-7.06583e+00	
909	6.346683e-03	2.402160e-02	-6.97596e+00	
910	6.356683e-03	5.026930e+00	-6.78782e+00	
911	6.366683e-03	1.007868e+01	-6.50384e+00	
912	6.371739e-03	1.265472e+01	-6.32406e+00	
913	6.378375e-03	1.479532e+01	-6.05973e+00	
914	6.379842e-03	1.480772e+01	-5.99858e+00	
915	6.381318e-03	1.481549e+01	-5.93728e+00	
916	6.382869e-03	1.481587e+01	-5.87298e+00	
917	6.385972e-03	1.481588e+01	-5.74499e+00	
918	6.389422e-03	1.481592e+01	-5.60361e+00	
919	6.395051e-03	1.481592e+01	-5.37500e+00	
920	6.401123e-03	1.481594e+01	-5.13127e+00	
921	6.411123e-03	1.481590e+01	-4.73628e+00	
922	6.421123e-03	1.481591e+01	-4.34911e+00	
923	6.431123e-03	1.481591e+01	-3.96960e+00	
924	6.441123e-03	1.481595e+01	-3.59761e+00	

Index   time            v(2)            v(1)            
--------------------------------------------------------------------------------
925	6.451123e-03	1.481593e+01	-3.23299e+00	
926	6.461123e-03	1.481593e+01	-2.87558e+00	
927	6.471123e-03	1.481591e+01	-2.52526e+00	
928	6.481123e-03	1.481593e+01	-2.18187e+00	
929	6.491123e-03	1.481592e+01	-1.84528e+00	
930	6.501123e-03	1.481594e+01	-1.51535e+00	
931	6.511123e-03	1.481593e+01	-1.19196e+00	
932	6.521123e-03	1.481595e+01	-8.74971e-01	
933	6.531123e-03	1.481593e+01	-5.64260e-01	
934	6.541123e-03	1.481596e+01	-2.59702e-01	
935	6.551123e-03	1.481594e+01	3.882609e-02	
936	6.561123e-03	1.481597e+01	3.314425e-01	
937	6.571123e-03	1.481595e+01	6.182646e-01	
938	6.581123e-03	1.481597e+01	8.994071e-01	
939	6.591123e-03	1.481596e+01	1.174983e+00	
940	6.601123e-03	1.481598e+01	1.445101e+00	
941	6.611123e-03	1.481596e+01	1.709871e+00	
942	6.621123e-03	1.481599e+01	1.969398e+00	
943	6.631123e-03	1.481597e+01	2.223785e+00	
944	6.641123e-03	1.481599e+01	2.473136e+00	
945	6.651123e-03	1.481598e+01	2.717549e+00	
946	6.661123e-03	1.481600e+01	2.957122e+00	
947	6.671123e-03	1.481598e+01	3.191951e+00	
948	6.681123e-03	1.481601e+01	3.422130e+00	
949	6.691123e-03	1.481599e+01	3.647751e+00	
950	6.701123e-03	1.481601e+01	3.868905e+00	
951	6.711123e-03	1.481599e+01	4.085679e+00	
952	6.721123e-03	1.481602e+01	4.298161e+00	
953	6.731123e-03	1.481600e+01	4.506435e+00	
954	6.741123e-03	1.481602e+01	4.710585e+00	
955	6.751123e-03	1.481600e+01	4.910692e+00	
956	6.761123e-03	1.481603e+01	5.106837e+00	
957	6.771123e-03	1.481601e+01	5.299098e+00	
958	6.781123e-03	1.481603e+01	5.487552e+00	
959	6.791123e-03	1.481601e+01	5.672275e+00	
960	6.801123e-03	1.481604e+01	5.853339e+00	
961	6.811123e-03	1.481602e+01	6.030818e+00	
962	6.821123e-03	1.481604e+01	6.204783e+00	
963	6.831123e-03	1.481602e+01	6.375302e+00	
964	6.841123e-03	1.481605e+01	6.542446e+00	
965	6.851123e-03	1.481603e+01	6.706278e+00	
966	6.854985e-03	1.481605e+01	6.768667e+00	
967	6.857306e-03	1.481602e+01	6.805930e+00	
968	6.859269e-03	1.481603e+01	6.837300e+00	
969	6.860628e-03	1.481585e+01	6.858942e+00	
970	6.861890e-03	1.481130e+01	6.878977e+00	
971	6.863206e-03	1.480357e+01	6.899810e+00	
972	6.864876e-03	1.478421e+01	6.926107e+00	
973	6.865749e-03	1.476068e+01	6.939769e+00	
974	6.866424e-03	1.468358e+01	6.950270e+00	
975	6.866780e-03	1.451418e+01	6.955694e+00	
976	6.866993e-03	1.440542e+01	6.958890e+00	
977	6.867257e-03	1.426781e+01	6.962778e+00	
978	6.867784e-03	1.399643e+01	6.970333e+00	
979	6.868205e-03	1.377779e+01	6.976144e+00	
980	6.868617e-03	1.356637e+01	6.981649e+00	
981	6.869440e-03	1.313978e+01	6.992119e+00	
982	6.870314e-03	1.268981e+01	7.002441e+00	

Index   time            v(2)            v(1)            
--------------------------------------------------------------------------------
983	6.872061e-03	1.178613e+01	7.020672e+00	
984	6.873932e-03	1.082055e+01	7.036641e+00	
985	6.877345e-03	9.056011e+00	7.056325e+00	
986	6.881212e-03	7.059410e+00	7.063976e+00	
987	6.887589e-03	3.764666e+00	7.042938e+00	
988	6.895624e-03	-3.82345e-01	6.957486e+00	
989	6.905624e-03	-5.54097e+00	6.760904e+00	
990	6.915624e-03	-1.06890e+01	6.466169e+00	
991	6.925624e-03	-1.47888e+01	6.085708e+00	
992	6.928117e-03	-1.48102e+01	5.981796e+00	
993	6.930524e-03	-1.48159e+01	5.881876e+00	
994	6.932825e-03	-1.48159e+01	5.786823e+00	
995	6.937426e-03	-1.48159e+01	5.598022e+00	
996	6.943400e-03	-1.48159e+01	5.355485e+00	
997	6.949500e-03	-1.48159e+01	5.110782e+00	
998	6.959500e-03	-1.48159e+01	4.716032e+00	
999	6.969500e-03	-1.48159e+01	4.329100e+00	
1000	6.979500e-03	-1.48159e+01	3.949830e+00	
1001	6.989500e-03	-1.48159e+01	3.578070e+00	
1002	6.999500e-03	-1.48159e+01	3.213672e+00	
1003	7.009500e-03	-1.48159e+01	2.856490e+00	
1004	7.019500e-03	-1.48159e+01	2.506381e+00	
1005	7.029500e-03	-1.48159e+01	2.163205e+00	
1006	7.039500e-03	-1.48159e+01	1.826825e+00	
1007	7.049500e-03	-1.48159e+01	1.497107e+00	
1008	7.059500e-03	-1.48159e+01	1.173917e+00	
1009	7.069500e-03	-1.48159e+01	8.571276e-01	
1010	7.079500e-03	-1.48159e+01	5.466113e-01	
1011	7.089500e-03	-1.48160e+01	2.422441e-01	
1012	7.099500e-03	-1.48159e+01	-5.60959e-02	
1013	7.109500e-03	-1.48160e+01	-3.48528e-01	
1014	7.119500e-03	-1.48160e+01	-6.35169e-01	
1015	7.129500e-03	-1.48160e+01	-9.16134e-01	
1016	7.139500e-03	-1.48160e+01	-1.19154e+00	
1017	7.149500e-03	-1.48160e+01	-1.46148e+00	
1018	7.159500e-03	-1.48160e+01	-1.72609e+00	
1019	7.169500e-03	-1.48160e+01	-1.98545e+00	
1020	7.179500e-03	-1.48160e+01	-2.23967e+00	
1021	7.189500e-03	-1.48160e+01	-2.48887e+00	
1022	7.199500e-03	-1.48160e+01	-2.73312e+00	
1023	7.209500e-03	-1.48160e+01	-2.97254e+00	
1024	7.219500e-03	-1.48160e+01	-3.20722e+00	
1025	7.229500e-03	-1.48160e+01	-3.43725e+00	
1026	7.239500e-03	-1.48160e+01	-3.66273e+00	
1027	7.249500e-03	-1.48160e+01	-3.88374e+00	
1028	7.259500e-03	-1.48160e+01	-4.10038e+00	
1029	7.269500e-03	-1.48160e+01	-4.31272e+00	
1030	7.279500e-03	-1.48160e+01	-4.52086e+00	
1031	7.289500e-03	-1.48160e+01	-4.72488e+00	
1032	7.299500e-03	-1.48160e+01	-4.92486e+00	
1033	7.309500e-03	-1.48160e+01	-5.12088e+00	
1034	7.319500e-03	-1.48160e+01	-5.31301e+00	
1035	7.329500e-03	-1.48160e+01	-5.50135e+00	
1036	7.339500e-03	-1.48160e+01	-5.68595e+00	
1037	7.349500e-03	-1.48160e+01	-5.86690e+00	
1038	7.359500e-03	-1.48160e+01	-6.04426e+00	
1039	7.369500e-03	-1.48160e+01	-6.21811e+00	
1040	7.379500e-03	-1.48160e+01	-6.38852e+00	

Index   time            v(2)            v(1)            
--------------------------------------------------------------------------------
1041	7.389500e-03	-1.48160e+01	-6.55555e+00	
1042	7.399500e-03	-1.48160e+01	-6.71928e+00	
1043	7.403378e-03	-1.48160e+01	-6.78189e+00	
1044	7.405734e-03	-1.48160e+01	-6.81969e+00	
1045	7.407320e-03	-1.48160e+01	-6.84502e+00	
1046	7.408779e-03	-1.48142e+01	-6.86826e+00	
1047	7.410233e-03	-1.48079e+01	-6.89132e+00	
1048	7.411771e-03	-1.47960e+01	-6.91562e+00	
1049	7.413442e-03	-1.47664e+01	-6.94187e+00	
1050	7.414226e-03	-1.47070e+01	-6.95408e+00	
1051	7.414673e-03	-1.45289e+01	-6.96093e+00	
1052	7.414967e-03	-1.43859e+01	-6.96534e+00	
1053	7.415297e-03	-1.42281e+01	-6.97017e+00	
1054	7.415626e-03	-1.40676e+01	-6.97490e+00	
1055	7.416159e-03	-1.38114e+01	-6.98232e+00	
1056	7.417224e-03	-1.32951e+01	-6.99630e+00	
1057	7.418274e-03	-1.27879e+01	-7.00899e+00	
1058	7.420116e-03	-1.18937e+01	-7.02859e+00	
1059	7.422421e-03	-1.07748e+01	-7.04840e+00	
1060	7.426073e-03	-8.99398e+00	-7.06903e+00	
1061	7.431117e-03	-6.52587e+00	-7.07597e+00	
1062	7.438899e-03	-2.68974e+00	-7.03785e+00	
1063	7.448899e-03	2.282469e+00	-6.90252e+00	
1064	7.458899e-03	7.308418e+00	-6.67088e+00	
1065	7.466694e-03	1.125995e+01	-6.42407e+00	
1066	7.471278e-03	1.360039e+01	-6.25201e+00	
1067	7.474315e-03	1.476706e+01	-6.12823e+00	
1068	7.475212e-03	1.478692e+01	-6.09076e+00	
1069	7.476030e-03	1.479694e+01	-6.05663e+00	
1070	7.476915e-03	1.480467e+01	-6.01973e+00	
1071	7.478686e-03	1.481504e+01	-5.94610e+00	
1072	7.482227e-03	1.481591e+01	-5.79958e+00	
1073	7.486804e-03	1.481598e+01	-5.61173e+00	
1074	7.492117e-03	1.481602e+01	-5.39581e+00	
1075	7.497843e-03	1.481602e+01	-5.16566e+00	
1076	7.507843e-03	1.481604e+01	-4.76998e+00	
1077	7.517843e-03	1.481601e+01	-4.38214e+00	
1078	7.527843e-03	1.481601e+01	-4.00198e+00	
1079	7.537843e-03	1.481595e+01	-3.62934e+00	
1080	7.547843e-03	1.481592e+01	-3.26409e+00	
1081	7.557843e-03	1.481592e+01	-2.90607e+00	
1082	7.567843e-03	1.481595e+01	-2.55514e+00	
1083	7.577843e-03	1.481592e+01	-2.21116e+00	
1084	7.587843e-03	1.481594e+01	-1.87399e+00	
1085	7.597843e-03	1.481592e+01	-1.54349e+00	
1086	7.607843e-03	1.481595e+01	-1.21955e+00	
1087	7.617843e-03	1.481593e+01	-9.02011e-01	
1088	7.627843e-03	1.481595e+01	-5.90765e-01	
1089	7.637843e-03	1.481594e+01	-2.85681e-01	
1090	7.647843e-03	1.481596e+01	1.336102e-02	
1091	7.657843e-03	1.481595e+01	3.064817e-01	
1092	7.667843e-03	1.481597e+01	5.937981e-01	
1093	7.677843e-03	1.481595e+01	8.754251e-01	
1094	7.687843e-03	1.481598e+01	1.151475e+00	
1095	7.697843e-03	1.481596e+01	1.422059e+00	
1096	7.707843e-03	1.481598e+01	1.687285e+00	
1097	7.717843e-03	1.481597e+01	1.947259e+00	
1098	7.727843e-03	1.481599e+01	2.202086e+00	

Index   time            v(2)            v(1)            
--------------------------------------------------------------------------------
1099	7.737843e-03	1.481597e+01	2.451866e+00	
1100	7.747843e-03	1.481600e+01	2.696700e+00	
1101	7.757843e-03	1.481598e+01	2.936686e+00	
1102	7.767843e-03	1.481600e+01	3.171920e+00	
1103	7.777843e-03	1.481599e+01	3.402495e+00	
1104	7.787843e-03	1.481601e+01	3.628505e+00	
1105	7.797843e-03	1.481599e+01	3.850040e+00	
1106	7.807843e-03	1.481601e+01	4.067188e+00	
1107	7.817843e-03	1.481600e+01	4.280035e+00	
1108	7.827843e-03	1.481602e+01	4.488669e+00	
1109	7.837843e-03	1.481600e+01	4.693170e+00	
1110	7.847843e-03	1.481602e+01	4.893623e+00	
1111	7.857843e-03	1.481601e+01	5.090106e+00	
1112	7.867843e-03	1.481603e+01	5.282698e+00	
1113	7.877843e-03	1.481601e+01	5.471477e+00	
1114	7.887843e-03	1.481603e+01	5.656517e+00	
1115	7.897843e-03	1.481602e+01	5.837894e+00	
1116	7.907843e-03	1.481604e+01	6.015679e+00	
1117	7.917843e-03	1.481602e+01	6.189943e+00	
1118	7.927843e-03	1.481604e+01	6.360757e+00	
1119	7.937843e-03	1.481603e+01	6.528188e+00	
1120	7.947843e-03	1.481605e+01	6.692303e+00	
1121	7.951688e-03	1.481603e+01	6.754519e+00	
1122	7.954020e-03	1.481604e+01	6.792024e+00	
1123	7.956603e-03	1.481601e+01	6.833368e+00	
1124	7.957974e-03	1.481600e+01	6.855205e+00	
1125	7.959280e-03	1.481207e+01	6.875950e+00	
1126	7.960659e-03	1.480454e+01	6.897777e+00	
1127	7.962408e-03	1.478489e+01	6.925339e+00	
1128	7.963539e-03	1.474959e+01	6.943036e+00	
1129	7.964046e-03	1.466537e+01	6.950901e+00	
1130	7.964420e-03	1.448219e+01	6.956595e+00	
1131	7.964610e-03	1.438199e+01	6.959432e+00	
1132	7.964862e-03	1.425391e+01	6.963133e+00	
1133	7.965194e-03	1.408042e+01	6.967908e+00	
1134	7.965513e-03	1.391769e+01	6.972386e+00	
1135	7.966151e-03	1.358624e+01	6.981017e+00	
1136	7.966746e-03	1.328099e+01	6.988678e+00	
1137	7.967935e-03	1.266453e+01	7.002878e+00	
1138	7.969179e-03	1.202384e+01	7.016130e+00	
1139	7.971667e-03	1.073650e+01	7.037751e+00	
1140	7.974276e-03	9.390813e+00	7.053454e+00	
1141	7.978882e-03	7.009279e+00	7.063892e+00	
1142	7.984468e-03	4.125733e+00	7.047174e+00	
1143	7.993146e-03	-3.56127e-01	6.958211e+00	
1144	8.003146e-03	-5.51157e+00	6.762165e+00	
1145	8.013146e-03	-1.06628e+01	6.467955e+00	
1146	8.023146e-03	-1.47881e+01	6.087724e+00	
1147	8.027103e-03	-1.48158e+01	5.923003e+00	
1148	8.030908e-03	-1.48159e+01	5.765698e+00	
1149	8.034721e-03	-1.48160e+01	5.609257e+00	
1150	8.039526e-03	-1.48160e+01	5.413848e+00	
1151	8.045132e-03	-1.48160e+01	5.188216e+00	
1152	8.055132e-03	-1.48160e+01	4.791931e+00	
1153	8.065132e-03	-1.48160e+01	4.403493e+00	
1154	8.075132e-03	-1.48160e+01	4.022748e+00	
1155	8.085132e-03	-1.48160e+01	3.649543e+00	
1156	8.095132e-03	-1.48159e+01	3.283729e+00	

Index   time            v(2)            v(1)            
--------------------------------------------------------------------------------
1157	8.105132e-03	-1.48159e+01	2.925160e+00	
1158	8.115132e-03	-1.48159e+01	2.573691e+00	
1159	8.125132e-03	-1.48159e+01	2.229183e+00	
1160	8.135132e-03	-1.48159e+01	1.891496e+00	
1161	8.145132e-03	-1.48159e+01	1.560497e+00	
1162	8.155132e-03	-1.48159e+01	1.236052e+00	
1163	8.165132e-03	-1.48160e+01	9.180321e-01	
1164	8.175132e-03	-1.48159e+01	6.063098e-01	
1165	8.185132e-03	-1.48160e+01	3.007603e-01	
1166	8.195132e-03	-1.48159e+01	1.261540e-03	
1167	8.205132e-03	-1.48160e+01	-2.92306e-01	
1168	8.215132e-03	-1.48159e+01	-5.80061e-01	
1169	8.225132e-03	-1.48160e+01	-8.62117e-01	
1170	8.235132e-03	-1.48160e+01	-1.13859e+00	
1171	8.245132e-03	-1.48160e+01	-1.40958e+00	
1172	8.255132e-03	-1.48160e+01	-1.67521e+00	
1173	8.265132e-03	-1.48160e+01	-1.93558e+00	
1174	8.275132e-03	-1.48160e+01	-2.19080e+00	
1175	8.285132e-03	-1.48160e+01	-2.44096e+00	
1176	8.295132e-03	-1.48160e+01	-2.68616e+00	
1177	8.305132e-03	-1.48160e+01	-2.92651e+00	
1178	8.315132e-03	-1.48160e+01	-3.16210e+00	
1179	8.325132e-03	-1.48160e+01	-3.39303e+00	
1180	8.335132e-03	-1.48160e+01	-3.61938e+00	
1181	8.345132e-03	-1.48160e+01	-3.84125e+00	
1182	8.355132e-03	-1.48160e+01	-4.05873e+00	
1183	8.365132e-03	-1.48160e+01	-4.27190e+00	
1184	8.375132e-03	-1.48160e+01	-4.48085e+00	
1185	8.385132e-03	-1.48160e+01	-4.68566e+00	
1186	8.395132e-03	-1.48160e+01	-4.88641e+00	
1187	8.405132e-03	-1.48160e+01	-5.08319e+00	
1188	8.415132e-03	-1.48160e+01	-5.27608e+00	
1189	8.425132e-03	-1.48160e+01	-5.46514e+00	
1190	8.435132e-03	-1.48160e+01	-5.65046e+00	
1191	8.445132e-03	-1.48160e+01	-5.83211e+00	
1192	8.455132e-03	-1.48160e+01	-6.01016e+00	
1193	8.465132e-03	-1.48160e+01	-6.18469e+00	
1194	8.475132e-03	-1.48160e+01	-6.35576e+00	
1195	8.485132e-03	-1.48160e+01	-6.52344e+00	
1196	8.495132e-03	-1.48160e+01	-6.68780e+00	
1197	8.498969e-03	-1.48160e+01	-6.75001e+00	
1198	8.501351e-03	-1.48160e+01	-6.78837e+00	
1199	8.504001e-03	-1.48160e+01	-6.83083e+00	
1200	8.505377e-03	-1.48160e+01	-6.85278e+00	
1201	8.506728e-03	-1.48129e+01	-6.87427e+00	
1202	8.508311e-03	-1.48051e+01	-6.89936e+00	
1203	8.510046e-03	-1.47876e+01	-6.92672e+00	
1204	8.511705e-03	-1.47237e+01	-6.95266e+00	
1205	8.512537e-03	-1.43946e+01	-6.96530e+00	
1206	8.513177e-03	-1.40824e+01	-6.97461e+00	
1207	8.513810e-03	-1.37797e+01	-6.98341e+00	
1208	8.514826e-03	-1.32850e+01	-6.99671e+00	
1209	8.516074e-03	-1.26839e+01	-7.01163e+00	
1210	8.518570e-03	-1.14702e+01	-7.03685e+00	
1211	8.521613e-03	-9.99290e+00	-7.05927e+00	
1212	8.527155e-03	-7.28175e+00	-7.07666e+00	
1213	8.535119e-03	-3.36604e+00	-7.04896e+00	
1214	8.545119e-03	1.603368e+00	-6.92683e+00	

Index   time            v(2)            v(1)            
--------------------------------------------------------------------------------
1215	8.555119e-03	6.618086e+00	-6.70827e+00	
1216	8.565119e-03	1.169083e+01	-6.39415e+00	
1217	8.575119e-03	1.480552e+01	-6.00520e+00	
1218	8.578933e-03	1.481647e+01	-5.84703e+00	
1219	8.582572e-03	1.481590e+01	-5.69716e+00	
1220	8.585959e-03	1.481598e+01	-5.55866e+00	
1221	8.591943e-03	1.481596e+01	-5.31630e+00	
1222	8.598171e-03	1.481601e+01	-5.06707e+00	
1223	8.608171e-03	1.481598e+01	-4.67335e+00	
1224	8.618171e-03	1.481600e+01	-4.28742e+00	
1225	8.628171e-03	1.481593e+01	-3.90914e+00	
1226	8.638171e-03	1.481593e+01	-3.53834e+00	
1227	8.648171e-03	1.481591e+01	-3.17489e+00	
1228	8.658171e-03	1.481595e+01	-2.81864e+00	
1229	8.668171e-03	1.481590e+01	-2.46944e+00	
1230	8.678171e-03	1.481594e+01	-2.12715e+00	
1231	8.688171e-03	1.481591e+01	-1.79165e+00	
1232	8.698171e-03	1.481595e+01	-1.46279e+00	
1233	8.708171e-03	1.481592e+01	-1.14043e+00	
1234	8.718171e-03	1.481596e+01	-8.24466e-01	
1235	8.728171e-03	1.481593e+01	-5.14755e-01	
1236	8.738171e-03	1.481597e+01	-2.11177e-01	
1237	8.748171e-03	1.481593e+01	8.638987e-02	
1238	8.758171e-03	1.481598e+01	3.780644e-01	
1239	8.768171e-03	1.481594e+01	6.639633e-01	
1240	8.778171e-03	1.481598e+01	9.442010e-01	
1241	8.788171e-03	1.481595e+01	1.218889e+00	
1242	8.798171e-03	1.481599e+01	1.488139e+00	
1243	8.808171e-03	1.481596e+01	1.752056e+00	
1244	8.818171e-03	1.481600e+01	2.010748e+00	
1245	8.828171e-03	1.481596e+01	2.264317e+00	
1246	8.838171e-03	1.481600e+01	2.512864e+00	
1247	8.848171e-03	1.481597e+01	2.756491e+00	
1248	8.858171e-03	1.481601e+01	2.995293e+00	
1249	8.868171e-03	1.481597e+01	3.229366e+00	
1250	8.878171e-03	1.481601e+01	3.458804e+00	
1251	8.888171e-03	1.481598e+01	3.683699e+00	
1252	8.898171e-03	1.481602e+01	3.904141e+00	
1253	8.908171e-03	1.481599e+01	4.120217e+00	
1254	8.918171e-03	1.481603e+01	4.332015e+00	
1255	8.928171e-03	1.481599e+01	4.539619e+00	
1256	8.938171e-03	1.481603e+01	4.743112e+00	
1257	8.948171e-03	1.481600e+01	4.942575e+00	
1258	8.958171e-03	1.481604e+01	5.138089e+00	
1259	8.968171e-03	1.481600e+01	5.329731e+00	
1260	8.978171e-03	1.481604e+01	5.517578e+00	
1261	8.988171e-03	1.481601e+01	5.701706e+00	
1262	8.998171e-03	1.481605e+01	5.882188e+00	
1263	9.008171e-03	1.481601e+01	6.059095e+00	
1264	9.018171e-03	1.481605e+01	6.232500e+00	
1265	9.028171e-03	1.481602e+01	6.402471e+00	
1266	9.038171e-03	1.481605e+01	6.569076e+00	
1267	9.046940e-03	1.481602e+01	6.712457e+00	
1268	9.050624e-03	1.481605e+01	6.771932e+00	
1269	9.052861e-03	1.481601e+01	6.807833e+00	
1270	9.054650e-03	1.481604e+01	6.836422e+00	
1271	9.056017e-03	1.481593e+01	6.858201e+00	
1272	9.057299e-03	1.481143e+01	6.878556e+00	

Index   time            v(2)            v(1)            
--------------------------------------------------------------------------------
1273	9.058630e-03	1.480367e+01	6.899617e+00	
1274	9.060336e-03	1.478384e+01	6.926479e+00	
1275	9.061505e-03	1.474185e+01	6.944764e+00	
1276	9.062165e-03	1.454387e+01	6.954903e+00	
1277	9.062775e-03	1.422527e+01	6.963960e+00	
1278	9.063122e-03	1.404962e+01	6.968926e+00	
1279	9.063461e-03	1.387077e+01	6.973666e+00	
1280	9.064001e-03	1.359536e+01	6.980951e+00	
1281	9.064872e-03	1.314220e+01	6.992048e+00	
1282	9.065767e-03	1.268344e+01	7.002619e+00	
1283	9.067556e-03	1.175553e+01	7.021227e+00	
1284	9.069632e-03	1.068626e+01	7.038597e+00	
1285	9.073785e-03	8.537343e+00	7.059813e+00	
1286	9.078645e-03	6.030321e+00	7.061900e+00	
1287	9.086805e-03	1.813210e+00	7.010938e+00	
1288	9.096805e-03	-3.34338e+00	6.856794e+00	
1289	9.106805e-03	-8.49987e+00	6.603593e+00	
1290	9.116805e-03	-1.36397e+01	6.253462e+00	
1291	9.124981e-03	-1.48158e+01	5.921127e+00	
1292	9.132280e-03	-1.48171e+01	5.620472e+00	
1293	9.139000e-03	-1.48160e+01	5.347503e+00	
1294	9.145605e-03	-1.48159e+01	5.082809e+00	
1295	9.152527e-03	-1.48160e+01	4.809084e+00	
1296	9.162527e-03	-1.48159e+01	4.420308e+00	
1297	9.172527e-03	-1.48159e+01	4.039231e+00	
1298	9.182527e-03	-1.48159e+01	3.665701e+00	
1299	9.192527e-03	-1.48159e+01	3.299568e+00	
1300	9.202527e-03	-1.48159e+01	2.940685e+00	
1301	9.212527e-03	-1.48159e+01	2.588909e+00	
1302	9.222527e-03	-1.48159e+01	2.244099e+00	
1303	9.232527e-03	-1.48159e+01	1.906117e+00	
1304	9.242527e-03	-1.48159e+01	1.574828e+00	
1305	9.252527e-03	-1.48160e+01	1.250100e+00	
1306	9.262527e-03	-1.48159e+01	9.318018e-01	
1307	9.272527e-03	-1.48160e+01	6.198068e-01	
1308	9.282527e-03	-1.48159e+01	3.139901e-01	
1309	9.292527e-03	-1.48160e+01	1.422934e-02	
1310	9.302527e-03	-1.48159e+01	-2.79595e-01	
1311	9.312527e-03	-1.48160e+01	-5.67602e-01	
1312	9.322527e-03	-1.48159e+01	-8.49905e-01	
1313	9.332527e-03	-1.48160e+01	-1.12662e+00	
1314	9.342527e-03	-1.48159e+01	-1.39785e+00	
1315	9.352527e-03	-1.48160e+01	-1.66371e+00	
1316	9.362527e-03	-1.48160e+01	-1.92431e+00	
1317	9.372527e-03	-1.48160e+01	-2.17975e+00	
1318	9.382527e-03	-1.48160e+01	-2.43013e+00	
1319	9.392527e-03	-1.48160e+01	-2.67555e+00	
1320	9.402527e-03	-1.48160e+01	-2.91611e+00	
1321	9.412527e-03	-1.48160e+01	-3.15190e+00	
1322	9.422527e-03	-1.48160e+01	-3.38303e+00	
1323	9.432527e-03	-1.48160e+01	-3.60958e+00	
1324	9.442527e-03	-1.48160e+01	-3.83164e+00	
1325	9.452527e-03	-1.48160e+01	-4.04931e+00	
1326	9.462527e-03	-1.48160e+01	-4.26267e+00	
1327	9.472527e-03	-1.48160e+01	-4.47180e+00	
1328	9.482527e-03	-1.48160e+01	-4.67679e+00	
1329	9.492527e-03	-1.48160e+01	-4.87772e+00	
1330	9.502527e-03	-1.48160e+01	-5.07467e+00	

Index   time            v(2)            v(1)            
--------------------------------------------------------------------------------
1331	9.512527e-03	-1.48160e+01	-5.26772e+00	
1332	9.522527e-03	-1.48160e+01	-5.45695e+00	
1333	9.532527e-03	-1.48160e+01	-5.64243e+00	
1334	9.542527e-03	-1.48160e+01	-5.82424e+00	
1335	9.552527e-03	-1.48160e+01	-6.00245e+00	
1336	9.562527e-03	-1.48160e+01	-6.17713e+00	
1337	9.572527e-03	-1.48161e+01	-6.34835e+00	
1338	9.582527e-03	-1.48160e+01	-6.51618e+00	
1339	9.592527e-03	-1.48161e+01	-6.68069e+00	
1340	9.596361e-03	-1.48160e+01	-6.74288e+00	
1341	9.598820e-03	-1.48161e+01	-6.78253e+00	
1342	9.601575e-03	-1.48160e+01	-6.82670e+00	
1343	9.603008e-03	-1.48160e+01	-6.84958e+00	
1344	9.604440e-03	-1.48133e+01	-6.87236e+00	
1345	9.606081e-03	-1.48056e+01	-6.89836e+00	
1346	9.607702e-03	-1.47898e+01	-6.92394e+00	
1347	9.609374e-03	-1.47404e+01	-6.95011e+00	
1348	9.610118e-03	-1.45086e+01	-6.96154e+00	
1349	9.610855e-03	-1.41566e+01	-6.97238e+00	
1350	9.611510e-03	-1.38366e+01	-6.98158e+00	
1351	9.612138e-03	-1.35362e+01	-6.99000e+00	
1352	9.613393e-03	-1.29254e+01	-7.00565e+00	
1353	9.614856e-03	-1.22198e+01	-7.02191e+00	
1354	9.617782e-03	-1.07957e+01	-7.04808e+00	
1355	9.621377e-03	-9.04696e+00	-7.06867e+00	
1356	9.627778e-03	-5.90829e+00	-7.07387e+00	
1357	9.636987e-03	-1.36378e+00	-7.01112e+00	
1358	9.646987e-03	3.626470e+00	-6.84989e+00	
1359	9.656987e-03	8.662014e+00	-6.59258e+00	
1360	9.666987e-03	1.375597e+01	-6.24007e+00	
1361	9.672253e-03	1.480401e+01	-6.02509e+00	
1362	9.675734e-03	1.481592e+01	-5.88053e+00	
1363	9.678281e-03	1.481586e+01	-5.77540e+00	
1364	9.680755e-03	1.481591e+01	-5.67376e+00	
1365	9.685703e-03	1.481588e+01	-5.47198e+00	
1366	9.690979e-03	1.481592e+01	-5.25903e+00	
1367	9.700979e-03	1.481587e+01	-4.86151e+00	
1368	9.710979e-03	1.481592e+01	-4.47186e+00	
1369	9.720979e-03	1.481589e+01	-4.08992e+00	
1370	9.730979e-03	1.481592e+01	-3.71555e+00	
1371	9.740979e-03	1.481589e+01	-3.34859e+00	
1372	9.750979e-03	1.481593e+01	-2.98890e+00	
1373	9.760979e-03	1.481590e+01	-2.63632e+00	
1374	9.770979e-03	1.481594e+01	-2.29074e+00	
1375	9.780979e-03	1.481591e+01	-1.95199e+00	
1376	9.790979e-03	1.481595e+01	-1.61995e+00	
1377	9.800979e-03	1.481592e+01	-1.29449e+00	
1378	9.810979e-03	1.481596e+01	-9.75470e-01	
1379	9.820979e-03	1.481593e+01	-6.62769e-01	
1380	9.830979e-03	1.481596e+01	-3.56260e-01	
1381	9.840979e-03	1.481593e+01	-5.58200e-02	
1382	9.850979e-03	1.481597e+01	2.386706e-01	
1383	9.860979e-03	1.481594e+01	5.273297e-01	
1384	9.870979e-03	1.481598e+01	8.102729e-01	
1385	9.880979e-03	1.481595e+01	1.087613e+00	
1386	9.890979e-03	1.481599e+01	1.359462e+00	
1387	9.900979e-03	1.481595e+01	1.625927e+00	
1388	9.910979e-03	1.481599e+01	1.887117e+00	

Index   time            v(2)            v(1)            
--------------------------------------------------------------------------------
1389	9.920979e-03	1.481596e+01	2.143134e+00	
1390	9.930979e-03	1.481600e+01	2.394081e+00	
1391	9.940979e-03	1.481597e+01	2.640059e+00	
1392	9.950979e-03	1.481601e+01	2.881167e+00	
1393	9.960979e-03	1.481597e+01	3.117500e+00	
1394	9.970979e-03	1.481601e+01	3.349153e+00	
1395	9.980979e-03	1.481598e+01	3.576220e+00	
1396	9.990979e-03	1.481602e+01	3.798790e+00	
1397	1.000000e-02	1.481599e+01	3.995783e+00	
