
Circuit: astable multivibrator

                             astable multivibrator
                             Transient Analysis  Sun Feb  6 05:11:05  2022
--------------------------------------------------------------------------------
Index   time            v(3)            v(1)            
--------------------------------------------------------------------------------
0	0.000000e+00	5.050422e-03	1.062313e-03	
1	1.000000e-07	5.050422e-03	1.062313e-03	
2	2.000000e-07	5.050422e-03	1.062313e-03	
3	4.000000e-07	5.050422e-03	1.062313e-03	
4	8.000000e-07	5.050422e-03	1.062313e-03	
5	1.600000e-06	5.050422e-03	1.062313e-03	
6	3.200000e-06	5.050421e-03	1.062313e-03	
7	6.400000e-06	5.050424e-03	1.062313e-03	
8	1.280000e-05	5.050420e-03	1.062313e-03	
9	2.280000e-05	5.050425e-03	1.062313e-03	
10	3.280000e-05	5.050419e-03	1.062313e-03	
11	4.280000e-05	5.050426e-03	1.062313e-03	
12	5.280000e-05	5.050417e-03	1.062313e-03	
13	6.280000e-05	5.050428e-03	1.062313e-03	
14	7.280000e-05	5.050415e-03	1.062313e-03	
15	8.280000e-05	5.050431e-03	1.062313e-03	
16	9.280000e-05	5.050411e-03	1.062313e-03	
17	1.028000e-04	5.050436e-03	1.062313e-03	
18	1.128000e-04	5.050405e-03	1.062313e-03	
19	1.228000e-04	5.050443e-03	1.062313e-03	
20	1.328000e-04	5.050397e-03	1.062313e-03	
21	1.428000e-04	5.050453e-03	1.062313e-03	
22	1.528000e-04	5.050384e-03	1.062313e-03	
23	1.628000e-04	5.050469e-03	1.062313e-03	
24	1.728000e-04	5.050365e-03	1.062313e-03	
25	1.828000e-04	5.050492e-03	1.062313e-03	
26	1.928000e-04	5.050337e-03	1.062313e-03	
27	2.028000e-04	5.050526e-03	1.062313e-03	
28	2.128000e-04	5.050294e-03	1.062313e-03	
29	2.228000e-04	5.050578e-03	1.062313e-03	
30	2.328000e-04	5.050231e-03	1.062313e-03	
31	2.428000e-04	5.050656e-03	1.062313e-03	
32	2.528000e-04	5.050136e-03	1.062313e-03	
33	2.628000e-04	5.050773e-03	1.062313e-03	
34	2.728000e-04	5.049993e-03	1.062312e-03	
35	2.828000e-04	5.050947e-03	1.062313e-03	
36	2.928000e-04	5.049779e-03	1.062312e-03	
37	3.028000e-04	5.051209e-03	1.062314e-03	
38	3.128000e-04	5.049459e-03	1.062312e-03	
39	3.228000e-04	5.051601e-03	1.062314e-03	
40	3.328000e-04	5.048980e-03	1.062311e-03	
41	3.428000e-04	5.052188e-03	1.062315e-03	
42	3.528000e-04	5.048261e-03	1.062311e-03	
43	3.628000e-04	5.053067e-03	1.062316e-03	
44	3.728000e-04	5.047185e-03	1.062309e-03	
45	3.828000e-04	5.054384e-03	1.062317e-03	
46	3.928000e-04	5.045573e-03	1.062308e-03	
47	4.028000e-04	5.056357e-03	1.062319e-03	
48	4.128000e-04	5.043157e-03	1.062305e-03	
49	4.228000e-04	5.059314e-03	1.062322e-03	
50	4.328000e-04	5.039539e-03	1.062302e-03	
51	4.428000e-04	5.063742e-03	1.062327e-03	
52	4.528000e-04	5.034119e-03	1.062296e-03	
53	4.628000e-04	5.070376e-03	1.062333e-03	
54	4.728000e-04	5.025999e-03	1.062288e-03	

Index   time            v(3)            v(1)            
--------------------------------------------------------------------------------
55	4.827172e-04	5.080366e-03	1.062344e-03	
56	4.917056e-04	5.012923e-03	1.062274e-03	
57	4.985278e-04	5.100909e-03	1.062365e-03	
58	5.033296e-04	4.973141e-03	1.062233e-03	
59	5.062042e-04	5.211045e-03	1.062478e-03	
60	5.071523e-04	1.037057e-02	1.067787e-03	
61	5.076173e-04	1.948756e-02	1.077173e-03	
62	5.078988e-04	3.066390e-02	1.088691e-03	
63	5.081569e-04	4.820313e-02	1.106823e-03	
64	5.084450e-04	8.198045e-02	1.142145e-03	
65	5.087129e-04	1.342226e-01	1.198461e-03	
66	5.089876e-04	2.157176e-01	1.293383e-03	
67	5.091991e-04	2.980211e-01	1.401334e-03	
68	5.094427e-04	4.069214e-01	1.572344e-03	
69	5.096792e-04	5.188492e-01	1.790492e-03	
70	5.099697e-04	6.572496e-01	2.130905e-03	
71	5.102844e-04	8.034382e-01	2.589143e-03	
72	5.106890e-04	9.863801e-01	3.310915e-03	
73	5.111164e-04	1.187597e+00	4.236849e-03	
74	5.114797e-04	1.364065e+00	5.160554e-03	
75	5.119935e-04	1.614446e+00	6.684873e-03	
76	5.126334e-04	1.926038e+00	8.940272e-03	
77	5.139131e-04	2.548518e+00	1.463624e-02	
78	5.164725e-04	3.792775e+00	3.075011e-02	
79	5.176779e-04	4.378640e+00	4.051409e-02	
80	5.185244e-04	4.775073e+00	4.818707e-02	
81	5.191371e-04	4.904740e+00	5.405562e-02	
82	5.197274e-04	4.953909e+00	5.980765e-02	
83	5.203359e-04	4.986574e+00	6.577994e-02	
84	5.209559e-04	5.007845e+00	7.189145e-02	
85	5.219306e-04	5.034347e+00	8.153010e-02	
86	5.238800e-04	5.067129e+00	1.008665e-01	
87	5.277789e-04	5.107930e+00	1.395997e-01	
88	5.316294e-04	5.135055e+00	1.778184e-01	
89	5.348167e-04	5.150547e+00	2.093675e-01	
90	5.370358e-04	5.159780e+00	2.312699e-01	
91	5.392796e-04	5.167006e+00	2.533532e-01	
92	5.399265e-04	5.167136e+00	2.597069e-01	
93	5.406821e-04	5.167310e+00	2.671171e-01	
94	5.413767e-04	5.167296e+00	2.739200e-01	
95	5.427659e-04	5.167469e+00	2.874977e-01	
96	5.453177e-04	5.167396e+00	3.123386e-01	
97	5.493209e-04	5.167496e+00	3.510564e-01	
98	5.530569e-04	5.167409e+00	3.869098e-01	
99	5.590334e-04	5.167511e+00	4.437124e-01	
100	5.663331e-04	5.167428e+00	5.121768e-01	
101	5.763331e-04	5.167537e+00	6.043611e-01	
102	5.863331e-04	5.167456e+00	6.947202e-01	
103	5.963331e-04	5.167565e+00	7.832903e-01	
104	6.063331e-04	5.167483e+00	8.701068e-01	
105	6.163331e-04	5.167591e+00	9.552045e-01	
106	6.263331e-04	5.167508e+00	1.038617e+00	
107	6.363331e-04	5.167618e+00	1.120379e+00	
108	6.463331e-04	5.167533e+00	1.200521e+00	
109	6.563331e-04	5.167643e+00	1.279077e+00	
110	6.663331e-04	5.167558e+00	1.356077e+00	
111	6.763331e-04	5.167667e+00	1.431553e+00	
112	6.863331e-04	5.167581e+00	1.505535e+00	

Index   time            v(3)            v(1)            
--------------------------------------------------------------------------------
113	6.963331e-04	5.167691e+00	1.578052e+00	
114	7.063331e-04	5.167603e+00	1.649133e+00	
115	7.163331e-04	5.167713e+00	1.718807e+00	
116	7.263331e-04	5.167624e+00	1.787101e+00	
117	7.363331e-04	5.167735e+00	1.854043e+00	
118	7.463331e-04	5.167645e+00	1.919660e+00	
119	7.563331e-04	5.167756e+00	1.983978e+00	
120	7.663331e-04	5.167665e+00	2.047022e+00	
121	7.763331e-04	5.167776e+00	2.108818e+00	
122	7.863331e-04	5.167684e+00	2.169390e+00	
123	7.963331e-04	5.167795e+00	2.228763e+00	
124	8.063331e-04	5.167701e+00	2.286955e+00	
125	8.119102e-04	5.167809e+00	2.318900e+00	
126	8.190368e-04	5.167712e+00	2.359190e+00	
127	8.231238e-04	5.167819e+00	2.382026e+00	
128	8.267821e-04	5.167659e+00	2.402302e+00	
129	8.304581e-04	5.167595e+00	2.422518e+00	
130	8.326947e-04	5.166943e+00	2.434741e+00	
131	8.335629e-04	5.165385e+00	2.439469e+00	
132	8.341010e-04	5.163899e+00	2.442393e+00	
133	8.347140e-04	5.162393e+00	2.445718e+00	
134	8.353143e-04	5.160543e+00	2.448969e+00	
135	8.365151e-04	5.156909e+00	2.455451e+00	
136	8.379881e-04	5.151516e+00	2.463369e+00	
137	8.404543e-04	5.141183e+00	2.476533e+00	
138	8.439368e-04	5.121996e+00	2.494906e+00	
139	8.495695e-04	5.071824e+00	2.523965e+00	
140	8.546553e-04	4.901035e+00	2.548804e+00	
141	8.572055e-04	3.906783e+00	2.558201e+00	
142	8.585855e-04	3.196517e+00	2.560917e+00	
143	8.598512e-04	2.611282e+00	2.561763e+00	
144	8.612914e-04	1.882938e+00	2.560835e+00	
145	8.626863e-04	1.225945e+00	2.558009e+00	
146	8.645542e-04	2.964170e-01	2.551279e+00	
147	8.668644e-04	-8.11314e-01	2.538294e+00	
148	8.700843e-04	-2.39541e+00	2.511656e+00	
149	8.735607e-04	-4.07244e+00	2.471790e+00	
150	8.749420e-04	-4.73406e+00	2.452802e+00	
151	8.763516e-04	-4.96124e+00	2.432226e+00	
152	8.776955e-04	-5.01487e+00	2.412287e+00	
153	8.793459e-04	-5.05128e+00	2.387726e+00	
154	8.808384e-04	-5.07398e+00	2.365495e+00	
155	8.838236e-04	-5.10394e+00	2.321074e+00	
156	8.873677e-04	-5.12987e+00	2.268481e+00	
157	8.915714e-04	-5.15189e+00	2.206381e+00	
158	8.938715e-04	-5.16125e+00	2.172551e+00	
159	8.954239e-04	-5.16644e+00	2.149784e+00	
160	8.958931e-04	-5.16670e+00	2.142914e+00	
161	8.964324e-04	-5.16680e+00	2.135025e+00	
162	8.970180e-04	-5.16689e+00	2.126468e+00	
163	8.980181e-04	-5.16698e+00	2.111879e+00	
164	8.997324e-04	-5.16706e+00	2.086938e+00	
165	9.025227e-04	-5.16707e+00	2.046523e+00	
166	9.074120e-04	-5.16708e+00	1.976249e+00	
167	9.120760e-04	-5.16709e+00	1.909851e+00	
168	9.180791e-04	-5.16710e+00	1.825294e+00	
169	9.275750e-04	-5.16713e+00	1.693593e+00	
170	9.375750e-04	-5.16715e+00	1.557578e+00	

Index   time            v(3)            v(1)            
--------------------------------------------------------------------------------
171	9.475750e-04	-5.16717e+00	1.424256e+00	
172	9.575750e-04	-5.16719e+00	1.293574e+00	
173	9.675750e-04	-5.16721e+00	1.165479e+00	
174	9.775750e-04	-5.16723e+00	1.039920e+00	
175	9.875750e-04	-5.16725e+00	9.168473e-01	
176	9.975750e-04	-5.16726e+00	7.962114e-01	
177	1.007575e-03	-5.16729e+00	6.779640e-01	
178	1.017575e-03	-5.16730e+00	5.620579e-01	
179	1.027575e-03	-5.16733e+00	4.484468e-01	
180	1.037575e-03	-5.16734e+00	3.370850e-01	
181	1.047575e-03	-5.16736e+00	2.279282e-01	
182	1.057575e-03	-5.16737e+00	1.209327e-01	
183	1.067575e-03	-5.16739e+00	1.605567e-02	
184	1.077575e-03	-5.16740e+00	-8.67448e-02	
185	1.087575e-03	-5.16743e+00	-1.87510e-01	
186	1.097575e-03	-5.16743e+00	-2.86280e-01	
187	1.107575e-03	-5.16746e+00	-3.83094e-01	
188	1.117575e-03	-5.16746e+00	-4.77992e-01	
189	1.127575e-03	-5.16749e+00	-5.71010e-01	
190	1.137575e-03	-5.16749e+00	-6.62187e-01	
191	1.147575e-03	-5.16752e+00	-7.51559e-01	
192	1.157575e-03	-5.16752e+00	-8.39161e-01	
193	1.167575e-03	-5.16754e+00	-9.25028e-01	
194	1.177575e-03	-5.16755e+00	-1.00920e+00	
195	1.187575e-03	-5.16757e+00	-1.09170e+00	
196	1.197575e-03	-5.16757e+00	-1.17256e+00	
197	1.207575e-03	-5.16760e+00	-1.25183e+00	
198	1.217575e-03	-5.16760e+00	-1.32953e+00	
199	1.227575e-03	-5.16762e+00	-1.40569e+00	
200	1.237575e-03	-5.16762e+00	-1.48034e+00	
201	1.247575e-03	-5.16764e+00	-1.55351e+00	
202	1.257575e-03	-5.16764e+00	-1.62523e+00	
203	1.267575e-03	-5.16767e+00	-1.69554e+00	
204	1.277575e-03	-5.16767e+00	-1.76445e+00	
205	1.287575e-03	-5.16769e+00	-1.83199e+00	
206	1.297575e-03	-5.16769e+00	-1.89820e+00	
207	1.307575e-03	-5.16771e+00	-1.96310e+00	
208	1.317575e-03	-5.16771e+00	-2.02672e+00	
209	1.327575e-03	-5.16773e+00	-2.08907e+00	
210	1.337575e-03	-5.16773e+00	-2.15019e+00	
211	1.347575e-03	-5.16775e+00	-2.21010e+00	
212	1.357575e-03	-5.16774e+00	-2.26882e+00	
213	1.363689e-03	-5.16776e+00	-2.30414e+00	
214	1.369398e-03	-5.16775e+00	-2.33673e+00	
215	1.375819e-03	-5.16777e+00	-2.37292e+00	
216	1.379564e-03	-5.16774e+00	-2.39381e+00	
217	1.383414e-03	-5.16766e+00	-2.41511e+00	
218	1.387205e-03	-5.16717e+00	-2.43591e+00	
219	1.388286e-03	-5.16554e+00	-2.44181e+00	
220	1.389575e-03	-5.16223e+00	-2.44882e+00	
221	1.390318e-03	-5.16013e+00	-2.45286e+00	
222	1.390998e-03	-5.15802e+00	-2.45654e+00	
223	1.392359e-03	-5.15346e+00	-2.46387e+00	
224	1.394573e-03	-5.14469e+00	-2.47574e+00	
225	1.397931e-03	-5.12794e+00	-2.49355e+00	
226	1.402816e-03	-5.09294e+00	-2.51900e+00	
227	1.408159e-03	-5.00394e+00	-2.54588e+00	
228	1.411523e-03	-4.34541e+00	-2.56016e+00	

Index   time            v(3)            v(1)            
--------------------------------------------------------------------------------
229	1.415237e-03	-2.58631e+00	-2.56686e+00	
230	1.417677e-03	-1.40606e+00	-2.56408e+00	
231	1.420440e-03	-9.09458e-02	-2.55407e+00	
232	1.425378e-03	2.297897e+00	-2.51813e+00	
233	1.430446e-03	4.726232e+00	-2.45731e+00	
234	1.432976e-03	5.009033e+00	-2.42034e+00	
235	1.436007e-03	5.068732e+00	-2.37527e+00	
236	1.439094e-03	5.102105e+00	-2.32934e+00	
237	1.443641e-03	5.133354e+00	-2.26192e+00	
238	1.446440e-03	5.148394e+00	-2.22060e+00	
239	1.449061e-03	5.159713e+00	-2.18204e+00	
240	1.451196e-03	5.166666e+00	-2.15074e+00	
241	1.451742e-03	5.166680e+00	-2.14276e+00	
242	1.452377e-03	5.166955e+00	-2.13348e+00	
243	1.453079e-03	5.166851e+00	-2.12323e+00	
244	1.454484e-03	5.167144e+00	-2.10278e+00	
245	1.456887e-03	5.166969e+00	-2.06793e+00	
246	1.459705e-03	5.167168e+00	-2.02726e+00	
247	1.462653e-03	5.166984e+00	-1.98497e+00	
248	1.468547e-03	5.167194e+00	-1.90115e+00	
249	1.474556e-03	5.167010e+00	-1.81672e+00	
250	1.484556e-03	5.167229e+00	-1.67842e+00	
251	1.494556e-03	5.167053e+00	-1.54287e+00	
252	1.504556e-03	5.167270e+00	-1.41000e+00	
253	1.514556e-03	5.167094e+00	-1.27976e+00	
254	1.524556e-03	5.167310e+00	-1.15209e+00	
255	1.534556e-03	5.167133e+00	-1.02696e+00	
256	1.544556e-03	5.167350e+00	-9.04300e-01	
257	1.554556e-03	5.167171e+00	-7.84071e-01	
258	1.564556e-03	5.167388e+00	-6.66223e-01	
259	1.574556e-03	5.167208e+00	-5.50708e-01	
260	1.584556e-03	5.167424e+00	-4.37479e-01	
261	1.594556e-03	5.167243e+00	-3.26493e-01	
262	1.604556e-03	5.167459e+00	-2.17704e-01	
263	1.614556e-03	5.167277e+00	-1.11069e-01	
264	1.624556e-03	5.167493e+00	-6.54493e-03	
265	1.634556e-03	5.167309e+00	9.590946e-02	
266	1.644556e-03	5.167525e+00	1.963354e-01	
267	1.654556e-03	5.167341e+00	2.947730e-01	
268	1.664556e-03	5.167556e+00	3.912616e-01	
269	1.674556e-03	5.167371e+00	4.858399e-01	
270	1.684556e-03	5.167585e+00	5.785456e-01	
271	1.694556e-03	5.167399e+00	6.694158e-01	
272	1.704556e-03	5.167614e+00	7.584869e-01	
273	1.714556e-03	5.167427e+00	8.457946e-01	
274	1.724556e-03	5.167641e+00	9.313736e-01	
275	1.734556e-03	5.167453e+00	1.015258e+00	
276	1.744556e-03	5.167668e+00	1.097482e+00	
277	1.754556e-03	5.167479e+00	1.178078e+00	
278	1.764556e-03	5.167693e+00	1.257078e+00	
279	1.774556e-03	5.167503e+00	1.334514e+00	
280	1.784556e-03	5.167717e+00	1.410417e+00	
281	1.794556e-03	5.167527e+00	1.484817e+00	
282	1.804556e-03	5.167741e+00	1.557744e+00	
283	1.814556e-03	5.167550e+00	1.629227e+00	
284	1.824556e-03	5.167763e+00	1.699295e+00	
285	1.834556e-03	5.167571e+00	1.767976e+00	
286	1.844556e-03	5.167785e+00	1.835297e+00	

Index   time            v(3)            v(1)            
--------------------------------------------------------------------------------
287	1.854556e-03	5.167592e+00	1.901285e+00	
288	1.864556e-03	5.167805e+00	1.965966e+00	
289	1.874556e-03	5.167612e+00	2.029367e+00	
290	1.884556e-03	5.167825e+00	2.091513e+00	
291	1.894556e-03	5.167631e+00	2.152428e+00	
292	1.904556e-03	5.167844e+00	2.212137e+00	
293	1.914556e-03	5.167650e+00	2.270660e+00	
294	1.920476e-03	5.167857e+00	2.304752e+00	
295	1.926442e-03	5.167658e+00	2.338697e+00	
296	1.932901e-03	5.167868e+00	2.374972e+00	
297	1.936725e-03	5.167630e+00	2.396220e+00	
298	1.940643e-03	5.167700e+00	2.417808e+00	
299	1.942919e-03	5.167234e+00	2.430271e+00	
300	1.943962e-03	5.166729e+00	2.435960e+00	
301	1.944641e-03	5.165013e+00	2.439656e+00	
302	1.945013e-03	5.164270e+00	2.441679e+00	
303	1.945463e-03	5.162896e+00	2.444120e+00	
304	1.946362e-03	5.160563e+00	2.448991e+00	
305	1.947341e-03	5.157301e+00	2.454280e+00	
306	1.949300e-03	5.150510e+00	2.464808e+00	
307	1.951660e-03	5.140037e+00	2.477394e+00	
308	1.955816e-03	5.116346e+00	2.499267e+00	
309	1.960921e-03	5.066627e+00	2.525518e+00	
310	1.966360e-03	4.762801e+00	2.551284e+00	
311	1.969165e-03	3.423802e+00	2.559863e+00	
312	1.971507e-03	2.281305e+00	2.561193e+00	
313	1.974101e-03	1.018520e+00	2.556436e+00	
314	1.979288e-03	-1.50944e+00	2.527431e+00	
315	1.985409e-03	-4.48693e+00	2.460106e+00	
316	1.988211e-03	-4.99967e+00	2.419808e+00	
317	1.991957e-03	-5.07477e+00	2.364090e+00	
318	1.995746e-03	-5.11197e+00	2.307722e+00	
319	1.999256e-03	-5.13528e+00	2.255680e+00	
320	2.002413e-03	-5.15078e+00	2.209066e+00	
321	2.005047e-03	-5.16186e+00	2.170322e+00	
322	2.006514e-03	-5.16653e+00	2.148812e+00	
323	2.006982e-03	-5.16669e+00	2.141955e+00	
324	2.007482e-03	-5.16684e+00	2.134641e+00	
325	2.008048e-03	-5.16686e+00	2.126376e+00	
326	2.009179e-03	-5.16704e+00	2.109873e+00	
327	2.011007e-03	-5.16703e+00	2.083291e+00	
328	2.013819e-03	-5.16711e+00	2.042590e+00	
329	2.016898e-03	-5.16704e+00	1.998278e+00	
330	2.021450e-03	-5.16713e+00	1.933262e+00	
331	2.026763e-03	-5.16706e+00	1.858136e+00	
332	2.036415e-03	-5.16716e+00	1.723661e+00	
333	2.046415e-03	-5.16710e+00	1.587050e+00	
334	2.056415e-03	-5.16720e+00	1.453144e+00	
335	2.066415e-03	-5.16715e+00	1.321890e+00	
336	2.076415e-03	-5.16724e+00	1.193234e+00	
337	2.086415e-03	-5.16719e+00	1.067126e+00	
338	2.096415e-03	-5.16728e+00	9.435146e-01	
339	2.106415e-03	-5.16722e+00	8.223507e-01	
340	2.116415e-03	-5.16732e+00	7.035858e-01	
341	2.126415e-03	-5.16726e+00	5.871724e-01	
342	2.136415e-03	-5.16736e+00	4.730640e-01	
343	2.146415e-03	-5.16730e+00	3.612148e-01	
344	2.156415e-03	-5.16739e+00	2.515803e-01	

Index   time            v(3)            v(1)            
--------------------------------------------------------------------------------
345	2.166415e-03	-5.16733e+00	1.441164e-01	
346	2.176415e-03	-5.16743e+00	3.878035e-02	
347	2.186415e-03	-5.16736e+00	-6.44701e-02	
348	2.196415e-03	-5.16746e+00	-1.65676e-01	
349	2.206415e-03	-5.16739e+00	-2.64879e-01	
350	2.216415e-03	-5.16749e+00	-3.62117e-01	
351	2.226415e-03	-5.16743e+00	-4.57430e-01	
352	2.236415e-03	-5.16752e+00	-5.50855e-01	
353	2.246415e-03	-5.16745e+00	-6.42431e-01	
354	2.256415e-03	-5.16755e+00	-7.32194e-01	
355	2.266415e-03	-5.16748e+00	-8.20179e-01	
356	2.276415e-03	-5.16758e+00	-9.06423e-01	
357	2.286415e-03	-5.16751e+00	-9.90958e-01	
358	2.296415e-03	-5.16760e+00	-1.07382e+00	
359	2.306415e-03	-5.16753e+00	-1.15504e+00	
360	2.316415e-03	-5.16763e+00	-1.23465e+00	
361	2.326415e-03	-5.16756e+00	-1.31269e+00	
362	2.336415e-03	-5.16765e+00	-1.38918e+00	
363	2.346415e-03	-5.16758e+00	-1.46416e+00	
364	2.356415e-03	-5.16768e+00	-1.53765e+00	
365	2.366415e-03	-5.16761e+00	-1.60969e+00	
366	2.376415e-03	-5.16770e+00	-1.68030e+00	
367	2.386415e-03	-5.16763e+00	-1.74952e+00	
368	2.396415e-03	-5.16772e+00	-1.81736e+00	
369	2.406415e-03	-5.16765e+00	-1.88386e+00	
370	2.416415e-03	-5.16774e+00	-1.94904e+00	
371	2.426415e-03	-5.16767e+00	-2.01293e+00	
372	2.436415e-03	-5.16776e+00	-2.07556e+00	
373	2.446415e-03	-5.16769e+00	-2.13695e+00	
374	2.456415e-03	-5.16778e+00	-2.19712e+00	
375	2.466415e-03	-5.16771e+00	-2.25610e+00	
376	2.473349e-03	-5.16780e+00	-2.29630e+00	
377	2.478758e-03	-5.16772e+00	-2.32727e+00	
378	2.485324e-03	-5.16781e+00	-2.36441e+00	
379	2.489176e-03	-5.16773e+00	-2.38596e+00	
380	2.492545e-03	-5.16776e+00	-2.40466e+00	
381	2.495895e-03	-5.16753e+00	-2.42313e+00	
382	2.497257e-03	-5.16748e+00	-2.43060e+00	
383	2.498250e-03	-5.16715e+00	-2.43603e+00	
384	2.498810e-03	-5.16675e+00	-2.43909e+00	
385	2.499464e-03	-5.16524e+00	-2.44266e+00	
386	2.499779e-03	-5.16454e+00	-2.44437e+00	
387	2.500178e-03	-5.16344e+00	-2.44654e+00	
388	2.500977e-03	-5.16135e+00	-2.45088e+00	
389	2.502357e-03	-5.15705e+00	-2.45835e+00	
390	2.503723e-03	-5.15240e+00	-2.46571e+00	
391	2.505953e-03	-5.14324e+00	-2.47765e+00	
392	2.509342e-03	-5.12594e+00	-2.49560e+00	
393	2.514688e-03	-5.08373e+00	-2.52335e+00	
394	2.519896e-03	-4.97852e+00	-2.54933e+00	
395	2.522926e-03	-4.18286e+00	-2.56161e+00	
396	2.525255e-03	-3.08271e+00	-2.56658e+00	
397	2.527235e-03	-2.12625e+00	-2.56673e+00	
398	2.529224e-03	-1.18199e+00	-2.56311e+00	
399	2.533203e-03	7.375761e-01	-2.54455e+00	
400	2.537983e-03	3.035882e+00	-2.50239e+00	
401	2.541295e-03	4.641587e+00	-2.46053e+00	
402	2.543466e-03	4.987490e+00	-2.42900e+00	

Index   time            v(3)            v(1)            
--------------------------------------------------------------------------------
403	2.546033e-03	5.052699e+00	-2.39087e+00	
404	2.548924e-03	5.090704e+00	-2.34783e+00	
405	2.552103e-03	5.118560e+00	-2.30060e+00	
406	2.557068e-03	5.147845e+00	-2.22715e+00	
407	2.560442e-03	5.161393e+00	-2.17751e+00	
408	2.562057e-03	5.166485e+00	-2.15383e+00	
409	2.562691e-03	5.166729e+00	-2.14456e+00	
410	2.563259e-03	5.166867e+00	-2.13626e+00	
411	2.563870e-03	5.166883e+00	-2.12734e+00	
412	2.565092e-03	5.167052e+00	-2.10953e+00	
413	2.566909e-03	5.167025e+00	-2.08314e+00	
414	2.570039e-03	5.167108e+00	-2.03789e+00	
415	2.574661e-03	5.167043e+00	-1.97159e+00	
416	2.580370e-03	5.167134e+00	-1.89055e+00	
417	2.586364e-03	5.167068e+00	-1.80644e+00	
418	2.596364e-03	5.167170e+00	-1.66835e+00	
419	2.606364e-03	5.167111e+00	-1.53300e+00	
420	2.616364e-03	5.167213e+00	-1.40032e+00	
421	2.626364e-03	5.167152e+00	-1.27027e+00	
422	2.636364e-03	5.167253e+00	-1.14279e+00	
423	2.646364e-03	5.167190e+00	-1.01784e+00	
424	2.656364e-03	5.167293e+00	-8.95367e-01	
425	2.666364e-03	5.167228e+00	-7.75315e-01	
426	2.676364e-03	5.167331e+00	-6.57640e-01	
427	2.686364e-03	5.167265e+00	-5.42294e-01	
428	2.696364e-03	5.167367e+00	-4.29233e-01	
429	2.706364e-03	5.167300e+00	-3.18410e-01	
430	2.716364e-03	5.167402e+00	-2.09781e-01	
431	2.726364e-03	5.167333e+00	-1.03302e-01	
432	2.736364e-03	5.167436e+00	1.067601e-03	
433	2.746364e-03	5.167366e+00	1.033712e-01	
434	2.756364e-03	5.167468e+00	2.036494e-01	
435	2.766364e-03	5.167396e+00	3.019421e-01	
436	2.776364e-03	5.167499e+00	3.982888e-01	
437	2.786364e-03	5.167426e+00	4.927279e-01	
438	2.796364e-03	5.167529e+00	5.852972e-01	
439	2.806364e-03	5.167455e+00	6.760338e-01	
440	2.816364e-03	5.167558e+00	7.649738e-01	
441	2.826364e-03	5.167482e+00	8.521530e-01	
442	2.836364e-03	5.167585e+00	9.376061e-01	
443	2.846364e-03	5.167509e+00	1.021367e+00	
444	2.856364e-03	5.167612e+00	1.103470e+00	
445	2.866364e-03	5.167534e+00	1.183947e+00	
446	2.876364e-03	5.167637e+00	1.262831e+00	
447	2.886364e-03	5.167558e+00	1.340153e+00	
448	2.896364e-03	5.167662e+00	1.415945e+00	
449	2.906364e-03	5.167582e+00	1.490235e+00	
450	2.916364e-03	5.167685e+00	1.563055e+00	
451	2.926364e-03	5.167604e+00	1.634433e+00	
452	2.936364e-03	5.167708e+00	1.704398e+00	
453	2.946364e-03	5.167626e+00	1.772978e+00	
454	2.956364e-03	5.167729e+00	1.840199e+00	
455	2.966364e-03	5.167646e+00	1.906090e+00	
456	2.976364e-03	5.167750e+00	1.970677e+00	
457	2.986364e-03	5.167666e+00	2.033984e+00	
458	2.996364e-03	5.167770e+00	2.096038e+00	
459	3.006364e-03	5.167685e+00	2.156864e+00	
460	3.016364e-03	5.167789e+00	2.216485e+00	

Index   time            v(3)            v(1)            
--------------------------------------------------------------------------------
461	3.026364e-03	5.167704e+00	2.274922e+00	
462	3.032103e-03	5.167803e+00	2.307930e+00	
463	3.038405e-03	5.167714e+00	2.343729e+00	
464	3.043699e-03	5.167814e+00	2.373445e+00	
465	3.047444e-03	5.167691e+00	2.394266e+00	
466	3.051254e-03	5.167672e+00	2.415278e+00	
467	3.055208e-03	5.166183e+00	2.436905e+00	
468	3.056848e-03	5.162192e+00	2.445816e+00	
469	3.057847e-03	5.159105e+00	2.451221e+00	
470	3.058804e-03	5.156157e+00	2.456381e+00	
471	3.060717e-03	5.148912e+00	2.466650e+00	
472	3.064291e-03	5.132253e+00	2.485638e+00	
473	3.068916e-03	5.100961e+00	2.509792e+00	
474	3.074480e-03	5.021503e+00	2.537938e+00	
475	3.077895e-03	4.538094e+00	2.553141e+00	
476	3.080302e-03	3.407251e+00	2.559921e+00	
477	3.081715e-03	2.685649e+00	2.561271e+00	
478	3.083045e-03	2.065397e+00	2.560756e+00	
479	3.084748e-03	1.211669e+00	2.557592e+00	
480	3.086397e-03	4.293850e-01	2.551848e+00	
481	3.088821e-03	-7.69942e-01	2.538642e+00	
482	3.091780e-03	-2.19399e+00	2.514869e+00	
483	3.095307e-03	-3.92645e+00	2.475624e+00	
484	3.098322e-03	-4.95257e+00	2.434007e+00	
485	3.101331e-03	-5.05058e+00	2.389337e+00	
486	3.103856e-03	-5.08400e+00	2.351743e+00	
487	3.106542e-03	-5.11008e+00	2.311783e+00	
488	3.110739e-03	-5.13651e+00	2.249571e+00	
489	3.114248e-03	-5.15422e+00	2.197795e+00	
490	3.116558e-03	-5.16361e+00	2.163856e+00	
491	3.117606e-03	-5.16660e+00	2.148486e+00	
492	3.118065e-03	-5.16665e+00	2.141779e+00	
493	3.118493e-03	-5.16687e+00	2.135516e+00	
494	3.118978e-03	-5.16681e+00	2.128425e+00	
495	3.119948e-03	-5.16704e+00	2.114264e+00	
496	3.121805e-03	-5.16700e+00	2.087248e+00	
497	3.124518e-03	-5.16713e+00	2.047946e+00	
498	3.128127e-03	-5.16701e+00	1.995994e+00	
499	3.131779e-03	-5.16715e+00	1.943812e+00	
500	3.137642e-03	-5.16704e+00	1.860819e+00	
501	3.145912e-03	-5.16718e+00	1.745397e+00	
502	3.155912e-03	-5.16707e+00	1.608356e+00	
503	3.165912e-03	-5.16723e+00	1.474028e+00	
504	3.175912e-03	-5.16712e+00	1.342360e+00	
505	3.185912e-03	-5.16727e+00	1.213299e+00	
506	3.195912e-03	-5.16716e+00	1.086794e+00	
507	3.205912e-03	-5.16731e+00	9.627931e-01	
508	3.215912e-03	-5.16720e+00	8.412474e-01	
509	3.225912e-03	-5.16735e+00	7.221083e-01	
510	3.235912e-03	-5.16723e+00	6.053282e-01	
511	3.245912e-03	-5.16738e+00	4.908602e-01	
512	3.255912e-03	-5.16727e+00	3.786587e-01	
513	3.265912e-03	-5.16742e+00	2.686788e-01	
514	3.275912e-03	-5.16730e+00	1.608764e-01	
515	3.285912e-03	-5.16745e+00	5.520847e-02	
516	3.295912e-03	-5.16734e+00	-4.83673e-02	
517	3.305912e-03	-5.16748e+00	-1.49892e-01	
518	3.315912e-03	-5.16737e+00	-2.49407e-01	

Index   time            v(3)            v(1)            
--------------------------------------------------------------------------------
519	3.325912e-03	-5.16751e+00	-3.46952e-01	
520	3.335912e-03	-5.16740e+00	-4.42565e-01	
521	3.345912e-03	-5.16754e+00	-5.36285e-01	
522	3.355912e-03	-5.16743e+00	-6.28149e-01	
523	3.365912e-03	-5.16757e+00	-7.18195e-01	
524	3.375912e-03	-5.16746e+00	-8.06457e-01	
525	3.385912e-03	-5.16760e+00	-8.92972e-01	
526	3.395912e-03	-5.16748e+00	-9.77774e-01	
527	3.405912e-03	-5.16763e+00	-1.06090e+00	
528	3.415912e-03	-5.16751e+00	-1.14237e+00	
529	3.425912e-03	-5.16765e+00	-1.22224e+00	
530	3.435912e-03	-5.16753e+00	-1.30052e+00	
531	3.445912e-03	-5.16768e+00	-1.37725e+00	
532	3.455912e-03	-5.16756e+00	-1.45247e+00	
533	3.465912e-03	-5.16770e+00	-1.52619e+00	
534	3.475912e-03	-5.16758e+00	-1.59846e+00	
535	3.485912e-03	-5.16772e+00	-1.66929e+00	
536	3.495912e-03	-5.16760e+00	-1.73872e+00	
537	3.505912e-03	-5.16774e+00	-1.80678e+00	
538	3.515912e-03	-5.16762e+00	-1.87349e+00	
539	3.525912e-03	-5.16776e+00	-1.93887e+00	
540	3.535912e-03	-5.16764e+00	-2.00297e+00	
541	3.545912e-03	-5.16778e+00	-2.06579e+00	
542	3.555912e-03	-5.16766e+00	-2.12737e+00	
543	3.565912e-03	-5.16780e+00	-2.18773e+00	
544	3.575912e-03	-5.16768e+00	-2.24690e+00	
545	3.583644e-03	-5.16782e+00	-2.29183e+00	
546	3.588999e-03	-5.16769e+00	-2.32255e+00	
547	3.595782e-03	-5.16783e+00	-2.36097e+00	
548	3.599827e-03	-5.16770e+00	-2.38362e+00	
549	3.603231e-03	-5.16779e+00	-2.40253e+00	
550	3.606608e-03	-5.16753e+00	-2.42117e+00	
551	3.607970e-03	-5.16755e+00	-2.42864e+00	
552	3.608969e-03	-5.16724e+00	-2.43411e+00	
553	3.609540e-03	-5.16712e+00	-2.43723e+00	
554	3.610007e-03	-5.16635e+00	-2.43978e+00	
555	3.610572e-03	-5.16517e+00	-2.44286e+00	
556	3.610891e-03	-5.16425e+00	-2.44460e+00	
557	3.611296e-03	-5.16335e+00	-2.44680e+00	
558	3.612106e-03	-5.16099e+00	-2.45120e+00	
559	3.613224e-03	-5.15773e+00	-2.45725e+00	
560	3.614263e-03	-5.15409e+00	-2.46286e+00	
561	3.616342e-03	-5.14622e+00	-2.47400e+00	
562	3.619154e-03	-5.13274e+00	-2.48896e+00	
563	3.624430e-03	-5.09680e+00	-2.51652e+00	
564	3.629668e-03	-5.02112e+00	-2.54302e+00	
565	3.633220e-03	-4.54786e+00	-2.55888e+00	
566	3.636340e-03	-3.06005e+00	-2.56663e+00	
567	3.638510e-03	-2.02282e+00	-2.56652e+00	
568	3.640966e-03	-8.45604e-01	-2.56097e+00	
569	3.645877e-03	1.516065e+00	-2.53267e+00	
570	3.650711e-03	3.852388e+00	-2.48247e+00	
571	3.653668e-03	4.938724e+00	-2.44192e+00	
572	3.656501e-03	5.043060e+00	-2.39992e+00	
573	3.658928e-03	5.078532e+00	-2.36379e+00	
574	3.661475e-03	5.105074e+00	-2.32590e+00	
575	3.665872e-03	5.134134e+00	-2.26072e+00	
576	3.669888e-03	5.154621e+00	-2.20148e+00	

Index   time            v(3)            v(1)            
--------------------------------------------------------------------------------
577	3.673558e-03	5.166591e+00	-2.14764e+00	
578	3.674287e-03	5.166912e+00	-2.13698e+00	
579	3.675182e-03	5.166863e+00	-2.12393e+00	
580	3.676182e-03	5.167078e+00	-2.10935e+00	
581	3.678183e-03	5.166996e+00	-2.08029e+00	
582	3.681218e-03	5.167135e+00	-2.03643e+00	
583	3.684396e-03	5.167014e+00	-1.99080e+00	
584	3.689995e-03	5.167155e+00	-1.91109e+00	
585	3.695425e-03	5.167040e+00	-1.83463e+00	
586	3.705425e-03	5.167188e+00	-1.69599e+00	
587	3.715425e-03	5.167083e+00	-1.56008e+00	
588	3.725425e-03	5.167229e+00	-1.42687e+00	
589	3.735425e-03	5.167126e+00	-1.29629e+00	
590	3.745425e-03	5.167270e+00	-1.16830e+00	
591	3.755425e-03	5.167167e+00	-1.04285e+00	
592	3.765425e-03	5.167309e+00	-9.19876e-01	
593	3.775425e-03	5.167205e+00	-7.99339e-01	
594	3.785425e-03	5.167346e+00	-6.81188e-01	
595	3.795425e-03	5.167243e+00	-5.65377e-01	
596	3.805425e-03	5.167382e+00	-4.51858e-01	
597	3.815425e-03	5.167279e+00	-3.40587e-01	
598	3.825425e-03	5.167416e+00	-2.31519e-01	
599	3.835425e-03	5.167313e+00	-1.24610e-01	
600	3.845425e-03	5.167449e+00	-1.98185e-02	
601	3.855425e-03	5.167346e+00	8.289869e-02	
602	3.865425e-03	5.167481e+00	1.835822e-01	
603	3.875425e-03	5.167378e+00	2.822722e-01	
604	3.885425e-03	5.167511e+00	3.790083e-01	
605	3.895425e-03	5.167409e+00	4.738292e-01	
606	3.905425e-03	5.167540e+00	5.667727e-01	
607	3.915425e-03	5.167438e+00	6.578760e-01	
608	3.925425e-03	5.167568e+00	7.471755e-01	
609	3.935425e-03	5.167466e+00	8.347071e-01	
610	3.945425e-03	5.167595e+00	9.205056e-01	
611	3.955425e-03	5.167494e+00	1.004605e+00	
612	3.965425e-03	5.167621e+00	1.087040e+00	
613	3.975425e-03	5.167520e+00	1.167843e+00	
614	3.985425e-03	5.167646e+00	1.247045e+00	
615	3.995425e-03	5.167545e+00	1.324680e+00	
616	4.005425e-03	5.167670e+00	1.400778e+00	
617	4.015425e-03	5.167569e+00	1.475369e+00	
618	4.025425e-03	5.167693e+00	1.548483e+00	
619	4.035425e-03	5.167592e+00	1.620149e+00	
620	4.045425e-03	5.167715e+00	1.690397e+00	
621	4.055425e-03	5.167614e+00	1.759254e+00	
622	4.065425e-03	5.167736e+00	1.826747e+00	
623	4.075425e-03	5.167635e+00	1.892904e+00	
624	4.085425e-03	5.167756e+00	1.957752e+00	
625	4.095425e-03	5.167656e+00	2.021315e+00	
626	4.105425e-03	5.167776e+00	2.083620e+00	
627	4.115425e-03	5.167675e+00	2.144692e+00	
628	4.125425e-03	5.167795e+00	2.204554e+00	
629	4.135425e-03	5.167694e+00	2.263228e+00	
630	4.141709e-03	5.167809e+00	2.299503e+00	
631	4.147383e-03	5.167705e+00	2.331854e+00	
632	4.153836e-03	5.167819e+00	2.368184e+00	
633	4.157639e-03	5.167701e+00	2.389371e+00	
634	4.161601e-03	5.167713e+00	2.411258e+00	

Index   time            v(3)            v(1)            
--------------------------------------------------------------------------------
635	4.165238e-03	5.167252e+00	2.431195e+00	
636	4.166510e-03	5.165914e+00	2.438131e+00	
637	4.167910e-03	5.162234e+00	2.445734e+00	
638	4.168403e-03	5.160934e+00	2.448399e+00	
639	4.168887e-03	5.159379e+00	2.451019e+00	
640	4.169856e-03	5.156363e+00	2.456245e+00	
641	4.171482e-03	5.150328e+00	2.464977e+00	
642	4.174356e-03	5.137684e+00	2.480290e+00	
643	4.178089e-03	5.115605e+00	2.499915e+00	
644	4.183089e-03	5.067236e+00	2.525622e+00	
645	4.188511e-03	4.752319e+00	2.551248e+00	
646	4.191104e-03	3.558136e+00	2.559504e+00	
647	4.192448e-03	2.862092e+00	2.561229e+00	
648	4.193677e-03	2.297578e+00	2.561255e+00	
649	4.195136e-03	1.558113e+00	2.559386e+00	
650	4.196554e-03	8.917689e-01	2.555584e+00	
651	4.198465e-03	-6.05809e-02	2.547389e+00	
652	4.200845e-03	-1.20039e+00	2.532263e+00	
653	4.203887e-03	-2.69951e+00	2.505020e+00	
654	4.207169e-03	-4.28010e+00	2.465754e+00	
655	4.208404e-03	-4.82436e+00	2.448422e+00	
656	4.209263e-03	-4.94355e+00	2.435819e+00	
657	4.210211e-03	-4.99295e+00	2.421781e+00	
658	4.211050e-03	-5.01956e+00	2.409303e+00	
659	4.212008e-03	-5.04205e+00	2.395054e+00	
660	4.213923e-03	-5.07190e+00	2.366538e+00	
661	4.217752e-03	-5.11005e+00	2.309573e+00	
662	4.222792e-03	-5.14172e+00	2.234920e+00	
663	4.225888e-03	-5.15650e+00	2.189299e+00	
664	4.229237e-03	-5.16668e+00	2.140174e+00	
665	4.230109e-03	-5.16691e+00	2.127425e+00	
666	4.231103e-03	-5.16693e+00	2.112916e+00	
667	4.232007e-03	-5.16707e+00	2.099759e+00	
668	4.233814e-03	-5.16703e+00	2.073517e+00	
669	4.236711e-03	-5.16711e+00	2.031629e+00	
670	4.239483e-03	-5.16704e+00	1.991789e+00	
671	4.245027e-03	-5.16713e+00	1.912768e+00	
672	4.250341e-03	-5.16707e+00	1.837836e+00	
673	4.260341e-03	-5.16716e+00	1.698965e+00	
674	4.270341e-03	-5.16711e+00	1.562843e+00	
675	4.280341e-03	-5.16720e+00	1.429417e+00	
676	4.290341e-03	-5.16715e+00	1.298632e+00	
677	4.300341e-03	-5.16724e+00	1.170437e+00	
678	4.310341e-03	-5.16719e+00	1.044780e+00	
679	4.320341e-03	-5.16728e+00	9.216111e-01	
680	4.330341e-03	-5.16723e+00	8.008809e-01	
681	4.340341e-03	-5.16732e+00	6.825411e-01	
682	4.350341e-03	-5.16727e+00	5.665444e-01	
683	4.360341e-03	-5.16735e+00	4.528444e-01	
684	4.370341e-03	-5.16731e+00	3.413956e-01	
685	4.380341e-03	-5.16739e+00	2.321535e-01	
686	4.390341e-03	-5.16734e+00	1.250743e-01	
687	4.400341e-03	-5.16742e+00	2.011522e-02	
688	4.410341e-03	-5.16737e+00	-8.27657e-02	
689	4.420341e-03	-5.16745e+00	-1.83610e-01	
690	4.430341e-03	-5.16740e+00	-2.82457e-01	
691	4.440341e-03	-5.16749e+00	-3.79347e-01	
692	4.450341e-03	-5.16744e+00	-4.74319e-01	

Index   time            v(3)            v(1)            
--------------------------------------------------------------------------------
693	4.460341e-03	-5.16751e+00	-5.67410e-01	
694	4.470341e-03	-5.16746e+00	-6.58658e-01	
695	4.480341e-03	-5.16754e+00	-7.48099e-01	
696	4.490341e-03	-5.16749e+00	-8.35770e-01	
697	4.500341e-03	-5.16757e+00	-9.21704e-01	
698	4.510341e-03	-5.16752e+00	-1.00594e+00	
699	4.520341e-03	-5.16760e+00	-1.08850e+00	
700	4.530341e-03	-5.16755e+00	-1.16943e+00	
701	4.540341e-03	-5.16762e+00	-1.24876e+00	
702	4.550341e-03	-5.16757e+00	-1.32652e+00	
703	4.560341e-03	-5.16765e+00	-1.40274e+00	
704	4.570341e-03	-5.16759e+00	-1.47745e+00	
705	4.580341e-03	-5.16767e+00	-1.55068e+00	
706	4.590341e-03	-5.16762e+00	-1.62246e+00	
707	4.600341e-03	-5.16769e+00	-1.69281e+00	
708	4.610341e-03	-5.16764e+00	-1.76178e+00	
709	4.620341e-03	-5.16771e+00	-1.82938e+00	
710	4.630341e-03	-5.16766e+00	-1.89564e+00	
711	4.640341e-03	-5.16773e+00	-1.96059e+00	
712	4.650341e-03	-5.16768e+00	-2.02425e+00	
713	4.660341e-03	-5.16775e+00	-2.08666e+00	
714	4.670341e-03	-5.16770e+00	-2.14782e+00	
715	4.680341e-03	-5.16777e+00	-2.20778e+00	
716	4.690341e-03	-5.16772e+00	-2.26655e+00	
717	4.696582e-03	-5.16779e+00	-2.30263e+00	
718	4.702202e-03	-5.16773e+00	-2.33473e+00	
719	4.708619e-03	-5.16780e+00	-2.37093e+00	
720	4.712377e-03	-5.16772e+00	-2.39190e+00	
721	4.716285e-03	-5.16769e+00	-2.41354e+00	
722	4.719911e-03	-5.16730e+00	-2.43345e+00	
723	4.721490e-03	-5.16546e+00	-2.44207e+00	
724	4.722980e-03	-5.16153e+00	-2.45018e+00	
725	4.723741e-03	-5.15937e+00	-2.45430e+00	
726	4.724484e-03	-5.15696e+00	-2.45832e+00	
727	4.725971e-03	-5.15183e+00	-2.46632e+00	
728	4.728944e-03	-5.13916e+00	-2.48221e+00	
729	4.732767e-03	-5.11783e+00	-2.50237e+00	
730	4.738417e-03	-5.06397e+00	-2.53145e+00	
731	4.743634e-03	-4.79874e+00	-2.55637e+00	
732	4.746702e-03	-3.40277e+00	-2.56581e+00	
733	4.748549e-03	-2.50014e+00	-2.56723e+00	
734	4.750302e-03	-1.67865e+00	-2.56556e+00	
735	4.753442e-03	-1.56322e-01	-2.55525e+00	
736	4.756560e-03	1.329329e+00	-2.53571e+00	
737	4.761457e-03	3.709043e+00	-2.48644e+00	
738	4.764754e-03	4.939663e+00	-2.44169e+00	
739	4.767025e-03	5.032087e+00	-2.40802e+00	
740	4.769382e-03	5.070843e+00	-2.37294e+00	
741	4.771983e-03	5.100854e+00	-2.33425e+00	
742	4.774985e-03	5.123342e+00	-2.28967e+00	
743	4.778502e-03	5.143143e+00	-2.23764e+00	
744	4.781350e-03	5.156017e+00	-2.19568e+00	
745	4.782865e-03	5.162471e+00	-2.17343e+00	
746	4.784013e-03	5.166234e+00	-2.15660e+00	
747	4.784421e-03	5.166731e+00	-2.15063e+00	
748	4.784933e-03	5.166676e+00	-2.14314e+00	
749	4.785418e-03	5.166934e+00	-2.13606e+00	
750	4.786214e-03	5.166863e+00	-2.12444e+00	

Index   time            v(3)            v(1)            
--------------------------------------------------------------------------------
751	4.787594e-03	5.167123e+00	-2.10434e+00	
752	4.789987e-03	5.166988e+00	-2.06963e+00	
753	4.793887e-03	5.167151e+00	-2.01339e+00	
754	4.797624e-03	5.167008e+00	-1.95993e+00	
755	4.803794e-03	5.167175e+00	-1.87253e+00	
756	4.810386e-03	5.167037e+00	-1.78031e+00	
757	4.820386e-03	5.167211e+00	-1.64274e+00	
758	4.830386e-03	5.167080e+00	-1.50789e+00	
759	4.840386e-03	5.167251e+00	-1.37571e+00	
760	4.850386e-03	5.167121e+00	-1.24615e+00	
761	4.860386e-03	5.167291e+00	-1.11915e+00	
762	4.870386e-03	5.167161e+00	-9.94671e-01	
763	4.880386e-03	5.167329e+00	-8.72653e-01	
764	4.890386e-03	5.167200e+00	-7.53050e-01	
765	4.900386e-03	5.167367e+00	-6.35816e-01	
766	4.910386e-03	5.167237e+00	-5.20903e-01	
767	4.920386e-03	5.167402e+00	-4.08265e-01	
768	4.930386e-03	5.167272e+00	-2.97857e-01	
769	4.940386e-03	5.167436e+00	-1.89635e-01	
770	4.950386e-03	5.167306e+00	-8.35554e-02	
771	4.960386e-03	5.167469e+00	2.042374e-02	
772	4.970386e-03	5.167339e+00	1.223442e-01	
773	4.980386e-03	5.167501e+00	2.222467e-01	
774	4.990386e-03	5.167370e+00	3.201712e-01	
775	5.000386e-03	5.167531e+00	4.161570e-01	
776	5.010386e-03	5.167401e+00	5.102423e-01	
777	5.020386e-03	5.167560e+00	6.024649e-01	
778	5.030386e-03	5.167430e+00	6.928615e-01	
779	5.040386e-03	5.167588e+00	7.814684e-01	
780	5.050386e-03	5.167458e+00	8.683210e-01	
781	5.060386e-03	5.167615e+00	9.534540e-01	
782	5.070386e-03	5.167484e+00	1.036901e+00	
783	5.080386e-03	5.167641e+00	1.118697e+00	
784	5.090386e-03	5.167510e+00	1.198873e+00	
785	5.100386e-03	5.167666e+00	1.277461e+00	
786	5.110386e-03	5.167535e+00	1.354493e+00	
787	5.120386e-03	5.167690e+00	1.430001e+00	
788	5.130386e-03	5.167559e+00	1.504013e+00	
789	5.140386e-03	5.167713e+00	1.576560e+00	
790	5.150386e-03	5.167581e+00	1.647671e+00	
791	5.160386e-03	5.167735e+00	1.717374e+00	
792	5.170386e-03	5.167603e+00	1.785696e+00	
793	5.180386e-03	5.167756e+00	1.852666e+00	
794	5.190386e-03	5.167624e+00	1.918310e+00	
795	5.200386e-03	5.167776e+00	1.982655e+00	
796	5.210386e-03	5.167645e+00	2.045725e+00	
797	5.220386e-03	5.167795e+00	2.107547e+00	
798	5.230386e-03	5.167664e+00	2.168144e+00	
799	5.240386e-03	5.167814e+00	2.227542e+00	
800	5.250386e-03	5.167682e+00	2.285758e+00	
801	5.255949e-03	5.167827e+00	2.317637e+00	
802	5.263147e-03	5.167694e+00	2.358345e+00	
803	5.267287e-03	5.167837e+00	2.381484e+00	
804	5.270966e-03	5.167643e+00	2.401876e+00	
805	5.274668e-03	5.167615e+00	2.422239e+00	
806	5.276475e-03	5.167186e+00	2.432120e+00	
807	5.277595e-03	5.165906e+00	2.438223e+00	
808	5.278651e-03	5.163111e+00	2.443964e+00	

Index   time            v(3)            v(1)            
--------------------------------------------------------------------------------
809	5.279254e-03	5.161589e+00	2.447228e+00	
810	5.279845e-03	5.159704e+00	2.450425e+00	
811	5.281027e-03	5.156046e+00	2.456801e+00	
812	5.283390e-03	5.146899e+00	2.469475e+00	
813	5.286570e-03	5.131772e+00	2.486350e+00	
814	5.291426e-03	5.098161e+00	2.511680e+00	
815	5.296727e-03	5.019700e+00	2.538461e+00	
816	5.299947e-03	4.594617e+00	2.552973e+00	
817	5.301816e-03	3.732691e+00	2.558950e+00	
818	5.302813e-03	3.212296e+00	2.560754e+00	
819	5.303743e-03	2.785702e+00	2.561554e+00	
820	5.304716e-03	2.290590e+00	2.561492e+00	
821	5.305644e-03	1.854958e+00	2.560572e+00	
822	5.306859e-03	1.250147e+00	2.558107e+00	
823	5.308356e-03	5.318531e-01	2.553099e+00	
824	5.310550e-03	-5.46603e-01	2.541851e+00	
825	5.313883e-03	-2.16104e+00	2.515912e+00	
826	5.318530e-03	-4.43061e+00	2.462080e+00	
827	5.321088e-03	-4.98513e+00	2.425448e+00	
828	5.323558e-03	-5.05052e+00	2.388722e+00	
829	5.326037e-03	-5.08456e+00	2.351810e+00	
830	5.329150e-03	-5.11248e+00	2.305519e+00	
831	5.334726e-03	-5.14603e+00	2.222978e+00	
832	5.338447e-03	-5.16276e+00	2.168220e+00	
833	5.340312e-03	-5.16672e+00	2.140878e+00	
834	5.341009e-03	-5.16686e+00	2.130695e+00	
835	5.341629e-03	-5.16693e+00	2.121642e+00	
836	5.342344e-03	-5.16698e+00	2.111215e+00	
837	5.343774e-03	-5.16707e+00	2.090406e+00	
838	5.346395e-03	-5.16706e+00	2.052414e+00	
839	5.349395e-03	-5.16708e+00	2.009190e+00	
840	5.352695e-03	-5.16707e+00	1.961927e+00	
841	5.358240e-03	-5.16711e+00	1.883208e+00	
842	5.365813e-03	-5.16710e+00	1.777101e+00	
843	5.375813e-03	-5.16714e+00	1.639432e+00	
844	5.385813e-03	-5.16715e+00	1.504489e+00	
845	5.395813e-03	-5.16719e+00	1.372218e+00	
846	5.405813e-03	-5.16719e+00	1.242566e+00	
847	5.415813e-03	-5.16723e+00	1.115481e+00	
848	5.425813e-03	-5.16723e+00	9.909122e-01	
849	5.435813e-03	-5.16727e+00	8.688098e-01	
850	5.445813e-03	-5.16726e+00	7.491251e-01	
851	5.455813e-03	-5.16730e+00	6.318100e-01	
852	5.465813e-03	-5.16730e+00	5.168178e-01	
853	5.475813e-03	-5.16734e+00	4.041023e-01	
854	5.485813e-03	-5.16733e+00	2.936186e-01	
855	5.495813e-03	-5.16738e+00	1.853224e-01	
856	5.505813e-03	-5.16737e+00	7.917049e-02	
857	5.515813e-03	-5.16741e+00	-2.48797e-02	
858	5.525813e-03	-5.16740e+00	-1.26870e-01	
859	5.535813e-03	-5.16744e+00	-2.26840e-01	
860	5.545813e-03	-5.16743e+00	-3.24832e-01	
861	5.555813e-03	-5.16747e+00	-4.20883e-01	
862	5.565813e-03	-5.16746e+00	-5.15032e-01	
863	5.575813e-03	-5.16750e+00	-6.07317e-01	
864	5.585813e-03	-5.16749e+00	-6.97775e-01	
865	5.595813e-03	-5.16753e+00	-7.86442e-01	
866	5.605813e-03	-5.16752e+00	-8.73353e-01	

Index   time            v(3)            v(1)            
--------------------------------------------------------------------------------
867	5.615813e-03	-5.16756e+00	-9.58544e-01	
868	5.625813e-03	-5.16754e+00	-1.04205e+00	
869	5.635813e-03	-5.16758e+00	-1.12390e+00	
870	5.645813e-03	-5.16757e+00	-1.20413e+00	
871	5.655813e-03	-5.16761e+00	-1.28277e+00	
872	5.665813e-03	-5.16759e+00	-1.35985e+00	
873	5.675813e-03	-5.16763e+00	-1.43541e+00	
874	5.685813e-03	-5.16762e+00	-1.50947e+00	
875	5.695813e-03	-5.16766e+00	-1.58207e+00	
876	5.705813e-03	-5.16764e+00	-1.65323e+00	
877	5.715813e-03	-5.16768e+00	-1.72298e+00	
878	5.725813e-03	-5.16766e+00	-1.79134e+00	
879	5.735813e-03	-5.16770e+00	-1.85836e+00	
880	5.745813e-03	-5.16768e+00	-1.92405e+00	
881	5.755813e-03	-5.16772e+00	-1.98843e+00	
882	5.765813e-03	-5.16770e+00	-2.05155e+00	
883	5.775813e-03	-5.16774e+00	-2.11341e+00	
884	5.785813e-03	-5.16772e+00	-2.17405e+00	
885	5.795813e-03	-5.16776e+00	-2.23348e+00	
886	5.805813e-03	-5.16774e+00	-2.29174e+00	
887	5.811366e-03	-5.16777e+00	-2.32358e+00	
888	5.818376e-03	-5.16775e+00	-2.36326e+00	
889	5.822376e-03	-5.16778e+00	-2.38564e+00	
890	5.825943e-03	-5.16770e+00	-2.40544e+00	
891	5.829517e-03	-5.16756e+00	-2.42513e+00	
892	5.830825e-03	-5.16737e+00	-2.43230e+00	
893	5.831806e-03	-5.16703e+00	-2.43767e+00	
894	5.832362e-03	-5.16610e+00	-2.44070e+00	
895	5.832907e-03	-5.16483e+00	-2.44367e+00	
896	5.833295e-03	-5.16383e+00	-2.44578e+00	
897	5.833740e-03	-5.16268e+00	-2.44820e+00	
898	5.834602e-03	-5.16022e+00	-2.45288e+00	
899	5.835824e-03	-5.15641e+00	-2.45948e+00	
900	5.837018e-03	-5.15218e+00	-2.46591e+00	
901	5.839406e-03	-5.14243e+00	-2.47869e+00	
902	5.842735e-03	-5.12502e+00	-2.49631e+00	
903	5.847698e-03	-5.08751e+00	-2.52209e+00	
904	5.852979e-03	-4.98516e+00	-2.54851e+00	
905	5.856313e-03	-4.12639e+00	-2.56185e+00	
906	5.858990e-03	-2.84330e+00	-2.56678e+00	
907	5.861515e-03	-1.64007e+00	-2.56514e+00	
908	5.864024e-03	-4.32030e-01	-2.55748e+00	
909	5.869043e-03	1.979839e+00	-2.52421e+00	
910	5.873117e-03	3.953143e+00	-2.47966e+00	
911	5.875924e-03	4.942828e+00	-2.44087e+00	
912	5.878535e-03	5.039707e+00	-2.40216e+00	
913	5.881117e-03	5.078382e+00	-2.36374e+00	
914	5.883539e-03	5.103928e+00	-2.32771e+00	
915	5.887796e-03	5.134326e+00	-2.26458e+00	
916	5.892957e-03	5.159301e+00	-2.18847e+00	
917	5.896290e-03	5.166729e+00	-2.13963e+00	
918	5.897145e-03	5.166978e+00	-2.12714e+00	
919	5.897998e-03	5.166922e+00	-2.11472e+00	
920	5.898984e-03	5.167102e+00	-2.10036e+00	
921	5.900957e-03	5.167007e+00	-2.07175e+00	
922	5.903491e-03	5.167127e+00	-2.03515e+00	
923	5.906353e-03	5.167021e+00	-1.99405e+00	
924	5.912076e-03	5.167147e+00	-1.91254e+00	

Index   time            v(3)            v(1)            
--------------------------------------------------------------------------------
925	5.917767e-03	5.167048e+00	-1.83242e+00	
926	5.927767e-03	5.167181e+00	-1.69381e+00	
927	5.937767e-03	5.167091e+00	-1.55795e+00	
928	5.947767e-03	5.167222e+00	-1.42478e+00	
929	5.957767e-03	5.167134e+00	-1.29425e+00	
930	5.967767e-03	5.167263e+00	-1.16630e+00	
931	5.977767e-03	5.167174e+00	-1.04088e+00	
932	5.987767e-03	5.167302e+00	-9.17948e-01	
933	5.997767e-03	5.167213e+00	-7.97449e-01	
934	6.007767e-03	5.167339e+00	-6.79335e-01	
935	6.017767e-03	5.167250e+00	-5.63560e-01	
936	6.027767e-03	5.167376e+00	-4.50078e-01	
937	6.037767e-03	5.167286e+00	-3.38842e-01	
938	6.047767e-03	5.167410e+00	-2.29809e-01	
939	6.057767e-03	5.167320e+00	-1.22934e-01	
940	6.067767e-03	5.167443e+00	-1.81750e-02	
941	6.077767e-03	5.167353e+00	8.450959e-02	
942	6.087767e-03	5.167475e+00	1.851612e-01	
943	6.097767e-03	5.167384e+00	2.838200e-01	
944	6.107767e-03	5.167505e+00	3.805254e-01	
945	6.117767e-03	5.167415e+00	4.753162e-01	
946	6.127767e-03	5.167534e+00	5.682303e-01	
947	6.137767e-03	5.167444e+00	6.593047e-01	
948	6.147767e-03	5.167563e+00	7.485760e-01	
949	6.157767e-03	5.167472e+00	8.360798e-01	
950	6.167767e-03	5.167590e+00	9.218511e-01	
951	6.177767e-03	5.167499e+00	1.005924e+00	
952	6.187767e-03	5.167616e+00	1.088333e+00	
953	6.197767e-03	5.167525e+00	1.169110e+00	
954	6.207767e-03	5.167641e+00	1.248288e+00	
955	6.217767e-03	5.167550e+00	1.325898e+00	
956	6.227767e-03	5.167665e+00	1.401971e+00	
957	6.237767e-03	5.167574e+00	1.476538e+00	
958	6.247767e-03	5.167688e+00	1.549629e+00	
959	6.257767e-03	5.167597e+00	1.621273e+00	
960	6.267767e-03	5.167710e+00	1.691499e+00	
961	6.277767e-03	5.167619e+00	1.760334e+00	
962	6.287767e-03	5.167731e+00	1.827806e+00	
963	6.297767e-03	5.167640e+00	1.893942e+00	
964	6.307767e-03	5.167752e+00	1.958769e+00	
965	6.317767e-03	5.167661e+00	2.022312e+00	
966	6.327767e-03	5.167771e+00	2.084597e+00	
967	6.337767e-03	5.167680e+00	2.145649e+00	
968	6.347767e-03	5.167790e+00	2.205492e+00	
969	6.357767e-03	5.167699e+00	2.264148e+00	
970	6.364000e-03	5.167804e+00	2.300116e+00	
971	6.369706e-03	5.167710e+00	2.332641e+00	
972	6.376156e-03	5.167815e+00	2.368947e+00	
973	6.379959e-03	5.167702e+00	2.390126e+00	
974	6.383904e-03	5.167703e+00	2.411914e+00	
975	6.387595e-03	5.167200e+00	2.432140e+00	
976	6.388846e-03	5.165543e+00	2.438956e+00	
977	6.390123e-03	5.162131e+00	2.445890e+00	
978	6.390682e-03	5.160636e+00	2.448918e+00	
979	6.391232e-03	5.158858e+00	2.451890e+00	
980	6.392332e-03	5.155341e+00	2.457819e+00	
981	6.394237e-03	5.148014e+00	2.468032e+00	
982	6.397176e-03	5.134382e+00	2.483655e+00	

Index   time            v(3)            v(1)            
--------------------------------------------------------------------------------
983	6.401415e-03	5.107224e+00	2.505851e+00	
984	6.406523e-03	5.047590e+00	2.531911e+00	
985	6.410421e-03	4.833306e+00	2.550551e+00	
986	6.412411e-03	3.980982e+00	2.557892e+00	
987	6.413491e-03	3.418091e+00	2.560338e+00	
988	6.414479e-03	2.965588e+00	2.561569e+00	
989	6.415498e-03	2.446005e+00	2.561846e+00	
990	6.416462e-03	1.994371e+00	2.561172e+00	
991	6.417698e-03	1.377580e+00	2.558992e+00	
992	6.419198e-03	6.590413e-01	2.554351e+00	
993	6.421349e-03	-3.99378e-01	2.543911e+00	
994	6.424559e-03	-1.95270e+00	2.520054e+00	
995	6.429070e-03	-4.15798e+00	2.469903e+00	
996	6.431785e-03	-4.96410e+00	2.431780e+00	
997	6.433623e-03	-5.02995e+00	2.404506e+00	
998	6.435542e-03	-5.06445e+00	2.375916e+00	
999	6.438343e-03	-5.09665e+00	2.334217e+00	
1000	6.441642e-03	-5.12323e+00	2.285219e+00	
1001	6.445101e-03	-5.14300e+00	2.234010e+00	
1002	6.447930e-03	-5.15575e+00	2.192313e+00	
1003	6.449531e-03	-5.16248e+00	2.168781e+00	
1004	6.450732e-03	-5.16635e+00	2.151174e+00	
1005	6.451188e-03	-5.16673e+00	2.144494e+00	
1006	6.451709e-03	-5.16675e+00	2.136874e+00	
1007	6.452198e-03	-5.16690e+00	2.129733e+00	
1008	6.453154e-03	-5.16693e+00	2.115770e+00	
1009	6.454710e-03	-5.16708e+00	2.093122e+00	
1010	6.457055e-03	-5.16704e+00	2.059115e+00	
1011	6.460930e-03	-5.16710e+00	2.003261e+00	
1012	6.464660e-03	-5.16706e+00	1.949910e+00	
1013	6.470357e-03	-5.16712e+00	1.869185e+00	
1014	6.477802e-03	-5.16709e+00	1.765067e+00	
1015	6.487802e-03	-5.16716e+00	1.627636e+00	
1016	6.497802e-03	-5.16714e+00	1.492927e+00	
1017	6.507802e-03	-5.16720e+00	1.360885e+00	
1018	6.517802e-03	-5.16718e+00	1.231457e+00	
1019	6.527802e-03	-5.16724e+00	1.104592e+00	
1020	6.537802e-03	-5.16722e+00	9.802390e-01	
1021	6.547802e-03	-5.16728e+00	8.583480e-01	
1022	6.557802e-03	-5.16726e+00	7.388703e-01	
1023	6.567802e-03	-5.16732e+00	6.217583e-01	
1024	6.577802e-03	-5.16729e+00	5.069651e-01	
1025	6.587802e-03	-5.16735e+00	3.944447e-01	
1026	6.597802e-03	-5.16733e+00	2.841522e-01	
1027	6.607802e-03	-5.16738e+00	1.760435e-01	
1028	6.617802e-03	-5.16736e+00	7.007524e-02	
1029	6.627802e-03	-5.16742e+00	-3.37948e-02	
1030	6.637802e-03	-5.16739e+00	-1.35608e-01	
1031	6.647802e-03	-5.16745e+00	-2.35406e-01	
1032	6.657802e-03	-5.16743e+00	-3.33228e-01	
1033	6.667802e-03	-5.16748e+00	-4.29112e-01	
1034	6.677802e-03	-5.16746e+00	-5.23099e-01	
1035	6.687802e-03	-5.16751e+00	-6.15224e-01	
1036	6.697802e-03	-5.16749e+00	-7.05526e-01	
1037	6.707802e-03	-5.16754e+00	-7.94039e-01	
1038	6.717802e-03	-5.16751e+00	-8.80800e-01	
1039	6.727802e-03	-5.16756e+00	-9.65843e-01	
1040	6.737802e-03	-5.16754e+00	-1.04920e+00	

Index   time            v(3)            v(1)            
--------------------------------------------------------------------------------
1041	6.747802e-03	-5.16759e+00	-1.13091e+00	
1042	6.757802e-03	-5.16757e+00	-1.21100e+00	
1043	6.767802e-03	-5.16761e+00	-1.28951e+00	
1044	6.777802e-03	-5.16759e+00	-1.36646e+00	
1045	6.787802e-03	-5.16764e+00	-1.44189e+00	
1046	6.797802e-03	-5.16761e+00	-1.51582e+00	
1047	6.807802e-03	-5.16766e+00	-1.58829e+00	
1048	6.817802e-03	-5.16764e+00	-1.65932e+00	
1049	6.827802e-03	-5.16768e+00	-1.72895e+00	
1050	6.837802e-03	-5.16766e+00	-1.79720e+00	
1051	6.847802e-03	-5.16770e+00	-1.86410e+00	
1052	6.857802e-03	-5.16768e+00	-1.92967e+00	
1053	6.867802e-03	-5.16772e+00	-1.99395e+00	
1054	6.877802e-03	-5.16770e+00	-2.05695e+00	
1055	6.887802e-03	-5.16774e+00	-2.11871e+00	
1056	6.897802e-03	-5.16772e+00	-2.17924e+00	
1057	6.907802e-03	-5.16776e+00	-2.23858e+00	
1058	6.916416e-03	-5.16774e+00	-2.28874e+00	
1059	6.921809e-03	-5.16777e+00	-2.31970e+00	
1060	6.928845e-03	-5.16775e+00	-2.35958e+00	
1061	6.933048e-03	-5.16778e+00	-2.38312e+00	
1062	6.936577e-03	-5.16771e+00	-2.40274e+00	
1063	6.940114e-03	-5.16760e+00	-2.42225e+00	
1064	6.941972e-03	-5.16736e+00	-2.43244e+00	
1065	6.943195e-03	-5.16664e+00	-2.43912e+00	
1066	6.943874e-03	-5.16511e+00	-2.44282e+00	
1067	6.944243e-03	-5.16420e+00	-2.44483e+00	
1068	6.944716e-03	-5.16296e+00	-2.44740e+00	
1069	6.945662e-03	-5.16033e+00	-2.45253e+00	
1070	6.947070e-03	-5.15587e+00	-2.46015e+00	
1071	6.948722e-03	-5.14990e+00	-2.46903e+00	
1072	6.951257e-03	-5.13886e+00	-2.48257e+00	
1073	6.955199e-03	-5.11655e+00	-2.50334e+00	
1074	6.960278e-03	-5.06919e+00	-2.52951e+00	
1075	6.965757e-03	-4.82836e+00	-2.55587e+00	
1076	6.968855e-03	-3.44859e+00	-2.56565e+00	
1077	6.970651e-03	-2.56480e+00	-2.56723e+00	
1078	6.972323e-03	-1.78725e+00	-2.56593e+00	
1079	6.975006e-03	-4.80613e-01	-2.55826e+00	
1080	6.977642e-03	7.685046e-01	-2.54405e+00	
1081	6.981671e-03	2.728819e+00	-2.50960e+00	
1082	6.985782e-03	4.692459e+00	-2.45867e+00	
1083	6.988302e-03	5.006346e+00	-2.42193e+00	
1084	6.991170e-03	5.065543e+00	-2.37928e+00	
1085	6.994127e-03	5.098828e+00	-2.33528e+00	
1086	6.997991e-03	5.126970e+00	-2.27794e+00	
1087	7.001219e-03	5.145413e+00	-2.23023e+00	
1088	7.004250e-03	5.158837e+00	-2.18561e+00	
1089	7.007137e-03	5.166850e+00	-2.14330e+00	
1090	7.007850e-03	5.166776e+00	-2.13288e+00	
1091	7.008637e-03	5.167049e+00	-2.12140e+00	
1092	7.009512e-03	5.166916e+00	-2.10865e+00	
1093	7.011263e-03	5.167162e+00	-2.08322e+00	
1094	7.014114e-03	5.166969e+00	-2.04201e+00	
1095	7.017187e-03	5.167178e+00	-1.99783e+00	
1096	7.022295e-03	5.166992e+00	-1.92500e+00	
1097	7.027631e-03	5.167202e+00	-1.84971e+00	
1098	7.037631e-03	5.167026e+00	-1.71077e+00	

Index   time            v(3)            v(1)            
--------------------------------------------------------------------------------
1099	7.047631e-03	5.167245e+00	-1.57457e+00	
1100	7.057631e-03	5.167066e+00	-1.44107e+00	
1101	7.067631e-03	5.167287e+00	-1.31022e+00	
1102	7.077631e-03	5.167108e+00	-1.18195e+00	
1103	7.087631e-03	5.167327e+00	-1.05622e+00	
1104	7.097631e-03	5.167147e+00	-9.32987e-01	
1105	7.107631e-03	5.167366e+00	-8.12190e-01	
1106	7.117631e-03	5.167184e+00	-6.93784e-01	
1107	7.127631e-03	5.167403e+00	-5.77723e-01	
1108	7.137631e-03	5.167221e+00	-4.63960e-01	
1109	7.147631e-03	5.167438e+00	-3.52450e-01	
1110	7.157631e-03	5.167255e+00	-2.43147e-01	
1111	7.167631e-03	5.167472e+00	-1.36008e-01	
1112	7.177631e-03	5.167289e+00	-3.09902e-02	
1113	7.187631e-03	5.167505e+00	7.194814e-02	
1114	7.197631e-03	5.167321e+00	1.728485e-01	
1115	7.207631e-03	5.167537e+00	2.717511e-01	
1116	7.217631e-03	5.167352e+00	3.686955e-01	
1117	7.227631e-03	5.167567e+00	4.637205e-01	
1118	7.237631e-03	5.167382e+00	5.568642e-01	
1119	7.247631e-03	5.167596e+00	6.481637e-01	
1120	7.257631e-03	5.167410e+00	7.376556e-01	
1121	7.267631e-03	5.167624e+00	8.253756e-01	
1122	7.277631e-03	5.167438e+00	9.113589e-01	
1123	7.287631e-03	5.167651e+00	9.956398e-01	
1124	7.297631e-03	5.167464e+00	1.078252e+00	
1125	7.307631e-03	5.167677e+00	1.159229e+00	
1126	7.317631e-03	5.167489e+00	1.238602e+00	
1127	7.327631e-03	5.167701e+00	1.316404e+00	
1128	7.337631e-03	5.167513e+00	1.392665e+00	
1129	7.347631e-03	5.167725e+00	1.467417e+00	
1130	7.357631e-03	5.167537e+00	1.540689e+00	
1131	7.367631e-03	5.167748e+00	1.612509e+00	
1132	7.377631e-03	5.167559e+00	1.682908e+00	
1133	7.387631e-03	5.167770e+00	1.751913e+00	
1134	7.397631e-03	5.167581e+00	1.819552e+00	
1135	7.407631e-03	5.167791e+00	1.885852e+00	
1136	7.417631e-03	5.167601e+00	1.950839e+00	
1137	7.427631e-03	5.167811e+00	2.014539e+00	
1138	7.437631e-03	5.167621e+00	2.076978e+00	
1139	7.447631e-03	5.167831e+00	2.138181e+00	
1140	7.457631e-03	5.167640e+00	2.198172e+00	
1141	7.467631e-03	5.167849e+00	2.256974e+00	
1142	7.474283e-03	5.167654e+00	2.295436e+00	
1143	7.479859e-03	5.167858e+00	2.327278e+00	
1144	7.486435e-03	5.167665e+00	2.364360e+00	
1145	7.490234e-03	5.167865e+00	2.385556e+00	
1146	7.494113e-03	5.167589e+00	2.407021e+00	
1147	7.497794e-03	5.167554e+00	2.427225e+00	
1148	7.499425e-03	5.166632e+00	2.436127e+00	
1149	7.500185e-03	5.165167e+00	2.440267e+00	
1150	7.500579e-03	5.163940e+00	2.442407e+00	
1151	7.501112e-03	5.162750e+00	2.445298e+00	
1152	7.502178e-03	5.159433e+00	2.451065e+00	
1153	7.503364e-03	5.155804e+00	2.457462e+00	
1154	7.504822e-03	5.150192e+00	2.465288e+00	
1155	7.507568e-03	5.138310e+00	2.479921e+00	
1156	7.511374e-03	5.115491e+00	2.499932e+00	

Index   time            v(3)            v(1)            
--------------------------------------------------------------------------------
1157	7.516220e-03	5.071744e+00	2.524873e+00	
1158	7.521507e-03	4.841372e+00	2.550366e+00	
1159	7.523817e-03	3.857962e+00	2.558621e+00	
1160	7.524964e-03	3.248107e+00	2.560881e+00	
1161	7.526000e-03	2.784227e+00	2.561807e+00	
1162	7.527009e-03	2.259678e+00	2.561711e+00	
1163	7.527991e-03	1.807276e+00	2.560658e+00	
1164	7.529150e-03	1.221830e+00	2.558219e+00	
1165	7.530522e-03	5.709118e-01	2.553642e+00	
1166	7.532360e-03	-3.39507e-01	2.544668e+00	
1167	7.534952e-03	-1.58836e+00	2.526482e+00	
1168	7.538325e-03	-3.24326e+00	2.493199e+00	
1169	7.540658e-03	-4.36612e+00	2.463844e+00	
1170	7.541594e-03	-4.77962e+00	2.450674e+00	
1171	7.542287e-03	-4.91753e+00	2.440549e+00	
1172	7.542952e-03	-4.96763e+00	2.430723e+00	
1173	7.543624e-03	-4.99629e+00	2.420762e+00	
1174	7.544236e-03	-5.01654e+00	2.411665e+00	
1175	7.545460e-03	-5.04514e+00	2.393444e+00	
1176	7.547909e-03	-5.08032e+00	2.356980e+00	
1177	7.550521e-03	-5.10655e+00	2.318116e+00	
1178	7.553885e-03	-5.13018e+00	2.268201e+00	
1179	7.557859e-03	-5.15068e+00	2.209475e+00	
1180	7.560620e-03	-5.16232e+00	2.168878e+00	
1181	7.562075e-03	-5.16649e+00	2.147535e+00	
1182	7.562566e-03	-5.16680e+00	2.140351e+00	
1183	7.563065e-03	-5.16678e+00	2.133052e+00	
1184	7.563633e-03	-5.16695e+00	2.124753e+00	
1185	7.564770e-03	-5.16695e+00	2.108182e+00	
1186	7.566623e-03	-5.16711e+00	2.081239e+00	
1187	7.570174e-03	-5.16703e+00	2.029879e+00	
1188	7.573423e-03	-5.16713e+00	1.983218e+00	
1189	7.578418e-03	-5.16705e+00	1.912060e+00	
1190	7.583894e-03	-5.16715e+00	1.834860e+00	
1191	7.593894e-03	-5.16708e+00	1.696047e+00	
1192	7.603894e-03	-5.16719e+00	1.559984e+00	
1193	7.613894e-03	-5.16712e+00	1.426614e+00	
1194	7.623894e-03	-5.16723e+00	1.295885e+00	
1195	7.633894e-03	-5.16716e+00	1.167744e+00	
1196	7.643894e-03	-5.16727e+00	1.042140e+00	
1197	7.653894e-03	-5.16720e+00	9.190236e-01	
1198	7.663894e-03	-5.16731e+00	7.983446e-01	
1199	7.673894e-03	-5.16724e+00	6.800550e-01	
1200	7.683894e-03	-5.16735e+00	5.641075e-01	
1201	7.693894e-03	-5.16728e+00	4.504558e-01	
1202	7.703894e-03	-5.16738e+00	3.390543e-01	
1203	7.713894e-03	-5.16731e+00	2.298585e-01	
1204	7.723894e-03	-5.16742e+00	1.228247e-01	
1205	7.733894e-03	-5.16735e+00	1.791020e-02	
1206	7.743894e-03	-5.16745e+00	-8.49270e-02	
1207	7.753894e-03	-5.16738e+00	-1.85728e-01	
1208	7.763894e-03	-5.16748e+00	-2.84533e-01	
1209	7.773894e-03	-5.16741e+00	-3.81382e-01	
1210	7.783894e-03	-5.16751e+00	-4.76314e-01	
1211	7.793894e-03	-5.16744e+00	-5.69366e-01	
1212	7.803894e-03	-5.16754e+00	-6.60575e-01	
1213	7.813894e-03	-5.16747e+00	-7.49978e-01	
1214	7.823894e-03	-5.16757e+00	-8.37612e-01	

Index   time            v(3)            v(1)            
--------------------------------------------------------------------------------
1215	7.833894e-03	-5.16750e+00	-9.23510e-01	
1216	7.843894e-03	-5.16759e+00	-1.00771e+00	
1217	7.853894e-03	-5.16752e+00	-1.09024e+00	
1218	7.863894e-03	-5.16762e+00	-1.17113e+00	
1219	7.873894e-03	-5.16755e+00	-1.25043e+00	
1220	7.883894e-03	-5.16764e+00	-1.32815e+00	
1221	7.893894e-03	-5.16757e+00	-1.40434e+00	
1222	7.903894e-03	-5.16767e+00	-1.47902e+00	
1223	7.913894e-03	-5.16760e+00	-1.55221e+00	
1224	7.923894e-03	-5.16769e+00	-1.62396e+00	
1225	7.933894e-03	-5.16762e+00	-1.69429e+00	
1226	7.943894e-03	-5.16771e+00	-1.76323e+00	
1227	7.953894e-03	-5.16764e+00	-1.83080e+00	
1228	7.963894e-03	-5.16773e+00	-1.89703e+00	
1229	7.973894e-03	-5.16766e+00	-1.96196e+00	
1230	7.983894e-03	-5.16775e+00	-2.02559e+00	
1231	7.993894e-03	-5.16768e+00	-2.08797e+00	
1232	8.003894e-03	-5.16777e+00	-2.14911e+00	
1233	8.013894e-03	-5.16770e+00	-2.20904e+00	
1234	8.023894e-03	-5.16779e+00	-2.26778e+00	
1235	8.030057e-03	-5.16771e+00	-2.30340e+00	
1236	8.035752e-03	-5.16780e+00	-2.33591e+00	
1237	8.042195e-03	-5.16773e+00	-2.37224e+00	
1238	8.045924e-03	-5.16779e+00	-2.39304e+00	
1239	8.049738e-03	-5.16762e+00	-2.41415e+00	
1240	8.053578e-03	-5.16728e+00	-2.43523e+00	
1241	8.054769e-03	-5.16553e+00	-2.44173e+00	
1242	8.056087e-03	-5.16225e+00	-2.44890e+00	
1243	8.056557e-03	-5.16085e+00	-2.45145e+00	
1244	8.057019e-03	-5.15957e+00	-2.45396e+00	
1245	8.057944e-03	-5.15656e+00	-2.45895e+00	
1246	8.059661e-03	-5.15052e+00	-2.46819e+00	
1247	8.062387e-03	-5.13864e+00	-2.48275e+00	
1248	8.066161e-03	-5.11745e+00	-2.50264e+00	
1249	8.071302e-03	-5.06997e+00	-2.52915e+00	
1250	8.076775e-03	-4.84621e+00	-2.55559e+00	
1251	8.079767e-03	-3.53000e+00	-2.56533e+00	
1252	8.081776e-03	-2.55297e+00	-2.56724e+00	
1253	8.083623e-03	-1.68413e+00	-2.56559e+00	
1254	8.087318e-03	1.027238e-01	-2.55252e+00	
1255	8.090898e-03	1.813838e+00	-2.52747e+00	
1256	8.095270e-03	3.939333e+00	-2.48043e+00	
1257	8.098114e-03	4.942031e+00	-2.44117e+00	
1258	8.100349e-03	5.031688e+00	-2.40804e+00	
1259	8.102646e-03	5.071798e+00	-2.37385e+00	
1260	8.105114e-03	5.097675e+00	-2.33712e+00	
1261	8.108794e-03	5.126017e+00	-2.28250e+00	
1262	8.112604e-03	5.147177e+00	-2.22619e+00	
1263	8.115071e-03	5.157673e+00	-2.18987e+00	
1264	8.117781e-03	5.166687e+00	-2.15013e+00	
1265	8.118535e-03	5.166755e+00	-2.13910e+00	
1266	8.119363e-03	5.166977e+00	-2.12701e+00	
1267	8.120160e-03	5.166927e+00	-2.11539e+00	
1268	8.121753e-03	5.167118e+00	-2.09222e+00	
1269	8.124799e-03	5.167011e+00	-2.04813e+00	
1270	8.129538e-03	5.167137e+00	-1.98008e+00	
1271	8.134720e-03	5.167035e+00	-1.90638e+00	
1272	8.140423e-03	5.167162e+00	-1.82616e+00	

Index   time            v(3)            v(1)            
--------------------------------------------------------------------------------
1273	8.150423e-03	5.167070e+00	-1.68768e+00	
1274	8.160423e-03	5.167205e+00	-1.55194e+00	
1275	8.170423e-03	5.167112e+00	-1.41889e+00	
1276	8.180423e-03	5.167246e+00	-1.28847e+00	
1277	8.190423e-03	5.167152e+00	-1.16064e+00	
1278	8.200423e-03	5.167286e+00	-1.03533e+00	
1279	8.210423e-03	5.167192e+00	-9.12510e-01	
1280	8.220423e-03	5.167324e+00	-7.92118e-01	
1281	8.230423e-03	5.167229e+00	-6.74111e-01	
1282	8.240423e-03	5.167361e+00	-5.58439e-01	
1283	8.250423e-03	5.167266e+00	-4.45058e-01	
1284	8.260423e-03	5.167397e+00	-3.33921e-01	
1285	8.270423e-03	5.167300e+00	-2.24985e-01	
1286	8.280423e-03	5.167431e+00	-1.18206e-01	
1287	8.290423e-03	5.167334e+00	-1.35410e-02	
1288	8.300423e-03	5.167463e+00	8.905183e-02	
1289	8.310423e-03	5.167366e+00	1.896135e-01	
1290	8.320423e-03	5.167495e+00	2.881841e-01	
1291	8.330423e-03	5.167397e+00	3.848032e-01	
1292	8.340423e-03	5.167525e+00	4.795093e-01	
1293	8.350423e-03	5.167426e+00	5.723403e-01	
1294	8.360423e-03	5.167554e+00	6.633334e-01	
1295	8.370423e-03	5.167455e+00	7.525249e-01	
1296	8.380423e-03	5.167582e+00	8.399505e-01	
1297	8.390423e-03	5.167482e+00	9.256452e-01	
1298	8.400423e-03	5.167608e+00	1.009643e+00	
1299	8.410423e-03	5.167508e+00	1.091978e+00	
1300	8.420423e-03	5.167634e+00	1.172683e+00	
1301	8.430423e-03	5.167534e+00	1.251790e+00	
1302	8.440423e-03	5.167659e+00	1.329331e+00	
1303	8.450423e-03	5.167558e+00	1.405336e+00	
1304	8.460423e-03	5.167682e+00	1.479837e+00	
1305	8.470423e-03	5.167581e+00	1.552863e+00	
1306	8.480423e-03	5.167705e+00	1.624442e+00	
1307	8.490423e-03	5.167603e+00	1.694605e+00	
1308	8.500423e-03	5.167727e+00	1.763379e+00	
1309	8.510423e-03	5.167625e+00	1.830790e+00	
1310	8.520423e-03	5.167748e+00	1.896868e+00	
1311	8.530423e-03	5.167645e+00	1.961636e+00	
1312	8.540423e-03	5.167768e+00	2.025123e+00	
1313	8.550423e-03	5.167665e+00	2.087353e+00	
1314	8.560423e-03	5.167787e+00	2.148350e+00	
1315	8.570423e-03	5.167684e+00	2.208140e+00	
1316	8.580423e-03	5.167806e+00	2.266743e+00	
1317	8.586505e-03	5.167699e+00	2.301810e+00	
1318	8.592368e-03	5.167816e+00	2.335207e+00	
1319	8.598869e-03	5.167709e+00	2.371765e+00	
1320	8.602623e-03	5.167801e+00	2.392647e+00	
1321	8.606423e-03	5.167582e+00	2.413621e+00	
1322	8.610495e-03	5.166704e+00	2.435905e+00	
1323	8.612262e-03	5.162301e+00	2.445509e+00	
1324	8.613443e-03	5.158883e+00	2.451895e+00	
1325	8.614580e-03	5.155059e+00	2.458023e+00	
1326	8.616854e-03	5.146347e+00	2.470208e+00	
1327	8.620410e-03	5.128639e+00	2.489058e+00	
1328	8.624989e-03	5.095128e+00	2.512897e+00	
1329	8.630461e-03	5.005394e+00	2.540427e+00	
1330	8.633408e-03	4.544683e+00	2.553513e+00	

Index   time            v(3)            v(1)            
--------------------------------------------------------------------------------
1331	8.635946e-03	3.311652e+00	2.560432e+00	
1332	8.637962e-03	2.326594e+00	2.561440e+00	
1333	8.640124e-03	1.275409e+00	2.558123e+00	
1334	8.644449e-03	-8.33777e-01	2.537923e+00	
1335	8.652109e-03	-4.55883e+00	2.458230e+00	
1336	8.655096e-03	-5.01161e+00	2.415027e+00	
1337	8.658993e-03	-5.08043e+00	2.357040e+00	
1338	8.662676e-03	-5.11450e+00	2.302274e+00	
1339	8.666942e-03	-5.14169e+00	2.239084e+00	
1340	8.669761e-03	-5.15441e+00	2.197504e+00	
1341	8.671732e-03	-5.16236e+00	2.168526e+00	
1342	8.672796e-03	-5.16630e+00	2.152928e+00	
1343	8.673178e-03	-5.16654e+00	2.147339e+00	
1344	8.673654e-03	-5.16679e+00	2.140370e+00	
1345	8.674158e-03	-5.16678e+00	2.132999e+00	
1346	8.674792e-03	-5.16697e+00	2.123735e+00	
1347	8.676060e-03	-5.16696e+00	2.105242e+00	
1348	8.678162e-03	-5.16712e+00	2.074712e+00	
1349	8.681186e-03	-5.16701e+00	2.030993e+00	
1350	8.684028e-03	-5.16714e+00	1.990148e+00	
1351	8.689712e-03	-5.16703e+00	1.909151e+00	
1352	8.695030e-03	-5.16716e+00	1.834210e+00	
1353	8.705030e-03	-5.16707e+00	1.695411e+00	
1354	8.715030e-03	-5.16721e+00	1.559359e+00	
1355	8.725030e-03	-5.16711e+00	1.426002e+00	
1356	8.735030e-03	-5.16725e+00	1.295285e+00	
1357	8.745030e-03	-5.16715e+00	1.167156e+00	
1358	8.755030e-03	-5.16729e+00	1.041564e+00	
1359	8.765030e-03	-5.16719e+00	9.184588e-01	
1360	8.775030e-03	-5.16733e+00	7.977910e-01	
1361	8.785030e-03	-5.16723e+00	6.795124e-01	
1362	8.795030e-03	-5.16736e+00	5.635756e-01	
1363	8.805030e-03	-5.16726e+00	4.499344e-01	
1364	8.815030e-03	-5.16740e+00	3.385432e-01	
1365	8.825030e-03	-5.16730e+00	2.293575e-01	
1366	8.835030e-03	-5.16743e+00	1.223337e-01	
1367	8.845030e-03	-5.16733e+00	1.742889e-02	
1368	8.855030e-03	-5.16747e+00	-8.53988e-02	
1369	8.865030e-03	-5.16736e+00	-1.86191e-01	
1370	8.875030e-03	-5.16750e+00	-2.84987e-01	
1371	8.885030e-03	-5.16739e+00	-3.81827e-01	
1372	8.895030e-03	-5.16753e+00	-4.76749e-01	
1373	8.905030e-03	-5.16742e+00	-5.69792e-01	
1374	8.915030e-03	-5.16756e+00	-6.60993e-01	
1375	8.925030e-03	-5.16745e+00	-7.50389e-01	
1376	8.935030e-03	-5.16759e+00	-8.38014e-01	
1377	8.945030e-03	-5.16748e+00	-9.23904e-01	
1378	8.955030e-03	-5.16761e+00	-1.00809e+00	
1379	8.965030e-03	-5.16750e+00	-1.09062e+00	
1380	8.975030e-03	-5.16764e+00	-1.17151e+00	
1381	8.985030e-03	-5.16753e+00	-1.25079e+00	
1382	8.995030e-03	-5.16766e+00	-1.32851e+00	
1383	9.005030e-03	-5.16755e+00	-1.40469e+00	
1384	9.015030e-03	-5.16769e+00	-1.47936e+00	
1385	9.025030e-03	-5.16758e+00	-1.55255e+00	
1386	9.035030e-03	-5.16771e+00	-1.62429e+00	
1387	9.045030e-03	-5.16760e+00	-1.69462e+00	
1388	9.055030e-03	-5.16773e+00	-1.76354e+00	

Index   time            v(3)            v(1)            
--------------------------------------------------------------------------------
1389	9.065030e-03	-5.16762e+00	-1.83111e+00	
1390	9.075030e-03	-5.16775e+00	-1.89734e+00	
1391	9.085030e-03	-5.16764e+00	-1.96225e+00	
1392	9.095030e-03	-5.16777e+00	-2.02588e+00	
1393	9.105030e-03	-5.16766e+00	-2.08825e+00	
1394	9.115030e-03	-5.16779e+00	-2.14939e+00	
1395	9.125030e-03	-5.16768e+00	-2.20932e+00	
1396	9.135030e-03	-5.16781e+00	-2.26805e+00	
1397	9.141175e-03	-5.16769e+00	-2.30357e+00	
1398	9.146889e-03	-5.16782e+00	-2.33619e+00	
1399	9.153341e-03	-5.16770e+00	-2.37256e+00	
1400	9.157063e-03	-5.16781e+00	-2.39332e+00	
1401	9.160852e-03	-5.16759e+00	-2.41429e+00	
1402	9.164755e-03	-5.16726e+00	-2.43572e+00	
1403	9.166308e-03	-5.16442e+00	-2.44418e+00	
1404	9.167737e-03	-5.16067e+00	-2.45194e+00	
1405	9.169023e-03	-5.15657e+00	-2.45890e+00	
1406	9.170439e-03	-5.15171e+00	-2.46653e+00	
1407	9.173208e-03	-5.13992e+00	-2.48133e+00	
1408	9.177463e-03	-5.11613e+00	-2.50375e+00	
1409	9.182662e-03	-5.06634e+00	-2.53052e+00	
1410	9.188187e-03	-4.76117e+00	-2.55671e+00	
1411	9.191137e-03	-3.39402e+00	-2.56566e+00	
1412	9.193687e-03	-2.16255e+00	-2.56674e+00	
1413	9.196292e-03	-9.26188e-01	-2.56143e+00	
1414	9.201501e-03	1.590459e+00	-2.53144e+00	
1415	9.206902e-03	4.190680e+00	-2.47318e+00	
1416	9.209744e-03	4.976135e+00	-2.43319e+00	
1417	9.212522e-03	5.052549e+00	-2.39193e+00	
1418	9.215252e-03	5.088744e+00	-2.35129e+00	
1419	9.218035e-03	5.113720e+00	-2.30993e+00	
1420	9.223599e-03	5.146091e+00	-2.22759e+00	
1421	9.229849e-03	5.166766e+00	-2.13586e+00	
1422	9.231280e-03	5.167038e+00	-2.11499e+00	
1423	9.232791e-03	5.167006e+00	-2.09302e+00	
1424	9.234215e-03	5.167114e+00	-2.07237e+00	
1425	9.237064e-03	5.167023e+00	-2.03124e+00	
1426	9.239743e-03	5.167123e+00	-1.99278e+00	
1427	9.245100e-03	5.167045e+00	-1.91648e+00	
1428	9.250810e-03	5.167147e+00	-1.83603e+00	
1429	9.260810e-03	5.167080e+00	-1.69736e+00	
1430	9.270810e-03	5.167189e+00	-1.56143e+00	
1431	9.280810e-03	5.167124e+00	-1.42819e+00	
1432	9.290810e-03	5.167230e+00	-1.29759e+00	
1433	9.300810e-03	5.167165e+00	-1.16957e+00	
1434	9.310810e-03	5.167269e+00	-1.04409e+00	
1435	9.320810e-03	5.167205e+00	-9.21094e-01	
1436	9.330810e-03	5.167307e+00	-8.00532e-01	
1437	9.340810e-03	5.167244e+00	-6.82358e-01	
1438	9.350810e-03	5.167343e+00	-5.66523e-01	
1439	9.360810e-03	5.167281e+00	-4.52982e-01	
1440	9.370810e-03	5.167378e+00	-3.41688e-01	
1441	9.380810e-03	5.167317e+00	-2.32599e-01	
1442	9.390810e-03	5.167411e+00	-1.25669e-01	
1443	9.400810e-03	5.167351e+00	-2.08557e-02	
1444	9.410810e-03	5.167443e+00	8.188197e-02	
1445	9.420810e-03	5.167383e+00	1.825856e-01	
1446	9.430810e-03	5.167474e+00	2.812954e-01	

Index   time            v(3)            v(1)            
--------------------------------------------------------------------------------
1447	9.440810e-03	5.167415e+00	3.780508e-01	
1448	9.450810e-03	5.167503e+00	4.728906e-01	
1449	9.460810e-03	5.167445e+00	5.658527e-01	
1450	9.470810e-03	5.167532e+00	6.569742e-01	
1451	9.480810e-03	5.167474e+00	7.462916e-01	
1452	9.490810e-03	5.167559e+00	8.338406e-01	
1453	9.500810e-03	5.167502e+00	9.196563e-01	
1454	9.510810e-03	5.167585e+00	1.003773e+00	
1455	9.520810e-03	5.167529e+00	1.086224e+00	
1456	9.530810e-03	5.167610e+00	1.167043e+00	
1457	9.540810e-03	5.167555e+00	1.246261e+00	
1458	9.550810e-03	5.167635e+00	1.323912e+00	
1459	9.560810e-03	5.167579e+00	1.400024e+00	
1460	9.570810e-03	5.167658e+00	1.474630e+00	
1461	9.580810e-03	5.167603e+00	1.547759e+00	
1462	9.590810e-03	5.167680e+00	1.619440e+00	
1463	9.600810e-03	5.167626e+00	1.689701e+00	
1464	9.610810e-03	5.167702e+00	1.758572e+00	
1465	9.620810e-03	5.167648e+00	1.826079e+00	
1466	9.630810e-03	5.167722e+00	1.892249e+00	
1467	9.640810e-03	5.167669e+00	1.957110e+00	
1468	9.650810e-03	5.167742e+00	2.020686e+00	
1469	9.660810e-03	5.167689e+00	2.083003e+00	
1470	9.670810e-03	5.167761e+00	2.144087e+00	
1471	9.680810e-03	5.167709e+00	2.203961e+00	
1472	9.690810e-03	5.167779e+00	2.262647e+00	
1473	9.697116e-03	5.167724e+00	2.299048e+00	
1474	9.702810e-03	5.167789e+00	2.331522e+00	
1475	9.709302e-03	5.167735e+00	2.368077e+00	
1476	9.713079e-03	5.167785e+00	2.389117e+00	
1477	9.716953e-03	5.167635e+00	2.410527e+00	
1478	9.720735e-03	5.167332e+00	2.431258e+00	
1479	9.722343e-03	5.165002e+00	2.440018e+00	
1480	9.723847e-03	5.161026e+00	2.448176e+00	
1481	9.724905e-03	5.157722e+00	2.453893e+00	
1482	9.725859e-03	5.154540e+00	2.459028e+00	
1483	9.727766e-03	5.147111e+00	2.469250e+00	
1484	9.731211e-03	5.130380e+00	2.487524e+00	
1485	9.736510e-03	5.092322e+00	2.515100e+00	
1486	9.741909e-03	4.994529e+00	2.542170e+00	
1487	9.745190e-03	4.217391e+00	2.555613e+00	
1488	9.749214e-03	2.267367e+00	2.561054e+00	
1489	9.751601e-03	1.093646e+00	2.556820e+00	
1490	9.754526e-03	-3.21607e-01	2.544113e+00	
1491	9.759451e-03	-2.72845e+00	2.504153e+00	
1492	9.764556e-03	-4.92405e+00	2.439760e+00	
1493	9.767351e-03	-5.03957e+00	2.398343e+00	
1494	9.770102e-03	-5.08013e+00	2.357380e+00	
1495	9.772979e-03	-5.10813e+00	2.314580e+00	
1496	9.778733e-03	-5.14387e+00	2.229349e+00	
1497	9.782403e-03	-5.16100e+00	2.175309e+00	
1498	9.784402e-03	-5.16649e+00	2.145991e+00	
1499	9.785183e-03	-5.16695e+00	2.134569e+00	
1500	9.785840e-03	-5.16678e+00	2.124962e+00	
1501	9.786543e-03	-5.16709e+00	2.114716e+00	
1502	9.787947e-03	-5.16694e+00	2.094265e+00	
1503	9.790707e-03	-5.16719e+00	2.054252e+00	
1504	9.794849e-03	-5.16696e+00	1.994610e+00	

Index   time            v(3)            v(1)            
--------------------------------------------------------------------------------
1505	9.799869e-03	-5.16721e+00	1.922983e+00	
1506	9.805163e-03	-5.16699e+00	1.848227e+00	
1507	9.814280e-03	-5.16724e+00	1.721316e+00	
1508	9.824280e-03	-5.16703e+00	1.584752e+00	
1509	9.834280e-03	-5.16728e+00	1.450892e+00	
1510	9.844280e-03	-5.16707e+00	1.319682e+00	
1511	9.854280e-03	-5.16732e+00	1.191070e+00	
1512	9.864280e-03	-5.16711e+00	1.065005e+00	
1513	9.874280e-03	-5.16736e+00	9.414353e-01	
1514	9.884280e-03	-5.16715e+00	8.203125e-01	
1515	9.894280e-03	-5.16740e+00	7.015879e-01	
1516	9.904280e-03	-5.16719e+00	5.852140e-01	
1517	9.914280e-03	-5.16744e+00	4.711443e-01	
1518	9.924280e-03	-5.16722e+00	3.593332e-01	
1519	9.934280e-03	-5.16747e+00	2.497358e-01	
1520	9.944280e-03	-5.16726e+00	1.423085e-01	
1521	9.954280e-03	-5.16750e+00	3.700817e-02	
1522	9.964280e-03	-5.16729e+00	-6.62072e-02	
1523	9.974280e-03	-5.16754e+00	-1.67379e-01	
1524	9.984280e-03	-5.16732e+00	-2.66548e-01	
1525	9.994280e-03	-5.16757e+00	-3.63753e-01	
1526	1.000000e-02	-5.16735e+00	-4.18483e-01	
