
Circuit: schmitt trigger

                                schmitt trigger
                                Transient Analysis  Sun Feb  6 04:59:34  2022
--------------------------------------------------------------------------------
Index   time            v(3)            v(1)            
--------------------------------------------------------------------------------
0	1.007718e-03	5.165610e+00	2.908535e-01	
1	1.017718e-03	5.165577e+00	6.665798e-01	
2	1.021554e-03	5.165611e+00	8.100973e-01	
3	1.023998e-03	5.165575e+00	9.012746e-01	
4	1.025411e-03	5.165613e+00	9.538904e-01	
5	1.026287e-03	5.165572e+00	9.865148e-01	
6	1.027038e-03	5.165617e+00	1.014416e+00	
7	1.028102e-03	5.165569e+00	1.053935e+00	
8	1.028814e-03	5.165619e+00	1.080322e+00	
9	1.029332e-03	5.165567e+00	1.099550e+00	
10	1.029853e-03	5.165621e+00	1.118833e+00	
11	1.030532e-03	5.165566e+00	1.143972e+00	
12	1.031279e-03	5.165589e+00	1.171603e+00	
13	1.032346e-03	5.165450e+00	1.211041e+00	
14	1.033066e-03	5.165412e+00	1.237621e+00	
15	1.034032e-03	5.165094e+00	1.273207e+00	
16	1.034435e-03	5.164790e+00	1.288083e+00	
17	1.034799e-03	5.163612e+00	1.301454e+00	
18	1.035024e-03	5.162764e+00	1.309735e+00	
19	1.035293e-03	5.161635e+00	1.319623e+00	
20	1.035597e-03	5.160452e+00	1.330805e+00	
21	1.036148e-03	5.158104e+00	1.351060e+00	
22	1.036862e-03	5.155097e+00	1.377269e+00	
23	1.037784e-03	5.150897e+00	1.411092e+00	
24	1.039016e-03	5.145086e+00	1.456181e+00	
25	1.040723e-03	5.136094e+00	1.518513e+00	
26	1.043156e-03	5.121420e+00	1.607086e+00	
27	1.046531e-03	5.094812e+00	1.729281e+00	
28	1.051317e-03	5.023951e+00	1.901244e+00	
29	1.054354e-03	4.767433e+00	2.009505e+00	
30	1.056188e-03	3.950037e+00	2.074506e+00	
31	1.057139e-03	3.466303e+00	2.108124e+00	
32	1.058003e-03	3.073929e+00	2.138583e+00	
33	1.058951e-03	2.603056e+00	2.171933e+00	
34	1.059849e-03	2.185766e+00	2.203453e+00	
35	1.061071e-03	1.589696e+00	2.246240e+00	
36	1.062616e-03	8.579077e-01	2.300146e+00	
37	1.064957e-03	-2.71857e-01	2.381386e+00	
38	1.068654e-03	-2.03754e+00	2.508663e+00	
39	1.072162e-03	-3.72703e+00	2.628193e+00	
40	1.075041e-03	-4.90206e+00	2.725320e+00	
41	1.076886e-03	-5.01043e+00	2.787109e+00	
42	1.078830e-03	-5.05275e+00	2.851784e+00	
43	1.081232e-03	-5.08558e+00	2.931123e+00	
44	1.084270e-03	-5.11241e+00	3.030523e+00	
45	1.090346e-03	-5.14879e+00	3.225975e+00	
46	1.095465e-03	-5.16749e+00	3.386979e+00	
47	1.097042e-03	-5.16799e+00	3.435894e+00	
48	1.098570e-03	-5.16784e+00	3.482965e+00	
49	1.100004e-03	-5.16809e+00	3.526825e+00	
50	1.102871e-03	-5.16787e+00	3.613681e+00	
51	1.106253e-03	-5.16809e+00	3.714662e+00	
52	1.111293e-03	-5.16787e+00	3.861968e+00	
53	1.116972e-03	-5.16809e+00	4.023320e+00	
54	1.126972e-03	-5.16788e+00	4.294872e+00	

Index   time            v(3)            v(1)            
--------------------------------------------------------------------------------
55	1.136972e-03	-5.16808e+00	4.549475e+00	
56	1.146972e-03	-5.16788e+00	4.786122e+00	
57	1.156972e-03	-5.16808e+00	5.003881e+00	
58	1.166972e-03	-5.16788e+00	5.201892e+00	
59	1.176972e-03	-5.16808e+00	5.379373e+00	
60	1.186972e-03	-5.16788e+00	5.535624e+00	
61	1.196972e-03	-5.16808e+00	5.670029e+00	
62	1.206972e-03	-5.16788e+00	5.782057e+00	
63	1.216972e-03	-5.16808e+00	5.871265e+00	
64	1.226972e-03	-5.16788e+00	5.937303e+00	
65	1.236972e-03	-5.16808e+00	5.979908e+00	
66	1.246972e-03	-5.16788e+00	5.998914e+00	
67	1.256972e-03	-5.16807e+00	5.994245e+00	
68	1.266972e-03	-5.16789e+00	5.965919e+00	
69	1.276972e-03	-5.16807e+00	5.914048e+00	
70	1.286972e-03	-5.16789e+00	5.838837e+00	
71	1.296972e-03	-5.16807e+00	5.740583e+00	
72	1.306972e-03	-5.16789e+00	5.619674e+00	
73	1.316972e-03	-5.16807e+00	5.476586e+00	
74	1.326972e-03	-5.16789e+00	5.311885e+00	
75	1.336972e-03	-5.16807e+00	5.126220e+00	
76	1.346972e-03	-5.16789e+00	4.920325e+00	
77	1.356972e-03	-5.16807e+00	4.695011e+00	
78	1.366972e-03	-5.16789e+00	4.451168e+00	
79	1.376972e-03	-5.16807e+00	4.189758e+00	
80	1.386972e-03	-5.16789e+00	3.911813e+00	
81	1.396972e-03	-5.16807e+00	3.618430e+00	
82	1.406972e-03	-5.16789e+00	3.310767e+00	
83	1.416972e-03	-5.16807e+00	2.990038e+00	
84	1.426972e-03	-5.16789e+00	2.657508e+00	
85	1.436972e-03	-5.16806e+00	2.314490e+00	
86	1.446972e-03	-5.16789e+00	1.962338e+00	
87	1.456972e-03	-5.16806e+00	1.602442e+00	
88	1.466972e-03	-5.16790e+00	1.236222e+00	
89	1.476972e-03	-5.16806e+00	8.651226e-01	
90	1.486972e-03	-5.16790e+00	4.906091e-01	
91	1.496972e-03	-5.16806e+00	1.141595e-01	
92	1.506972e-03	-5.16790e+00	-2.62741e-01	
93	1.516972e-03	-5.16806e+00	-6.38604e-01	
94	1.526972e-03	-5.16790e+00	-1.01195e+00	
95	1.536972e-03	-5.16806e+00	-1.38130e+00	
96	1.546972e-03	-5.16790e+00	-1.74519e+00	
97	1.556972e-03	-5.16806e+00	-2.10220e+00	
98	1.566972e-03	-5.16790e+00	-2.45092e+00	
99	1.576972e-03	-5.16806e+00	-2.78996e+00	
100	1.586972e-03	-5.16790e+00	-3.11799e+00	
101	1.596972e-03	-5.16806e+00	-3.43372e+00	
102	1.606972e-03	-5.16790e+00	-3.73589e+00	
103	1.611730e-03	-5.16806e+00	-3.87457e+00	
104	1.614623e-03	-5.16790e+00	-3.95721e+00	
105	1.616356e-03	-5.16805e+00	-4.00608e+00	
106	1.617434e-03	-5.16791e+00	-4.03623e+00	
107	1.618806e-03	-5.16805e+00	-4.07437e+00	
108	1.619535e-03	-5.16791e+00	-4.09449e+00	
109	1.620305e-03	-5.16805e+00	-4.11565e+00	
110	1.621055e-03	-5.16791e+00	-4.13619e+00	
111	1.622154e-03	-5.16798e+00	-4.16610e+00	
112	1.623298e-03	-5.16775e+00	-4.19703e+00	

Index   time            v(3)            v(1)            
--------------------------------------------------------------------------------
113	1.624356e-03	-5.16769e+00	-4.22544e+00	
114	1.624970e-03	-5.16724e+00	-4.24185e+00	
115	1.625376e-03	-5.16642e+00	-4.25264e+00	
116	1.625789e-03	-5.16475e+00	-4.26361e+00	
117	1.626074e-03	-5.16380e+00	-4.27118e+00	
118	1.626345e-03	-5.16262e+00	-4.27835e+00	
119	1.626888e-03	-5.16062e+00	-4.29267e+00	
120	1.627973e-03	-5.15604e+00	-4.32115e+00	
121	1.629117e-03	-5.15123e+00	-4.35096e+00	
122	1.630969e-03	-5.14234e+00	-4.39874e+00	
123	1.633488e-03	-5.12888e+00	-4.46277e+00	
124	1.637377e-03	-5.10161e+00	-4.55941e+00	
125	1.643017e-03	-5.02572e+00	-4.69474e+00	
126	1.646082e-03	-4.79926e+00	-4.76582e+00	
127	1.647778e-03	-4.09680e+00	-4.80439e+00	
128	1.648629e-03	-3.66461e+00	-4.82354e+00	
129	1.649400e-03	-3.33092e+00	-4.84078e+00	
130	1.650084e-03	-2.99244e+00	-4.85596e+00	
131	1.650717e-03	-2.70992e+00	-4.86994e+00	
132	1.651480e-03	-2.34344e+00	-4.88669e+00	
133	1.652383e-03	-1.92826e+00	-4.90635e+00	
134	1.653665e-03	-1.32127e+00	-4.93403e+00	
135	1.655622e-03	-4.07837e-01	-4.97563e+00	
136	1.659028e-03	1.199973e+00	-5.04625e+00	
137	1.664373e-03	3.721990e+00	-5.15238e+00	
138	1.667287e-03	4.903710e+00	-5.20781e+00	
139	1.669232e-03	5.012660e+00	-5.24383e+00	
140	1.671261e-03	5.055373e+00	-5.28057e+00	
141	1.673704e-03	5.087251e+00	-5.32367e+00	
142	1.677246e-03	5.117114e+00	-5.38394e+00	
143	1.682615e-03	5.148080e+00	-5.47020e+00	
144	1.687445e-03	5.165139e+00	-5.54249e+00	
145	1.688920e-03	5.165568e+00	-5.56354e+00	
146	1.690339e-03	5.165474e+00	-5.58335e+00	
147	1.691671e-03	5.165678e+00	-5.60154e+00	
148	1.694334e-03	5.165512e+00	-5.63673e+00	
149	1.697699e-03	5.165674e+00	-5.67894e+00	
150	1.702669e-03	5.165517e+00	-5.73663e+00	
151	1.708146e-03	5.165671e+00	-5.79373e+00	
152	1.718146e-03	5.165519e+00	-5.88023e+00	
153	1.728146e-03	5.165669e+00	-5.94353e+00	
154	1.738146e-03	5.165519e+00	-5.98337e+00	
155	1.748146e-03	5.165668e+00	-5.99959e+00	
156	1.758146e-03	5.165521e+00	-5.99214e+00	
157	1.768146e-03	5.165667e+00	-5.96104e+00	
158	1.778146e-03	5.165522e+00	-5.90642e+00	
159	1.788146e-03	5.165665e+00	-5.82848e+00	
160	1.798146e-03	5.165523e+00	-5.72755e+00	
161	1.808146e-03	5.165664e+00	-5.60401e+00	
162	1.818146e-03	5.165524e+00	-5.45835e+00	
163	1.828146e-03	5.165663e+00	-5.29115e+00	
164	1.838146e-03	5.165525e+00	-5.10307e+00	
165	1.848146e-03	5.165662e+00	-4.89485e+00	
166	1.858146e-03	5.165526e+00	-4.66731e+00	
167	1.868146e-03	5.165661e+00	-4.42135e+00	
168	1.878146e-03	5.165527e+00	-4.15795e+00	
169	1.888146e-03	5.165660e+00	-3.87813e+00	
170	1.898146e-03	5.165528e+00	-3.58301e+00	

Index   time            v(3)            v(1)            
--------------------------------------------------------------------------------
171	1.908146e-03	5.165659e+00	-3.27375e+00	
172	1.918146e-03	5.165529e+00	-2.95157e+00	
173	1.928146e-03	5.165658e+00	-2.61774e+00	
174	1.938146e-03	5.165530e+00	-2.27357e+00	
175	1.948146e-03	5.165657e+00	-1.92044e+00	
176	1.958146e-03	5.165531e+00	-1.55973e+00	
177	1.968146e-03	5.165656e+00	-1.19286e+00	
178	1.978146e-03	5.165532e+00	-8.21282e-01	
179	1.988146e-03	5.165655e+00	-4.46465e-01	
180	1.998146e-03	5.165533e+00	-6.98851e-02	
181	2.008146e-03	5.165654e+00	3.069704e-01	
182	2.018146e-03	5.165534e+00	6.826144e-01	
183	2.021962e-03	5.165653e+00	8.253303e-01	
184	2.024395e-03	5.165536e+00	9.160802e-01	
185	2.025806e-03	5.165649e+00	9.685903e-01	
186	2.026705e-03	5.165541e+00	1.002037e+00	
187	2.027535e-03	5.165643e+00	1.032876e+00	
188	2.028516e-03	5.165545e+00	1.069292e+00	
189	2.029075e-03	5.165640e+00	1.089999e+00	
190	2.029672e-03	5.165549e+00	1.112127e+00	
191	2.030216e-03	5.165637e+00	1.132297e+00	
192	2.031013e-03	5.165534e+00	1.161766e+00	
193	2.031802e-03	5.165569e+00	1.190930e+00	
194	2.032689e-03	5.165394e+00	1.223695e+00	
195	2.033552e-03	5.165325e+00	1.255550e+00	
196	2.034267e-03	5.164920e+00	1.281890e+00	
197	2.034671e-03	5.164126e+00	1.296751e+00	
198	2.035110e-03	5.162329e+00	1.312921e+00	
199	2.035353e-03	5.161427e+00	1.321830e+00	
200	2.035606e-03	5.160312e+00	1.331162e+00	
201	2.036114e-03	5.158286e+00	1.349816e+00	
202	2.036953e-03	5.154590e+00	1.380618e+00	
203	2.038102e-03	5.149463e+00	1.422746e+00	
204	2.039623e-03	5.141906e+00	1.478352e+00	
205	2.041846e-03	5.129676e+00	1.559451e+00	
206	2.045030e-03	5.107668e+00	1.675044e+00	
207	2.049805e-03	5.054150e+00	1.847100e+00	
208	2.053123e-03	4.951854e+00	1.965704e+00	
209	2.055293e-03	4.366810e+00	2.042825e+00	
210	2.056829e-03	3.617752e+00	2.097170e+00	
211	2.058250e-03	2.947884e+00	2.147292e+00	
212	2.060299e-03	1.956504e+00	2.219218e+00	
213	2.062506e-03	9.074284e-01	2.296308e+00	
214	2.066692e-03	-1.10751e+00	2.441284e+00	
215	2.072043e-03	-3.66628e+00	2.624157e+00	
216	2.075063e-03	-4.90724e+00	2.726043e+00	
217	2.077708e-03	-5.03182e+00	2.814513e+00	
218	2.080017e-03	-5.07076e+00	2.891092e+00	
219	2.082465e-03	-5.09779e+00	2.971607e+00	
220	2.087361e-03	-5.13297e+00	3.130510e+00	
221	2.093065e-03	-5.16080e+00	3.311918e+00	
222	2.096222e-03	-5.16770e+00	3.410509e+00	
223	2.097911e-03	-5.16798e+00	3.462687e+00	
224	2.099183e-03	-5.16792e+00	3.501748e+00	
225	2.100426e-03	-5.16804e+00	3.539681e+00	
226	2.102911e-03	-5.16792e+00	3.614898e+00	
227	2.107435e-03	-5.16804e+00	3.749557e+00	
228	2.111860e-03	-5.16792e+00	3.878319e+00	

Index   time            v(3)            v(1)            
--------------------------------------------------------------------------------
229	2.118973e-03	-5.16804e+00	4.078987e+00	
230	2.128862e-03	-5.16792e+00	4.344324e+00	
231	2.138862e-03	-5.16804e+00	4.595608e+00	
232	2.148862e-03	-5.16792e+00	4.828754e+00	
233	2.158862e-03	-5.16804e+00	5.042844e+00	
234	2.168862e-03	-5.16792e+00	5.237032e+00	
235	2.178862e-03	-5.16804e+00	5.410552e+00	
236	2.188862e-03	-5.16792e+00	5.562719e+00	
237	2.198862e-03	-5.16804e+00	5.692932e+00	
238	2.208862e-03	-5.16792e+00	5.800678e+00	
239	2.218862e-03	-5.16803e+00	5.885532e+00	
240	2.228862e-03	-5.16792e+00	5.947158e+00	
241	2.238862e-03	-5.16803e+00	5.985313e+00	
242	2.248862e-03	-5.16792e+00	5.999847e+00	
243	2.258862e-03	-5.16803e+00	5.990702e+00	
244	2.268862e-03	-5.16792e+00	5.957914e+00	
245	2.278862e-03	-5.16803e+00	5.901614e+00	
246	2.288862e-03	-5.16792e+00	5.822022e+00	
247	2.298862e-03	-5.16803e+00	5.719454e+00	
248	2.308862e-03	-5.16792e+00	5.594313e+00	
249	2.318862e-03	-5.16803e+00	5.447095e+00	
250	2.328862e-03	-5.16792e+00	5.278379e+00	
251	2.338862e-03	-5.16803e+00	5.088832e+00	
252	2.348862e-03	-5.16792e+00	4.879201e+00	
253	2.358862e-03	-5.16803e+00	4.650315e+00	
254	2.368862e-03	-5.16792e+00	4.403076e+00	
255	2.378862e-03	-5.16803e+00	4.138460e+00	
256	2.388862e-03	-5.16792e+00	3.857511e+00	
257	2.398862e-03	-5.16803e+00	3.561338e+00	
258	2.408862e-03	-5.16792e+00	3.251111e+00	
259	2.418862e-03	-5.16803e+00	2.928053e+00	
260	2.428862e-03	-5.16793e+00	2.593439e+00	
261	2.438862e-03	-5.16803e+00	2.248590e+00	
262	2.448862e-03	-5.16793e+00	1.894867e+00	
263	2.458862e-03	-5.16803e+00	1.533666e+00	
264	2.468862e-03	-5.16793e+00	1.166412e+00	
265	2.478862e-03	-5.16803e+00	7.945546e-01	
266	2.488862e-03	-5.16793e+00	4.195616e-01	
267	2.498862e-03	-5.16803e+00	4.291277e-02	
268	2.508862e-03	-5.16793e+00	-3.33905e-01	
269	2.518862e-03	-5.16803e+00	-7.09406e-01	
270	2.528862e-03	-5.16793e+00	-1.08211e+00	
271	2.538862e-03	-5.16803e+00	-1.45054e+00	
272	2.548862e-03	-5.16793e+00	-1.81324e+00	
273	2.558862e-03	-5.16803e+00	-2.16879e+00	
274	2.568862e-03	-5.16793e+00	-2.51578e+00	
275	2.578862e-03	-5.16803e+00	-2.85284e+00	
276	2.588862e-03	-5.16793e+00	-3.17865e+00	
277	2.598862e-03	-5.16803e+00	-3.49190e+00	
278	2.608862e-03	-5.16793e+00	-3.79138e+00	
279	2.612674e-03	-5.16803e+00	-3.90168e+00	
280	2.615113e-03	-5.16793e+00	-3.97105e+00	
281	2.616598e-03	-5.16803e+00	-4.01287e+00	
282	2.617749e-03	-5.16793e+00	-4.04502e+00	
283	2.619050e-03	-5.16803e+00	-4.08110e+00	
284	2.619785e-03	-5.16793e+00	-4.10136e+00	
285	2.620537e-03	-5.16803e+00	-4.12202e+00	
286	2.621354e-03	-5.16791e+00	-4.14434e+00	

Index   time            v(3)            v(1)            
--------------------------------------------------------------------------------
287	2.622539e-03	-5.16794e+00	-4.17654e+00	
288	2.623841e-03	-5.16769e+00	-4.21164e+00	
289	2.624904e-03	-5.16741e+00	-4.24008e+00	
290	2.625373e-03	-5.16628e+00	-4.25257e+00	
291	2.625912e-03	-5.16438e+00	-4.26689e+00	
292	2.626249e-03	-5.16298e+00	-4.27580e+00	
293	2.626580e-03	-5.16180e+00	-4.28456e+00	
294	2.627243e-03	-5.15905e+00	-4.30201e+00	
295	2.628309e-03	-5.15472e+00	-4.32993e+00	
296	2.629872e-03	-5.14761e+00	-4.37050e+00	
297	2.631985e-03	-5.13724e+00	-4.42469e+00	
298	2.635099e-03	-5.11854e+00	-4.50313e+00	
299	2.639778e-03	-5.07891e+00	-4.61775e+00	
300	2.645061e-03	-4.94309e+00	-4.74233e+00	
301	2.647706e-03	-4.11964e+00	-4.80278e+00	
302	2.649227e-03	-3.38636e+00	-4.83691e+00	
303	2.650618e-03	-2.75671e+00	-4.86776e+00	
304	2.652483e-03	-1.86662e+00	-4.90852e+00	
305	2.654307e-03	-1.02706e+00	-4.94775e+00	
306	2.657166e-03	3.304847e-01	-5.00792e+00	
307	2.660892e-03	2.074161e+00	-5.08391e+00	
308	2.664983e-03	4.022346e+00	-5.16412e+00	
309	2.667768e-03	4.946899e+00	-5.21679e+00	
310	2.669608e-03	5.023255e+00	-5.25070e+00	
311	2.671541e-03	5.059635e+00	-5.28558e+00	
312	2.674174e-03	5.092114e+00	-5.33182e+00	
313	2.676926e-03	5.114828e+00	-5.37862e+00	
314	2.681604e-03	5.143915e+00	-5.45443e+00	
315	2.685762e-03	5.162154e+00	-5.51788e+00	
316	2.687520e-03	5.165359e+00	-5.54357e+00	
317	2.688572e-03	5.165372e+00	-5.55862e+00	
318	2.689290e-03	5.165572e+00	-5.56875e+00	
319	2.690056e-03	5.165497e+00	-5.57943e+00	
320	2.691587e-03	5.165649e+00	-5.60041e+00	
321	2.694199e-03	5.165539e+00	-5.63498e+00	
322	2.698822e-03	5.165648e+00	-5.69246e+00	
323	2.704199e-03	5.165541e+00	-5.75327e+00	
324	2.710125e-03	5.165647e+00	-5.81267e+00	
325	2.720125e-03	5.165542e+00	-5.89461e+00	
326	2.730125e-03	5.165646e+00	-5.95328e+00	
327	2.740125e-03	5.165542e+00	-5.98846e+00	
328	2.750125e-03	5.165647e+00	-6.00000e+00	
329	2.760125e-03	5.165544e+00	-5.98786e+00	
330	2.770125e-03	5.165647e+00	-5.95209e+00	
331	2.780125e-03	5.165544e+00	-5.89284e+00	
332	2.790125e-03	5.165646e+00	-5.81032e+00	
333	2.800125e-03	5.165544e+00	-5.70488e+00	
334	2.810125e-03	5.165644e+00	-5.57692e+00	
335	2.820125e-03	5.165543e+00	-5.42695e+00	
336	2.830125e-03	5.165644e+00	-5.25556e+00	
337	2.840125e-03	5.165544e+00	-5.06343e+00	
338	2.850125e-03	5.165643e+00	-4.85132e+00	
339	2.860125e-03	5.165544e+00	-4.62007e+00	
340	2.870125e-03	5.165643e+00	-4.37058e+00	
341	2.880125e-03	5.165544e+00	-4.10384e+00	
342	2.890125e-03	5.165642e+00	-3.82090e+00	
343	2.900125e-03	5.165545e+00	-3.52289e+00	
344	2.910125e-03	5.165642e+00	-3.21097e+00	

Index   time            v(3)            v(1)            
--------------------------------------------------------------------------------
345	2.920125e-03	5.165545e+00	-2.88638e+00	
346	2.930125e-03	5.165642e+00	-2.55040e+00	
347	2.940125e-03	5.165546e+00	-2.20435e+00	
348	2.950125e-03	5.165641e+00	-1.84961e+00	
349	2.960125e-03	5.165546e+00	-1.48756e+00	
350	2.970125e-03	5.165641e+00	-1.11965e+00	
351	2.980125e-03	5.165546e+00	-7.47311e-01	
352	2.990125e-03	5.165641e+00	-3.72027e-01	
353	3.000125e-03	5.165546e+00	4.725082e-03	
354	3.010125e-03	5.165640e+00	3.814588e-01	
355	3.020125e-03	5.165547e+00	7.566870e-01	
356	3.023929e-03	5.165640e+00	8.987141e-01	
357	3.026359e-03	5.165547e+00	9.891927e-01	
358	3.027592e-03	5.165638e+00	1.034973e+00	
359	3.028795e-03	5.165549e+00	1.079647e+00	
360	3.029346e-03	5.165636e+00	1.100044e+00	
361	3.029900e-03	5.165552e+00	1.120586e+00	
362	3.030599e-03	5.165634e+00	1.146467e+00	
363	3.031320e-03	5.165518e+00	1.173146e+00	
364	3.032452e-03	5.165506e+00	1.214940e+00	
365	3.033272e-03	5.165305e+00	1.245198e+00	
366	3.034391e-03	5.164860e+00	1.286457e+00	
367	3.034911e-03	5.163160e+00	1.305572e+00	
368	3.035334e-03	5.161509e+00	1.321137e+00	
369	3.035755e-03	5.159728e+00	1.336624e+00	
370	3.036343e-03	5.157330e+00	1.358211e+00	
371	3.037294e-03	5.153105e+00	1.393104e+00	
372	3.038829e-03	5.146002e+00	1.449329e+00	
373	3.040873e-03	5.135236e+00	1.523994e+00	
374	3.044031e-03	5.115383e+00	1.638837e+00	
375	3.048814e-03	5.068688e+00	1.811512e+00	
376	3.052963e-03	4.963026e+00	1.960025e+00	
377	3.055706e-03	4.162342e+00	2.057457e+00	
378	3.058940e-03	2.616729e+00	2.171542e+00	
379	3.061608e-03	1.334342e+00	2.265004e+00	
380	3.064441e-03	-2.00743e-02	2.363517e+00	
381	3.070105e-03	-2.73970e+00	2.558268e+00	
382	3.074690e-03	-4.84765e+00	2.713540e+00	
383	3.077207e-03	-5.02009e+00	2.797796e+00	
384	3.079822e-03	-5.06796e+00	2.884653e+00	
385	3.082555e-03	-5.09873e+00	2.974565e+00	
386	3.088021e-03	-5.13668e+00	3.151731e+00	
387	3.093084e-03	-5.16174e+00	3.312521e+00	
388	3.096219e-03	-5.16767e+00	3.410405e+00	
389	3.097894e-03	-5.16802e+00	3.462170e+00	
390	3.099208e-03	-5.16788e+00	3.502499e+00	
391	3.100494e-03	-5.16808e+00	3.541753e+00	
392	3.103066e-03	-5.16788e+00	3.619564e+00	
393	3.107429e-03	-5.16808e+00	3.749368e+00	
394	3.111988e-03	-5.16788e+00	3.881983e+00	
395	3.119003e-03	-5.16808e+00	4.079802e+00	
396	3.129003e-03	-5.16788e+00	4.347996e+00	
397	3.139003e-03	-5.16808e+00	4.599030e+00	
398	3.149003e-03	-5.16788e+00	4.831914e+00	
399	3.159003e-03	-5.16808e+00	5.045728e+00	
400	3.169003e-03	-5.16788e+00	5.239629e+00	
401	3.179003e-03	-5.16808e+00	5.412852e+00	
402	3.189003e-03	-5.16788e+00	5.564713e+00	

Index   time            v(3)            v(1)            
--------------------------------------------------------------------------------
403	3.199003e-03	-5.16808e+00	5.694612e+00	
404	3.209003e-03	-5.16788e+00	5.802037e+00	
405	3.219003e-03	-5.16808e+00	5.886565e+00	
406	3.229003e-03	-5.16788e+00	5.947861e+00	
407	3.239003e-03	-5.16808e+00	5.985683e+00	
408	3.249003e-03	-5.16788e+00	5.999882e+00	
409	3.259003e-03	-5.16808e+00	5.990403e+00	
410	3.269003e-03	-5.16788e+00	5.957282e+00	
411	3.279003e-03	-5.16808e+00	5.900651e+00	
412	3.289003e-03	-5.16788e+00	5.820732e+00	
413	3.299003e-03	-5.16808e+00	5.717842e+00	
414	3.309003e-03	-5.16788e+00	5.592386e+00	
415	3.319003e-03	-5.16808e+00	5.444860e+00	
416	3.329003e-03	-5.16788e+00	5.275845e+00	
417	3.339003e-03	-5.16808e+00	5.086008e+00	
418	3.349003e-03	-5.16788e+00	4.876100e+00	
419	3.359003e-03	-5.16808e+00	4.646948e+00	
420	3.369003e-03	-5.16788e+00	4.399456e+00	
421	3.379003e-03	-5.16808e+00	4.134602e+00	
422	3.389003e-03	-5.16788e+00	3.853430e+00	
423	3.399003e-03	-5.16808e+00	3.557051e+00	
424	3.409003e-03	-5.16788e+00	3.246633e+00	
425	3.419003e-03	-5.16808e+00	2.923403e+00	
426	3.429003e-03	-5.16788e+00	2.588635e+00	
427	3.439003e-03	-5.16808e+00	2.243651e+00	
428	3.449003e-03	-5.16788e+00	1.889813e+00	
429	3.459003e-03	-5.16808e+00	1.528516e+00	
430	3.469003e-03	-5.16788e+00	1.161187e+00	
431	3.479003e-03	-5.16808e+00	7.892752e-01	
432	3.489003e-03	-5.16788e+00	4.142485e-01	
433	3.499003e-03	-5.16808e+00	3.758695e-02	
434	3.509003e-03	-5.16788e+00	-3.39223e-01	
435	3.519003e-03	-5.16808e+00	-7.14694e-01	
436	3.529003e-03	-5.16788e+00	-1.08734e+00	
437	3.539003e-03	-5.16808e+00	-1.45570e+00	
438	3.549003e-03	-5.16788e+00	-1.81832e+00	
439	3.559003e-03	-5.16808e+00	-2.17376e+00	
440	3.569003e-03	-5.16788e+00	-2.52062e+00	
441	3.579003e-03	-5.16808e+00	-2.85753e+00	
442	3.589003e-03	-5.16788e+00	-3.18316e+00	
443	3.599003e-03	-5.16808e+00	-3.49623e+00	
444	3.609003e-03	-5.16788e+00	-3.79551e+00	
445	3.612815e-03	-5.16808e+00	-3.90570e+00	
446	3.615253e-03	-5.16788e+00	-3.97503e+00	
447	3.616696e-03	-5.16808e+00	-4.01560e+00	
448	3.617874e-03	-5.16788e+00	-4.04848e+00	
449	3.618922e-03	-5.16808e+00	-4.07756e+00	
450	3.619654e-03	-5.16788e+00	-4.09778e+00	
451	3.620408e-03	-5.16808e+00	-4.11847e+00	
452	3.621184e-03	-5.16787e+00	-4.13969e+00	
453	3.622307e-03	-5.16801e+00	-4.17024e+00	
454	3.623541e-03	-5.16768e+00	-4.20357e+00	
455	3.624539e-03	-5.16767e+00	-4.23033e+00	
456	3.625220e-03	-5.16673e+00	-4.24850e+00	
457	3.625847e-03	-5.16471e+00	-4.26516e+00	
458	3.626206e-03	-5.16309e+00	-4.27465e+00	
459	3.626541e-03	-5.16202e+00	-4.28353e+00	
460	3.627213e-03	-5.15911e+00	-4.30123e+00	

Index   time            v(3)            v(1)            
--------------------------------------------------------------------------------
461	3.628407e-03	-5.15437e+00	-4.33248e+00	
462	3.630204e-03	-5.14599e+00	-4.37908e+00	
463	3.632711e-03	-5.13337e+00	-4.44315e+00	
464	3.636558e-03	-5.10806e+00	-4.53929e+00	
465	3.642614e-03	-5.03476e+00	-4.68528e+00	
466	3.645643e-03	-4.88401e+00	-4.75574e+00	
467	3.647471e-03	-4.24051e+00	-4.79746e+00	
468	3.648342e-03	-3.79310e+00	-4.81711e+00	
469	3.649139e-03	-3.45257e+00	-4.83495e+00	
470	3.649775e-03	-3.13317e+00	-4.84910e+00	
471	3.650352e-03	-2.87902e+00	-4.86188e+00	
472	3.651007e-03	-2.56222e+00	-4.87631e+00	
473	3.651745e-03	-2.22444e+00	-4.89247e+00	
474	3.652758e-03	-1.74418e+00	-4.91449e+00	
475	3.654248e-03	-1.05037e+00	-4.94649e+00	
476	3.656723e-03	1.165091e-01	-4.99870e+00	
477	3.661064e-03	2.158840e+00	-5.08734e+00	
478	3.665124e-03	4.084191e+00	-5.16683e+00	
479	3.667468e-03	4.922762e+00	-5.21120e+00	
480	3.668940e-03	5.003829e+00	-5.23847e+00	
481	3.670513e-03	5.042083e+00	-5.26713e+00	
482	3.672551e-03	5.074111e+00	-5.30349e+00	
483	3.674613e-03	5.096693e+00	-5.33940e+00	
484	3.678738e-03	5.127199e+00	-5.40854e+00	
485	3.685235e-03	5.159556e+00	-5.51004e+00	
486	3.688809e-03	5.165536e+00	-5.56198e+00	
487	3.691709e-03	5.165522e+00	-5.60206e+00	
488	3.693925e-03	5.165660e+00	-5.63143e+00	
489	3.696078e-03	5.165531e+00	-5.65892e+00	
490	3.700384e-03	5.165656e+00	-5.71079e+00	
491	3.705302e-03	5.165535e+00	-5.76493e+00	
492	3.713892e-03	5.165653e+00	-5.84625e+00	
493	3.723892e-03	5.165536e+00	-5.91945e+00	
494	3.733892e-03	5.165651e+00	-5.96930e+00	
495	3.743892e-03	5.165537e+00	-5.99558e+00	
496	3.753892e-03	5.165649e+00	-5.99821e+00	
497	3.763892e-03	5.165539e+00	-5.97716e+00	
498	3.773892e-03	5.165648e+00	-5.93252e+00	
499	3.783892e-03	5.165540e+00	-5.86447e+00	
500	3.793892e-03	5.165647e+00	-5.77328e+00	
501	3.803892e-03	5.165541e+00	-5.65930e+00	
502	3.813892e-03	5.165645e+00	-5.52298e+00	
503	3.823892e-03	5.165542e+00	-5.36487e+00	
504	3.833892e-03	5.165644e+00	-5.18559e+00	
505	3.843892e-03	5.165544e+00	-4.98584e+00	
506	3.853892e-03	5.165643e+00	-4.76642e+00	
507	3.863892e-03	5.165545e+00	-4.52818e+00	
508	3.873892e-03	5.165642e+00	-4.27207e+00	
509	3.883892e-03	5.165546e+00	-3.99911e+00	
510	3.893892e-03	5.165641e+00	-3.71036e+00	
511	3.903892e-03	5.165547e+00	-3.40696e+00	
512	3.913892e-03	5.165640e+00	-3.09013e+00	
513	3.923892e-03	5.165548e+00	-2.76109e+00	
514	3.933892e-03	5.165639e+00	-2.42116e+00	
515	3.943892e-03	5.165549e+00	-2.07168e+00	
516	3.953892e-03	5.165638e+00	-1.71402e+00	
517	3.963892e-03	5.165549e+00	-1.34959e+00	
518	3.973892e-03	5.165637e+00	-9.79839e-01	

Index   time            v(3)            v(1)            
--------------------------------------------------------------------------------
519	3.983892e-03	5.165550e+00	-6.06220e-01	
520	3.993892e-03	5.165636e+00	-2.30208e-01	
521	4.003892e-03	5.165551e+00	1.467117e-01	
522	4.013892e-03	5.165635e+00	5.230527e-01	
523	4.023892e-03	5.165552e+00	8.973294e-01	
524	4.026811e-03	5.165633e+00	1.005973e+00	
525	4.028174e-03	5.165556e+00	1.056606e+00	
526	4.029548e-03	5.165629e+00	1.107552e+00	
527	4.030049e-03	5.165563e+00	1.126092e+00	
528	4.030748e-03	5.165619e+00	1.151969e+00	
529	4.031665e-03	5.165507e+00	1.185866e+00	
530	4.032675e-03	5.165464e+00	1.223182e+00	
531	4.033633e-03	5.165239e+00	1.258510e+00	
532	4.034455e-03	5.164737e+00	1.288809e+00	
533	4.035002e-03	5.162814e+00	1.308943e+00	
534	4.035377e-03	5.161311e+00	1.322723e+00	
535	4.035741e-03	5.159800e+00	1.336121e+00	
536	4.036470e-03	5.156761e+00	1.362895e+00	
537	4.037572e-03	5.151866e+00	1.403299e+00	
538	4.039339e-03	5.143439e+00	1.468004e+00	
539	4.041825e-03	5.129754e+00	1.558673e+00	
540	4.045773e-03	5.101770e+00	1.701927e+00	
541	4.052022e-03	5.002873e+00	1.926437e+00	
542	4.055480e-03	4.271558e+00	2.049446e+00	
543	4.060006e-03	2.103821e+00	2.208951e+00	
544	4.062310e-03	9.989285e-01	2.289468e+00	
545	4.065241e-03	-4.05560e-01	2.391213e+00	
546	4.071103e-03	-3.21756e+00	2.592236e+00	
547	4.074592e-03	-4.82612e+00	2.710220e+00	
548	4.076974e-03	-5.01317e+00	2.790043e+00	
549	4.079325e-03	-5.06091e+00	2.868193e+00	
550	4.081803e-03	-5.09155e+00	2.949906e+00	
551	4.086760e-03	-5.12938e+00	3.111168e+00	
552	4.094115e-03	-5.16508e+00	3.344849e+00	
553	4.097691e-03	-5.16786e+00	3.455934e+00	
554	4.101550e-03	-5.16803e+00	3.573832e+00	
555	4.105293e-03	-5.16793e+00	3.686171e+00	
556	4.108809e-03	-5.16804e+00	3.789829e+00	
557	4.115839e-03	-5.16793e+00	3.991548e+00	
558	4.122561e-03	-5.16804e+00	4.177122e+00	
559	4.132561e-03	-5.16793e+00	4.439328e+00	
560	4.142561e-03	-5.16804e+00	4.684014e+00	
561	4.152561e-03	-5.16792e+00	4.910215e+00	
562	4.162561e-03	-5.16804e+00	5.117038e+00	
563	4.172561e-03	-5.16792e+00	5.303665e+00	
564	4.182561e-03	-5.16804e+00	5.469362e+00	
565	4.192561e-03	-5.16792e+00	5.613474e+00	
566	4.202561e-03	-5.16804e+00	5.735431e+00	
567	4.212561e-03	-5.16792e+00	5.834754e+00	
568	4.222561e-03	-5.16804e+00	5.911049e+00	
569	4.232561e-03	-5.16792e+00	5.964017e+00	
570	4.242561e-03	-5.16804e+00	5.993447e+00	
571	4.252561e-03	-5.16792e+00	5.999223e+00	
572	4.262561e-03	-5.16804e+00	5.981324e+00	
573	4.272561e-03	-5.16792e+00	5.939819e+00	
574	4.282561e-03	-5.16805e+00	5.874872e+00	
575	4.292561e-03	-5.16791e+00	5.786740e+00	
576	4.302561e-03	-5.16805e+00	5.675770e+00	

Index   time            v(3)            v(1)            
--------------------------------------------------------------------------------
577	4.312561e-03	-5.16791e+00	5.542400e+00	
578	4.322561e-03	-5.16805e+00	5.387157e+00	
579	4.332561e-03	-5.16791e+00	5.210654e+00	
580	4.342561e-03	-5.16805e+00	5.013586e+00	
581	4.352561e-03	-5.16791e+00	4.796732e+00	
582	4.362561e-03	-5.16805e+00	4.560948e+00	
583	4.372561e-03	-5.16791e+00	4.307163e+00	
584	4.382561e-03	-5.16805e+00	4.036380e+00	
585	4.392561e-03	-5.16791e+00	3.749668e+00	
586	4.402561e-03	-5.16805e+00	3.448157e+00	
587	4.412561e-03	-5.16791e+00	3.133038e+00	
588	4.422561e-03	-5.16805e+00	2.805554e+00	
589	4.432561e-03	-5.16791e+00	2.466998e+00	
590	4.442561e-03	-5.16805e+00	2.118706e+00	
591	4.452561e-03	-5.16791e+00	1.762052e+00	
592	4.462561e-03	-5.16805e+00	1.398445e+00	
593	4.472561e-03	-5.16791e+00	1.029318e+00	
594	4.482561e-03	-5.16805e+00	6.561288e-01	
595	4.492561e-03	-5.16791e+00	2.803504e-01	
596	4.502561e-03	-5.16805e+00	-9.65344e-02	
597	4.512561e-03	-5.16791e+00	-4.73038e-01	
598	4.522561e-03	-5.16805e+00	-8.47675e-01	
599	4.532561e-03	-5.16791e+00	-1.21897e+00	
600	4.542561e-03	-5.16805e+00	-1.58545e+00	
601	4.552561e-03	-5.16791e+00	-1.94567e+00	
602	4.562561e-03	-5.16805e+00	-2.29822e+00	
603	4.572561e-03	-5.16790e+00	-2.64169e+00	
604	4.582561e-03	-5.16806e+00	-2.97474e+00	
605	4.592561e-03	-5.16790e+00	-3.29605e+00	
606	4.602561e-03	-5.16806e+00	-3.60435e+00	
607	4.612561e-03	-5.16790e+00	-3.89843e+00	
608	4.616367e-03	-5.16806e+00	-4.00639e+00	
609	4.617954e-03	-5.16790e+00	-4.05071e+00	
610	4.619739e-03	-5.16806e+00	-4.10009e+00	
611	4.620428e-03	-5.16790e+00	-4.11904e+00	
612	4.621268e-03	-5.16805e+00	-4.14200e+00	
613	4.622392e-03	-5.16782e+00	-4.17256e+00	
614	4.623561e-03	-5.16786e+00	-4.20411e+00	
615	4.624608e-03	-5.16745e+00	-4.23218e+00	
616	4.625289e-03	-5.16667e+00	-4.25034e+00	
617	4.626004e-03	-5.16387e+00	-4.26932e+00	
618	4.626426e-03	-5.16239e+00	-4.28048e+00	
619	4.626840e-03	-5.16060e+00	-4.29141e+00	
620	4.627669e-03	-5.15741e+00	-4.31319e+00	
621	4.629266e-03	-5.15032e+00	-4.35483e+00	
622	4.631501e-03	-5.13977e+00	-4.41235e+00	
623	4.634857e-03	-5.12007e+00	-4.49711e+00	
624	4.640092e-03	-5.07410e+00	-4.62528e+00	
625	4.643688e-03	-5.00588e+00	-4.71046e+00	
626	4.646595e-03	-4.62147e+00	-4.77755e+00	
627	4.648693e-03	-3.63951e+00	-4.82499e+00	
628	4.650688e-03	-2.71388e+00	-4.86931e+00	
629	4.652675e-03	-1.77872e+00	-4.91268e+00	
630	4.656647e-03	8.104912e-02	-4.99713e+00	
631	4.662966e-03	3.067218e+00	-5.12500e+00	
632	4.667352e-03	4.911605e+00	-5.20903e+00	
633	4.670275e-03	5.038698e+00	-5.26282e+00	
634	4.672945e-03	5.078683e+00	-5.31043e+00	

Index   time            v(3)            v(1)            
--------------------------------------------------------------------------------
635	4.675791e-03	5.106602e+00	-5.35951e+00	
636	4.681483e-03	5.142406e+00	-5.45253e+00	
637	4.685753e-03	5.162257e+00	-5.51773e+00	
638	4.688624e-03	5.165571e+00	-5.55935e+00	
639	4.691513e-03	5.165671e+00	-5.59940e+00	
640	4.694011e-03	5.165515e+00	-5.63254e+00	
641	4.696340e-03	5.165673e+00	-5.66219e+00	
642	4.700998e-03	5.165518e+00	-5.71785e+00	
643	4.705827e-03	5.165674e+00	-5.77038e+00	
644	4.715127e-03	5.165517e+00	-5.85654e+00	
645	4.725127e-03	5.165674e+00	-5.92688e+00	
646	4.735127e-03	5.165515e+00	-5.97382e+00	
647	4.745127e-03	5.165675e+00	-5.99719e+00	
648	4.755127e-03	5.165514e+00	-5.99689e+00	
649	4.765127e-03	5.165675e+00	-5.97292e+00	
650	4.775127e-03	5.165514e+00	-5.92538e+00	
651	4.785127e-03	5.165675e+00	-5.85445e+00	
652	4.795127e-03	5.165514e+00	-5.76043e+00	
653	4.805127e-03	5.165676e+00	-5.64366e+00	
654	4.815127e-03	5.165514e+00	-5.50463e+00	
655	4.825127e-03	5.165676e+00	-5.34387e+00	
656	4.835127e-03	5.165513e+00	-5.16201e+00	
657	4.845127e-03	5.165676e+00	-4.95979e+00	
658	4.855127e-03	5.165513e+00	-4.73800e+00	
659	4.865127e-03	5.165676e+00	-4.49750e+00	
660	4.875127e-03	5.165513e+00	-4.23926e+00	
661	4.885127e-03	5.165677e+00	-3.96428e+00	
662	4.895127e-03	5.165513e+00	-3.67366e+00	
663	4.905127e-03	5.165677e+00	-3.36854e+00	
664	4.915127e-03	5.165512e+00	-3.05013e+00	
665	4.925127e-03	5.165677e+00	-2.71968e+00	
666	4.935127e-03	5.165512e+00	-2.37850e+00	
667	4.945127e-03	5.165677e+00	-2.02792e+00	
668	4.955127e-03	5.165512e+00	-1.66935e+00	
669	4.965127e-03	5.165677e+00	-1.30419e+00	
670	4.975127e-03	5.165512e+00	-9.33881e-01	
671	4.985127e-03	5.165678e+00	-5.59886e-01	
672	4.995127e-03	5.165511e+00	-1.83682e-01	
673	5.000000e-03	5.165677e+00	-7.34788e-15	
