
Circuit: schmitt trigger

                                schmitt trigger
                                Transient Analysis  Sun Feb  6 04:58:50  2022
--------------------------------------------------------------------------------
Index   time            v(3)            v(1)            
--------------------------------------------------------------------------------
0	1.004225e-03	5.168066e+00	1.592685e-01	
1	1.014225e-03	5.167892e+00	5.355646e-01	
2	1.024225e-03	5.168066e+00	9.097471e-01	
3	1.034225e-03	5.167892e+00	1.280339e+00	
4	1.044225e-03	5.168065e+00	1.645878e+00	
5	1.054225e-03	5.167893e+00	2.004922e+00	
6	1.064225e-03	5.168065e+00	2.356053e+00	
7	1.074225e-03	5.167893e+00	2.697886e+00	
8	1.084225e-03	5.168064e+00	3.029072e+00	
9	1.094225e-03	5.167893e+00	3.348303e+00	
10	1.104225e-03	5.168064e+00	3.654320e+00	
11	1.114225e-03	5.167893e+00	3.945915e+00	
12	1.117063e-03	5.168062e+00	4.025870e+00	
13	1.118515e-03	5.167894e+00	4.066301e+00	
14	1.119550e-03	5.168060e+00	4.094899e+00	
15	1.120272e-03	5.167898e+00	4.114747e+00	
16	1.121035e-03	5.168055e+00	4.135648e+00	
17	1.122218e-03	5.167831e+00	4.167848e+00	
18	1.123313e-03	5.167883e+00	4.197435e+00	
19	1.123961e-03	5.167621e+00	4.214860e+00	
20	1.124508e-03	5.167610e+00	4.229495e+00	
21	1.124843e-03	5.167225e+00	4.238448e+00	
22	1.125117e-03	5.166805e+00	4.245767e+00	
23	1.125459e-03	5.165387e+00	4.254856e+00	
24	1.125631e-03	5.164856e+00	4.259436e+00	
25	1.125876e-03	5.163739e+00	4.265931e+00	
26	1.126366e-03	5.161920e+00	4.278890e+00	
27	1.126846e-03	5.159777e+00	4.291552e+00	
28	1.127569e-03	5.156853e+00	4.310567e+00	
29	1.128405e-03	5.152966e+00	4.332420e+00	
30	1.129780e-03	5.146626e+00	4.368143e+00	
31	1.131532e-03	5.137291e+00	4.413150e+00	
32	1.134161e-03	5.121459e+00	4.479692e+00	
33	1.137667e-03	5.092963e+00	4.566518e+00	
34	1.142767e-03	5.008567e+00	4.688876e+00	
35	1.145567e-03	4.599805e+00	4.754009e+00	
36	1.147262e-03	3.822932e+00	4.792713e+00	
37	1.148156e-03	3.356148e+00	4.812916e+00	
38	1.148990e-03	2.975296e+00	4.831622e+00	
39	1.149823e-03	2.551815e+00	4.850178e+00	
40	1.150610e-03	2.183366e+00	4.867577e+00	
41	1.151631e-03	1.676067e+00	4.889997e+00	
42	1.152883e-03	1.076617e+00	4.917178e+00	
43	1.154725e-03	1.735585e-01	4.956651e+00	
44	1.157585e-03	-1.20997e+00	5.016607e+00	
45	1.162361e-03	-3.53762e+00	5.113094e+00	
46	1.166027e-03	-4.94369e+00	5.184049e+00	
47	1.169126e-03	-5.05059e+00	5.241884e+00	
48	1.171734e-03	-5.08535e+00	5.289016e+00	
49	1.174508e-03	-5.11212e+00	5.337591e+00	
50	1.178916e-03	-5.13941e+00	5.411439e+00	
51	1.183074e-03	-5.15966e+00	5.477284e+00	
52	1.185326e-03	-5.16518e+00	5.511402e+00	
53	1.186007e-03	-5.16548e+00	5.521489e+00	
54	1.186665e-03	-5.16539e+00	5.531154e+00	

Index   time            v(3)            v(1)            
--------------------------------------------------------------------------------
55	1.187431e-03	-5.16561e+00	5.542280e+00	
56	1.188963e-03	-5.16552e+00	5.564147e+00	
57	1.191924e-03	-5.16567e+00	5.604958e+00	
58	1.195548e-03	-5.16552e+00	5.652254e+00	
59	1.199318e-03	-5.16567e+00	5.698344e+00	
60	1.205144e-03	-5.16552e+00	5.763276e+00	
61	1.213957e-03	-5.16567e+00	5.846798e+00	
62	1.223957e-03	-5.16552e+00	5.919852e+00	
63	1.233957e-03	-5.16567e+00	5.969543e+00	
64	1.243957e-03	-5.16552e+00	5.995676e+00	
65	1.253957e-03	-5.16567e+00	5.998146e+00	
66	1.263957e-03	-5.16552e+00	5.976944e+00	
67	1.273957e-03	-5.16567e+00	5.932153e+00	
68	1.283957e-03	-5.16552e+00	5.863952e+00	
69	1.293957e-03	-5.16567e+00	5.772608e+00	
70	1.303957e-03	-5.16552e+00	5.658482e+00	
71	1.313957e-03	-5.16567e+00	5.522024e+00	
72	1.323957e-03	-5.16552e+00	5.363774e+00	
73	1.333957e-03	-5.16567e+00	5.184356e+00	
74	1.343957e-03	-5.16552e+00	4.984477e+00	
75	1.353957e-03	-5.16567e+00	4.764926e+00	
76	1.363957e-03	-5.16552e+00	4.526571e+00	
77	1.373957e-03	-5.16567e+00	4.270351e+00	
78	1.383957e-03	-5.16552e+00	3.997279e+00	
79	1.393957e-03	-5.16567e+00	3.708430e+00	
80	1.403957e-03	-5.16552e+00	3.404947e+00	
81	1.413957e-03	-5.16567e+00	3.088025e+00	
82	1.423957e-03	-5.16552e+00	2.758917e+00	
83	1.433957e-03	-5.16567e+00	2.418920e+00	
84	1.443957e-03	-5.16552e+00	2.069377e+00	
85	1.453957e-03	-5.16567e+00	1.711667e+00	
86	1.463957e-03	-5.16552e+00	1.347202e+00	
87	1.473957e-03	-5.16567e+00	9.774201e-01	
88	1.483957e-03	-5.16552e+00	6.037808e-01	
89	1.493957e-03	-5.16567e+00	2.277587e-01	
90	1.503957e-03	-5.16552e+00	-1.49162e-01	
91	1.513957e-03	-5.16567e+00	-5.25495e-01	
92	1.523957e-03	-5.16552e+00	-8.99753e-01	
93	1.526833e-03	-5.16567e+00	-1.00678e+00	
94	1.528187e-03	-5.16552e+00	-1.05708e+00	
95	1.529558e-03	-5.16567e+00	-1.10791e+00	
96	1.530058e-03	-5.16552e+00	-1.12644e+00	
97	1.530753e-03	-5.16566e+00	-1.15215e+00	
98	1.531664e-03	-5.16547e+00	-1.18585e+00	
99	1.532663e-03	-5.16551e+00	-1.22274e+00	
100	1.533594e-03	-5.16522e+00	-1.25707e+00	
101	1.534318e-03	-5.16503e+00	-1.28377e+00	
102	1.534764e-03	-5.16388e+00	-1.30017e+00	
103	1.535194e-03	-5.16236e+00	-1.31598e+00	
104	1.535403e-03	-5.16137e+00	-1.32367e+00	
105	1.535690e-03	-5.16036e+00	-1.33425e+00	
106	1.536266e-03	-5.15785e+00	-1.35538e+00	
107	1.536829e-03	-5.15561e+00	-1.37608e+00	
108	1.537629e-03	-5.15194e+00	-1.40542e+00	
109	1.538731e-03	-5.14700e+00	-1.44576e+00	
110	1.540392e-03	-5.13848e+00	-1.50645e+00	
111	1.542596e-03	-5.12605e+00	-1.58671e+00	
112	1.545798e-03	-5.10290e+00	-1.70282e+00	

Index   time            v(3)            v(1)            
--------------------------------------------------------------------------------
113	1.550182e-03	-5.05221e+00	-1.86063e+00	
114	1.553551e-03	-4.94263e+00	-1.98095e+00	
115	1.555504e-03	-4.42750e+00	-2.05030e+00	
116	1.556749e-03	-3.81866e+00	-2.09435e+00	
117	1.557889e-03	-3.29564e+00	-2.13457e+00	
118	1.559206e-03	-2.65808e+00	-2.18088e+00	
119	1.560448e-03	-2.08006e+00	-2.22445e+00	
120	1.562313e-03	-1.18401e+00	-2.28959e+00	
121	1.564699e-03	-5.67070e-02	-2.37247e+00	
122	1.568754e-03	1.888553e+00	-2.51209e+00	
123	1.573738e-03	4.272282e+00	-2.68146e+00	
124	1.576397e-03	4.975517e+00	-2.77077e+00	
125	1.578658e-03	5.042757e+00	-2.84609e+00	
126	1.580923e-03	5.077516e+00	-2.92098e+00	
127	1.583737e-03	5.106884e+00	-3.01316e+00	
128	1.587778e-03	5.134959e+00	-3.14393e+00	
129	1.592239e-03	5.156355e+00	-3.28591e+00	
130	1.596853e-03	5.167792e+00	-3.43004e+00	
131	1.597799e-03	5.167880e+00	-3.45923e+00	
132	1.598861e-03	5.167960e+00	-3.49188e+00	
133	1.600067e-03	5.167968e+00	-3.52877e+00	
134	1.602481e-03	5.167989e+00	-3.60195e+00	
135	1.605212e-03	5.167966e+00	-3.68375e+00	
136	1.610126e-03	5.167991e+00	-3.82819e+00	
137	1.615101e-03	5.167965e+00	-3.97073e+00	
138	1.624540e-03	5.167992e+00	-4.23037e+00	
139	1.634540e-03	5.167965e+00	-4.48919e+00	
140	1.644540e-03	5.167992e+00	-4.73029e+00	
141	1.654540e-03	5.167964e+00	-4.95273e+00	
142	1.664540e-03	5.167993e+00	-5.15561e+00	
143	1.674540e-03	5.167964e+00	-5.33815e+00	
144	1.684540e-03	5.167993e+00	-5.49962e+00	
145	1.694540e-03	5.167963e+00	-5.63939e+00	
146	1.704540e-03	5.167993e+00	-5.75690e+00	
147	1.714540e-03	5.167963e+00	-5.85170e+00	
148	1.724540e-03	5.167993e+00	-5.92340e+00	
149	1.734540e-03	5.167962e+00	-5.97172e+00	
150	1.744540e-03	5.167994e+00	-5.99647e+00	
151	1.754540e-03	5.167962e+00	-5.99756e+00	
152	1.764540e-03	5.167994e+00	-5.97498e+00	
153	1.774540e-03	5.167961e+00	-5.92882e+00	
154	1.784540e-03	5.167995e+00	-5.85926e+00	
155	1.794540e-03	5.167961e+00	-5.76657e+00	
156	1.804540e-03	5.167995e+00	-5.65113e+00	
157	1.814540e-03	5.167961e+00	-5.51339e+00	
158	1.824540e-03	5.167995e+00	-5.35388e+00	
159	1.834540e-03	5.167960e+00	-5.17325e+00	
160	1.844540e-03	5.167996e+00	-4.97220e+00	
161	1.854540e-03	5.167960e+00	-4.75153e+00	
162	1.864540e-03	5.167996e+00	-4.51210e+00	
163	1.874540e-03	5.167960e+00	-4.25487e+00	
164	1.884540e-03	5.167996e+00	-3.98085e+00	
165	1.894540e-03	5.167960e+00	-3.69112e+00	
166	1.904540e-03	5.167996e+00	-3.38681e+00	
167	1.914540e-03	5.167959e+00	-3.06915e+00	
168	1.924540e-03	5.167997e+00	-2.73937e+00	
169	1.934540e-03	5.167959e+00	-2.39878e+00	
170	1.944540e-03	5.167997e+00	-2.04872e+00	

Index   time            v(3)            v(1)            
--------------------------------------------------------------------------------
171	1.954540e-03	5.167959e+00	-1.69058e+00	
172	1.964540e-03	5.167997e+00	-1.32576e+00	
173	1.974540e-03	5.167959e+00	-9.55714e-01	
174	1.984540e-03	5.167997e+00	-5.81895e-01	
175	1.994540e-03	5.167958e+00	-2.05780e-01	
176	2.004540e-03	5.167998e+00	1.711480e-01	
177	2.014540e-03	5.167958e+00	5.474001e-01	
178	2.024540e-03	5.167998e+00	9.214918e-01	
179	2.034540e-03	5.167958e+00	1.291947e+00	
180	2.044540e-03	5.167998e+00	1.657303e+00	
181	2.054540e-03	5.167958e+00	2.016119e+00	
182	2.064540e-03	5.167998e+00	2.366978e+00	
183	2.074540e-03	5.167957e+00	2.708496e+00	
184	2.084540e-03	5.167998e+00	3.039324e+00	
185	2.094540e-03	5.167957e+00	3.358158e+00	
186	2.104540e-03	5.167999e+00	3.663738e+00	
187	2.114540e-03	5.167957e+00	3.954859e+00	
188	2.117383e-03	5.167999e+00	4.034807e+00	
189	2.118895e-03	5.167956e+00	4.076829e+00	
190	2.119787e-03	5.168000e+00	4.101431e+00	
191	2.120593e-03	5.167955e+00	4.123540e+00	
192	2.121421e-03	5.167980e+00	4.146170e+00	
193	2.122674e-03	5.167848e+00	4.180180e+00	
194	2.123988e-03	5.167715e+00	4.215578e+00	
195	2.124601e-03	5.167458e+00	4.231989e+00	
196	2.125007e-03	5.167038e+00	4.242815e+00	
197	2.125366e-03	5.165772e+00	4.252399e+00	
198	2.125568e-03	5.165015e+00	4.257752e+00	
199	2.125813e-03	5.164009e+00	4.264259e+00	
200	2.126230e-03	5.162382e+00	4.275294e+00	
201	2.126612e-03	5.160767e+00	4.285403e+00	
202	2.127378e-03	5.157585e+00	4.305546e+00	
203	2.128072e-03	5.154487e+00	4.323732e+00	
204	2.129458e-03	5.148092e+00	4.359812e+00	
205	2.130928e-03	5.140587e+00	4.397685e+00	
206	2.133515e-03	5.125583e+00	4.463437e+00	
207	2.136582e-03	5.102842e+00	4.539872e+00	
208	2.141438e-03	5.040640e+00	4.657446e+00	
209	2.144692e-03	4.881321e+00	4.733815e+00	
210	2.146745e-03	4.065538e+00	4.780969e+00	
211	2.147841e-03	3.507783e+00	4.805809e+00	
212	2.148848e-03	3.038424e+00	4.828445e+00	
213	2.150038e-03	2.443746e+00	4.854939e+00	
214	2.151158e-03	1.912855e+00	4.879624e+00	
215	2.152778e-03	1.113929e+00	4.914919e+00	
216	2.154847e-03	1.181359e-01	4.959243e+00	
217	2.158136e-03	-1.48985e+00	5.027977e+00	
218	2.162515e-03	-3.60962e+00	5.116134e+00	
219	2.164951e-03	-4.77143e+00	5.163507e+00	
220	2.167065e-03	-4.99924e+00	5.203651e+00	
221	2.169261e-03	-5.05313e+00	5.244371e+00	
222	2.171465e-03	-5.08295e+00	5.284232e+00	
223	2.174725e-03	-5.11273e+00	5.341322e+00	
224	2.179369e-03	-5.14204e+00	5.418798e+00	
225	2.182706e-03	-5.15795e+00	5.471618e+00	
226	2.184999e-03	-5.16519e+00	5.506515e+00	
227	2.185585e-03	-5.16530e+00	5.515250e+00	
228	2.186234e-03	-5.16546e+00	5.524839e+00	

Index   time            v(3)            v(1)            
--------------------------------------------------------------------------------
229	2.186972e-03	-5.16546e+00	5.535625e+00	
230	2.188447e-03	-5.16563e+00	5.556840e+00	
231	2.191343e-03	-5.16555e+00	5.597095e+00	
232	2.194374e-03	-5.16564e+00	5.637243e+00	
233	2.197685e-03	-5.16555e+00	5.678765e+00	
234	2.203265e-03	-5.16564e+00	5.743176e+00	
235	2.210838e-03	-5.16555e+00	5.819276e+00	
236	2.220838e-03	-5.16564e+00	5.899563e+00	
237	2.230838e-03	-5.16555e+00	5.956566e+00	
238	2.240838e-03	-5.16564e+00	5.990061e+00	
239	2.250838e-03	-5.16555e+00	5.999917e+00	
240	2.260838e-03	-5.16564e+00	5.986093e+00	
241	2.270838e-03	-5.16555e+00	5.948645e+00	
242	2.280838e-03	-5.16564e+00	5.887721e+00	
243	2.290838e-03	-5.16555e+00	5.803560e+00	
244	2.300838e-03	-5.16564e+00	5.696496e+00	
245	2.310838e-03	-5.16555e+00	5.566950e+00	
246	2.320838e-03	-5.16564e+00	5.415433e+00	
247	2.330838e-03	-5.16555e+00	5.242545e+00	
248	2.340838e-03	-5.16564e+00	5.048966e+00	
249	2.350838e-03	-5.16555e+00	4.835462e+00	
250	2.360838e-03	-5.16564e+00	4.602874e+00	
251	2.370838e-03	-5.16555e+00	4.352121e+00	
252	2.380838e-03	-5.16564e+00	4.084192e+00	
253	2.390838e-03	-5.16555e+00	3.800144e+00	
254	2.400838e-03	-5.16564e+00	3.501099e+00	
255	2.410838e-03	-5.16555e+00	3.188237e+00	
256	2.420838e-03	-5.16564e+00	2.862793e+00	
257	2.430838e-03	-5.16555e+00	2.526050e+00	
258	2.440838e-03	-5.16564e+00	2.179338e+00	
259	2.450838e-03	-5.16555e+00	1.824025e+00	
260	2.460838e-03	-5.16564e+00	1.461514e+00	
261	2.470838e-03	-5.16555e+00	1.093234e+00	
262	2.480838e-03	-5.16564e+00	7.206403e-01	
263	2.490838e-03	-5.16555e+00	3.452025e-01	
264	2.500838e-03	-5.16564e+00	-3.15978e-02	
265	2.510838e-03	-5.16555e+00	-4.08273e-01	
266	2.520838e-03	-5.16564e+00	-7.83338e-01	
267	2.524642e-03	-5.16555e+00	-9.25275e-01	
268	2.527081e-03	-5.16564e+00	-1.01601e+00	
269	2.528221e-03	-5.16555e+00	-1.05833e+00	
270	2.529283e-03	-5.16564e+00	-1.09771e+00	
271	2.529776e-03	-5.16555e+00	-1.11601e+00	
272	2.530357e-03	-5.16564e+00	-1.13750e+00	
273	2.531134e-03	-5.16552e+00	-1.16627e+00	
274	2.531939e-03	-5.16556e+00	-1.19601e+00	
275	2.532762e-03	-5.16538e+00	-1.22638e+00	
276	2.533655e-03	-5.16531e+00	-1.25932e+00	
277	2.534278e-03	-5.16493e+00	-1.28229e+00	
278	2.534638e-03	-5.16438e+00	-1.29555e+00	
279	2.535116e-03	-5.16247e+00	-1.31314e+00	
280	2.535317e-03	-5.16176e+00	-1.32050e+00	
281	2.535572e-03	-5.16064e+00	-1.32988e+00	
282	2.536081e-03	-5.15866e+00	-1.34861e+00	
283	2.536650e-03	-5.15617e+00	-1.36949e+00	
284	2.537377e-03	-5.15311e+00	-1.39616e+00	
285	2.538378e-03	-5.14844e+00	-1.43285e+00	
286	2.539887e-03	-5.14117e+00	-1.48800e+00	

Index   time            v(3)            v(1)            
--------------------------------------------------------------------------------
287	2.541916e-03	-5.12988e+00	-1.56201e+00	
288	2.544835e-03	-5.11059e+00	-1.66796e+00	
289	2.548854e-03	-5.07209e+00	-1.81297e+00	
290	2.553564e-03	-4.94300e+00	-1.98139e+00	
291	2.556348e-03	-4.00862e+00	-2.08016e+00	
292	2.559522e-03	-2.50596e+00	-2.19199e+00	
293	2.562403e-03	-1.13690e+00	-2.29272e+00	
294	2.565517e-03	3.461764e-01	-2.40077e+00	
295	2.571746e-03	3.328164e+00	-2.61408e+00	
296	2.575262e-03	4.878367e+00	-2.73274e+00	
297	2.577753e-03	5.023487e+00	-2.81599e+00	
298	2.580066e-03	5.066608e+00	-2.89271e+00	
299	2.582532e-03	5.094978e+00	-2.97381e+00	
300	2.587464e-03	5.131369e+00	-3.13384e+00	
301	2.591106e-03	5.151094e+00	-3.25008e+00	
302	2.593784e-03	5.162201e+00	-3.33448e+00	
303	2.595319e-03	5.167447e+00	-3.38244e+00	
304	2.595793e-03	5.167552e+00	-3.39719e+00	
305	2.596321e-03	5.167807e+00	-3.41356e+00	
306	2.596905e-03	5.167736e+00	-3.43165e+00	
307	2.597924e-03	5.167988e+00	-3.46309e+00	
308	2.599426e-03	5.167897e+00	-3.50917e+00	
309	2.602429e-03	5.168059e+00	-3.60038e+00	
310	2.606207e-03	5.167899e+00	-3.71329e+00	
311	2.609727e-03	5.168062e+00	-3.81661e+00	
312	2.615674e-03	5.167899e+00	-3.98690e+00	
313	2.624161e-03	5.168063e+00	-4.22020e+00	
314	2.634161e-03	5.167898e+00	-4.47967e+00	
315	2.644161e-03	5.168062e+00	-4.72147e+00	
316	2.654161e-03	5.167897e+00	-4.94463e+00	
317	2.664161e-03	5.168063e+00	-5.14827e+00	
318	2.674161e-03	5.167897e+00	-5.33160e+00	
319	2.684161e-03	5.168063e+00	-5.49388e+00	
320	2.694161e-03	5.167897e+00	-5.63449e+00	
321	2.704161e-03	5.168062e+00	-5.75285e+00	
322	2.714161e-03	5.167897e+00	-5.84852e+00	
323	2.724161e-03	5.168063e+00	-5.92110e+00	
324	2.734161e-03	5.167897e+00	-5.97031e+00	
325	2.744161e-03	5.168063e+00	-5.99596e+00	
326	2.754161e-03	5.167896e+00	-5.99795e+00	
327	2.764161e-03	5.168063e+00	-5.97627e+00	
328	2.774161e-03	5.167896e+00	-5.93100e+00	
329	2.784161e-03	5.168063e+00	-5.86232e+00	
330	2.794161e-03	5.167895e+00	-5.77051e+00	
331	2.804161e-03	5.168063e+00	-5.65593e+00	
332	2.814161e-03	5.167895e+00	-5.51902e+00	
333	2.824161e-03	5.168063e+00	-5.36033e+00	
334	2.834161e-03	5.167895e+00	-5.18049e+00	
335	2.844161e-03	5.168063e+00	-4.98020e+00	
336	2.854161e-03	5.167895e+00	-4.76026e+00	
337	2.864161e-03	5.168063e+00	-4.52153e+00	
338	2.874161e-03	5.167895e+00	-4.26496e+00	
339	2.884161e-03	5.168064e+00	-3.99156e+00	
340	2.894161e-03	5.167895e+00	-3.70240e+00	
341	2.904161e-03	5.168064e+00	-3.39863e+00	
342	2.914161e-03	5.167894e+00	-3.08145e+00	
343	2.924161e-03	5.168064e+00	-2.75210e+00	
344	2.934161e-03	5.167894e+00	-2.41190e+00	

Index   time            v(3)            v(1)            
--------------------------------------------------------------------------------
345	2.944161e-03	5.168064e+00	-2.06218e+00	
346	2.954161e-03	5.167894e+00	-1.70431e+00	
347	2.964161e-03	5.168064e+00	-1.33973e+00	
348	2.974161e-03	5.167894e+00	-9.69852e-01	
349	2.984161e-03	5.168064e+00	-5.96149e-01	
350	2.994161e-03	5.167894e+00	-2.20094e-01	
351	3.004161e-03	5.168064e+00	1.568297e-01	
352	3.014161e-03	5.167894e+00	5.331346e-01	
353	3.024161e-03	5.168064e+00	9.073355e-01	
354	3.034161e-03	5.167894e+00	1.277956e+00	
355	3.044161e-03	5.168064e+00	1.643532e+00	
356	3.054161e-03	5.167894e+00	2.002622e+00	
357	3.064161e-03	5.168065e+00	2.353809e+00	
358	3.074161e-03	5.167894e+00	2.695707e+00	
359	3.084161e-03	5.168065e+00	3.026965e+00	
360	3.094161e-03	5.167894e+00	3.346278e+00	
361	3.104161e-03	5.168065e+00	3.652384e+00	
362	3.114161e-03	5.167892e+00	3.944077e+00	
363	3.116997e-03	5.168064e+00	4.024037e+00	
364	3.118441e-03	5.167892e+00	4.064241e+00	
365	3.119522e-03	5.168064e+00	4.094140e+00	
366	3.120231e-03	5.167892e+00	4.113614e+00	
367	3.120983e-03	5.168064e+00	4.134228e+00	
368	3.122142e-03	5.167830e+00	4.165780e+00	
369	3.123237e-03	5.167901e+00	4.195373e+00	
370	3.124071e-03	5.167588e+00	4.217791e+00	
371	3.124524e-03	5.167614e+00	4.229924e+00	
372	3.124868e-03	5.167189e+00	4.239129e+00	
373	3.125141e-03	5.166749e+00	4.246397e+00	
374	3.125460e-03	5.165383e+00	4.254895e+00	
375	3.125654e-03	5.164792e+00	4.260034e+00	
376	3.125897e-03	5.163658e+00	4.266496e+00	
377	3.126305e-03	5.162191e+00	4.277284e+00	
378	3.126697e-03	5.160402e+00	4.287634e+00	
379	3.127481e-03	5.157261e+00	4.308255e+00	
380	3.128208e-03	5.153861e+00	4.327289e+00	
381	3.129662e-03	5.147236e+00	4.365085e+00	
382	3.131196e-03	5.139137e+00	4.404542e+00	
383	3.133895e-03	5.123281e+00	4.472997e+00	
384	3.137100e-03	5.098275e+00	4.552617e+00	
385	3.142173e-03	5.024953e+00	4.674871e+00	
386	3.145038e-03	4.808985e+00	4.741808e+00	
387	3.146556e-03	4.171873e+00	4.776653e+00	
388	3.147326e-03	3.758398e+00	4.794159e+00	
389	3.148028e-03	3.445524e+00	4.810036e+00	
390	3.148587e-03	3.153982e+00	4.822606e+00	
391	3.149097e-03	2.918848e+00	4.834023e+00	
392	3.149687e-03	2.623955e+00	4.847155e+00	
393	3.150366e-03	2.299462e+00	4.862208e+00	
394	3.151336e-03	1.823959e+00	4.883532e+00	
395	3.152826e-03	1.103378e+00	4.915946e+00	
396	3.155452e-03	-1.76303e-01	4.972038e+00	
397	3.160243e-03	-2.50241e+00	5.070871e+00	
398	3.163709e-03	-4.18997e+00	5.139516e+00	
399	3.166172e-03	-4.95444e+00	5.186802e+00	
400	3.167731e-03	-5.01911e+00	5.216090e+00	
401	3.169370e-03	-5.05381e+00	5.246362e+00	
402	3.171894e-03	-5.08745e+00	5.291858e+00	

Index   time            v(3)            v(1)            
--------------------------------------------------------------------------------
403	3.174788e-03	-5.11314e+00	5.342410e+00	
404	3.180578e-03	-5.14807e+00	5.438197e+00	
405	3.185832e-03	-5.16528e+00	5.518913e+00	
406	3.186786e-03	-5.16553e+00	5.532921e+00	
407	3.187912e-03	-5.16550e+00	5.549199e+00	
408	3.189202e-03	-5.16564e+00	5.567513e+00	
409	3.191664e-03	-5.16555e+00	5.601448e+00	
410	3.194679e-03	-5.16563e+00	5.641168e+00	
411	3.198601e-03	-5.16556e+00	5.689816e+00	
412	3.204024e-03	-5.16563e+00	5.751388e+00	
413	3.212287e-03	-5.16556e+00	5.832344e+00	
414	3.222287e-03	-5.16563e+00	5.909273e+00	
415	3.232287e-03	-5.16556e+00	5.962881e+00	
416	3.242287e-03	-5.16563e+00	5.992956e+00	
417	3.252287e-03	-5.16556e+00	5.999380e+00	
418	3.262287e-03	-5.16563e+00	5.982127e+00	
419	3.272287e-03	-5.16556e+00	5.941266e+00	
420	3.282287e-03	-5.16562e+00	5.876956e+00	
421	3.292287e-03	-5.16556e+00	5.789454e+00	
422	3.302287e-03	-5.16562e+00	5.679103e+00	
423	3.312287e-03	-5.16557e+00	5.546339e+00	
424	3.322287e-03	-5.16562e+00	5.391686e+00	
425	3.332287e-03	-5.16557e+00	5.215754e+00	
426	3.342287e-03	-5.16562e+00	5.019239e+00	
427	3.352287e-03	-5.16557e+00	4.802915e+00	
428	3.362287e-03	-5.16562e+00	4.567636e+00	
429	3.372287e-03	-5.16557e+00	4.314330e+00	
430	3.382287e-03	-5.16562e+00	4.043998e+00	
431	3.392287e-03	-5.16557e+00	3.757706e+00	
432	3.402287e-03	-5.16562e+00	3.456584e+00	
433	3.412287e-03	-5.16557e+00	3.141820e+00	
434	3.422287e-03	-5.16562e+00	2.814658e+00	
435	3.432287e-03	-5.16557e+00	2.476387e+00	
436	3.442287e-03	-5.16562e+00	2.128343e+00	
437	3.452287e-03	-5.16557e+00	1.771899e+00	
438	3.462287e-03	-5.16562e+00	1.408462e+00	
439	3.472287e-03	-5.16557e+00	1.039467e+00	
440	3.482287e-03	-5.16562e+00	6.663695e-01	
441	3.492287e-03	-5.16557e+00	2.906422e-01	
442	3.502287e-03	-5.16561e+00	-8.62322e-02	
443	3.512287e-03	-5.16557e+00	-4.62766e-01	
444	3.522287e-03	-5.16561e+00	-8.37474e-01	
445	3.526091e-03	-5.16557e+00	-9.79199e-01	
446	3.527673e-03	-5.16561e+00	-1.03802e+00	
447	3.528662e-03	-5.16558e+00	-1.07470e+00	
448	3.529222e-03	-5.16561e+00	-1.09545e+00	
449	3.529788e-03	-5.16558e+00	-1.11643e+00	
450	3.530481e-03	-5.16560e+00	-1.14211e+00	
451	3.531143e-03	-5.16556e+00	-1.16660e+00	
452	3.532214e-03	-5.16549e+00	-1.20617e+00	
453	3.532914e-03	-5.16540e+00	-1.23201e+00	
454	3.533833e-03	-5.16522e+00	-1.26590e+00	
455	3.534311e-03	-5.16496e+00	-1.28349e+00	
456	3.534648e-03	-5.16433e+00	-1.29592e+00	
457	3.535083e-03	-5.16269e+00	-1.31192e+00	
458	3.535246e-03	-5.16204e+00	-1.31789e+00	
459	3.535518e-03	-5.16095e+00	-1.32790e+00	
460	3.535922e-03	-5.15931e+00	-1.34277e+00	

Index   time            v(3)            v(1)            
--------------------------------------------------------------------------------
461	3.536349e-03	-5.15753e+00	-1.35843e+00	
462	3.536970e-03	-5.15489e+00	-1.38125e+00	
463	3.537747e-03	-5.15144e+00	-1.40972e+00	
464	3.539087e-03	-5.14516e+00	-1.45877e+00	
465	3.540702e-03	-5.13686e+00	-1.51775e+00	
466	3.543217e-03	-5.12193e+00	-1.60929e+00	
467	3.546496e-03	-5.09689e+00	-1.72804e+00	
468	3.551346e-03	-5.02915e+00	-1.90231e+00	
469	3.554589e-03	-4.79099e+00	-2.01785e+00	
470	3.556846e-03	-3.79048e+00	-2.09777e+00	
471	3.557987e-03	-3.22704e+00	-2.13800e+00	
472	3.559021e-03	-2.75608e+00	-2.17438e+00	
473	3.560399e-03	-2.08681e+00	-2.22271e+00	
474	3.561728e-03	-1.46835e+00	-2.26920e+00	
475	3.563750e-03	-4.94963e-01	-2.33956e+00	
476	3.566447e-03	7.809522e-01	-2.43284e+00	
477	3.570839e-03	2.893162e+00	-2.58327e+00	
478	3.574892e-03	4.791871e+00	-2.72033e+00	
479	3.577515e-03	5.017125e+00	-2.80808e+00	
480	3.580344e-03	5.069487e+00	-2.90190e+00	
481	3.583088e-03	5.100098e+00	-2.99200e+00	
482	3.586970e-03	5.128246e+00	-3.11793e+00	
483	3.590865e-03	5.149880e+00	-3.24245e+00	
484	3.593508e-03	5.161022e+00	-3.32584e+00	
485	3.595689e-03	5.167650e+00	-3.39395e+00	
486	3.596392e-03	5.167661e+00	-3.41577e+00	
487	3.597074e-03	5.167912e+00	-3.43689e+00	
488	3.597792e-03	5.167804e+00	-3.45903e+00	
489	3.599227e-03	5.168060e+00	-3.50309e+00	
490	3.601981e-03	5.167891e+00	-3.58685e+00	
491	3.606087e-03	5.168068e+00	-3.70974e+00	
492	3.610675e-03	5.167893e+00	-3.84411e+00	
493	3.616071e-03	5.168068e+00	-3.99806e+00	
494	3.624928e-03	5.167894e+00	-4.24072e+00	
495	3.634928e-03	5.168068e+00	-4.49887e+00	
496	3.644928e-03	5.167891e+00	-4.73926e+00	
497	3.654928e-03	5.168068e+00	-4.96095e+00	
498	3.664928e-03	5.167892e+00	-5.16307e+00	
499	3.674928e-03	5.168068e+00	-5.34480e+00	
500	3.684928e-03	5.167891e+00	-5.50545e+00	
501	3.694928e-03	5.168068e+00	-5.64436e+00	
502	3.704928e-03	5.167891e+00	-5.76100e+00	
503	3.714928e-03	5.168068e+00	-5.85491e+00	
504	3.724928e-03	5.167890e+00	-5.92570e+00	
505	3.734928e-03	5.168068e+00	-5.97311e+00	
506	3.744928e-03	5.167890e+00	-5.99695e+00	
507	3.754928e-03	5.168068e+00	-5.99712e+00	
508	3.764928e-03	5.167890e+00	-5.97363e+00	
509	3.774928e-03	5.168069e+00	-5.92656e+00	
510	3.784928e-03	5.167890e+00	-5.85609e+00	
511	3.794928e-03	5.168069e+00	-5.76252e+00	
512	3.804928e-03	5.167890e+00	-5.64621e+00	
513	3.814928e-03	5.168069e+00	-5.50761e+00	
514	3.824928e-03	5.167890e+00	-5.34727e+00	
515	3.834928e-03	5.168069e+00	-5.16584e+00	
516	3.844928e-03	5.167889e+00	-4.96401e+00	
517	3.854928e-03	5.168069e+00	-4.74260e+00	
518	3.864928e-03	5.167889e+00	-4.50247e+00	

Index   time            v(3)            v(1)            
--------------------------------------------------------------------------------
519	3.874928e-03	5.168069e+00	-4.24457e+00	
520	3.884928e-03	5.167889e+00	-3.96991e+00	
521	3.894928e-03	5.168070e+00	-3.67959e+00	
522	3.904928e-03	5.167889e+00	-3.37475e+00	
523	3.914928e-03	5.168070e+00	-3.05659e+00	
524	3.924928e-03	5.167889e+00	-2.72637e+00	
525	3.934928e-03	5.168070e+00	-2.38539e+00	
526	3.944928e-03	5.167889e+00	-2.03499e+00	
527	3.954928e-03	5.168070e+00	-1.67656e+00	
528	3.964928e-03	5.167889e+00	-1.31152e+00	
529	3.974928e-03	5.168070e+00	-9.41296e-01	
530	3.984928e-03	5.167889e+00	-5.67360e-01	
531	3.994928e-03	5.168070e+00	-1.91186e-01	
532	4.004928e-03	5.167888e+00	1.857433e-01	
533	4.014928e-03	5.168070e+00	5.619394e-01	
534	4.024928e-03	5.167888e+00	9.359177e-01	
535	4.034928e-03	5.168070e+00	1.306202e+00	
536	4.044928e-03	5.167888e+00	1.671332e+00	
537	4.054928e-03	5.168070e+00	2.029866e+00	
538	4.064928e-03	5.167888e+00	2.380388e+00	
539	4.074928e-03	5.168070e+00	2.721517e+00	
540	4.084928e-03	5.167888e+00	3.051905e+00	
541	4.094928e-03	5.168071e+00	3.370248e+00	
542	4.104928e-03	5.167888e+00	3.675291e+00	
543	4.114928e-03	5.168069e+00	3.965829e+00	
544	4.117779e-03	5.167886e+00	4.045850e+00	
545	4.119435e-03	5.168069e+00	4.091738e+00	
546	4.120219e-03	5.167887e+00	4.113305e+00	
547	4.121088e-03	5.168064e+00	4.137096e+00	
548	4.122065e-03	5.167828e+00	4.163676e+00	
549	4.123362e-03	5.167889e+00	4.198756e+00	
550	4.124381e-03	5.167489e+00	4.226097e+00	
551	4.124865e-03	5.167357e+00	4.239044e+00	
552	4.125211e-03	5.166293e+00	4.248249e+00	
553	4.125516e-03	5.165299e+00	4.256377e+00	
554	4.125736e-03	5.164251e+00	4.262214e+00	
555	4.125991e-03	5.163424e+00	4.268970e+00	
556	4.126442e-03	5.161408e+00	4.280911e+00	
557	4.127248e-03	5.158228e+00	4.302133e+00	
558	4.128036e-03	5.154580e+00	4.322803e+00	
559	4.129409e-03	5.148424e+00	4.358538e+00	
560	4.131051e-03	5.139855e+00	4.400840e+00	
561	4.133595e-03	5.125184e+00	4.465459e+00	
562	4.136954e-03	5.099516e+00	4.549038e+00	
563	4.141983e-03	5.029321e+00	4.670371e+00	
564	4.144822e-03	4.856447e+00	4.736810e+00	
565	4.146320e-03	4.281052e+00	4.771267e+00	
566	4.147102e-03	3.862743e+00	4.789085e+00	
567	4.147813e-03	3.544995e+00	4.805185e+00	
568	4.148294e-03	3.292399e+00	4.816022e+00	
569	4.148772e-03	3.071423e+00	4.826755e+00	
570	4.149280e-03	2.817678e+00	4.838092e+00	
571	4.149872e-03	2.534450e+00	4.851263e+00	
572	4.150730e-03	2.114235e+00	4.870221e+00	
573	4.152040e-03	1.480032e+00	4.898905e+00	
574	4.154452e-03	3.053653e-01	4.950839e+00	
575	4.158975e-03	-1.89100e+00	5.045149e+00	
576	4.163227e-03	-3.96019e+00	5.130116e+00	

Index   time            v(3)            v(1)            
--------------------------------------------------------------------------------
577	4.165957e-03	-4.93930e+00	5.182732e+00	
578	4.167757e-03	-5.02031e+00	5.216586e+00	
579	4.169642e-03	-5.05800e+00	5.251324e+00	
580	4.172137e-03	-5.09014e+00	5.296181e+00	
581	4.175079e-03	-5.11645e+00	5.347383e+00	
582	4.179213e-03	-5.14226e+00	5.416260e+00	
583	4.181865e-03	-5.15419e+00	5.458531e+00	
584	4.183575e-03	-5.16152e+00	5.484968e+00	
585	4.184442e-03	-5.16465e+00	5.498138e+00	
586	4.184781e-03	-5.16514e+00	5.503241e+00	
587	4.185262e-03	-5.16521e+00	5.510449e+00	
588	4.185704e-03	-5.16539e+00	5.517019e+00	
589	4.186269e-03	-5.16539e+00	5.525345e+00	
590	4.187397e-03	-5.16557e+00	5.541790e+00	
591	4.189274e-03	-5.16556e+00	5.568525e+00	
592	4.192466e-03	-5.16563e+00	5.612210e+00	
593	4.195594e-03	-5.16556e+00	5.652830e+00	
594	4.201168e-03	-5.16563e+00	5.719787e+00	
595	4.206245e-03	-5.16556e+00	5.774683e+00	
596	4.216245e-03	-5.16563e+00	5.865562e+00	
597	4.226245e-03	-5.16556e+00	5.933293e+00	
598	4.236245e-03	-5.16563e+00	5.977607e+00	
599	4.246245e-03	-5.16556e+00	5.998330e+00	
600	4.256245e-03	-5.16563e+00	5.995381e+00	
601	4.266245e-03	-5.16556e+00	5.968771e+00	
602	4.276245e-03	-5.16563e+00	5.918605e+00	
603	4.286245e-03	-5.16556e+00	5.845081e+00	
604	4.296245e-03	-5.16563e+00	5.748488e+00	
605	4.306245e-03	-5.16556e+00	5.629210e+00	
606	4.316245e-03	-5.16563e+00	5.487715e+00	
607	4.326245e-03	-5.16556e+00	5.324563e+00	
608	4.336245e-03	-5.16563e+00	5.140397e+00	
609	4.346245e-03	-5.16556e+00	4.935944e+00	
610	4.356245e-03	-5.16563e+00	4.712012e+00	
611	4.366245e-03	-5.16556e+00	4.469483e+00	
612	4.376245e-03	-5.16563e+00	4.209315e+00	
613	4.386245e-03	-5.16556e+00	3.932536e+00	
614	4.396245e-03	-5.16563e+00	3.640236e+00	
615	4.406245e-03	-5.16556e+00	3.333569e+00	
616	4.416245e-03	-5.16563e+00	3.013747e+00	
617	4.426245e-03	-5.16556e+00	2.682031e+00	
618	4.436245e-03	-5.16563e+00	2.339730e+00	
619	4.446245e-03	-5.16556e+00	1.988195e+00	
620	4.456245e-03	-5.16563e+00	1.628814e+00	
621	4.466245e-03	-5.16556e+00	1.263005e+00	
622	4.476245e-03	-5.16563e+00	8.922107e-01	
623	4.486245e-03	-5.16556e+00	5.178956e-01	
624	4.496245e-03	-5.16563e+00	1.415367e-01	
625	4.506245e-03	-5.16556e+00	-2.35381e-01	
626	4.516245e-03	-5.16563e+00	-6.11370e-01	
627	4.524385e-03	-5.16556e+00	-9.15702e-01	
628	4.526859e-03	-5.16563e+00	-1.00777e+00	
629	4.528022e-03	-5.16556e+00	-1.05097e+00	
630	4.529343e-03	-5.16563e+00	-1.09994e+00	
631	4.529863e-03	-5.16556e+00	-1.11923e+00	
632	4.530501e-03	-5.16562e+00	-1.14283e+00	
633	4.531299e-03	-5.16553e+00	-1.17234e+00	
634	4.532242e-03	-5.16552e+00	-1.20718e+00	

Index   time            v(3)            v(1)            
--------------------------------------------------------------------------------
635	4.532981e-03	-5.16537e+00	-1.23449e+00	
636	4.533933e-03	-5.16521e+00	-1.26958e+00	
637	4.534376e-03	-5.16487e+00	-1.28589e+00	
638	4.534747e-03	-5.16401e+00	-1.29956e+00	
639	4.535111e-03	-5.16254e+00	-1.31293e+00	
640	4.535350e-03	-5.16165e+00	-1.32172e+00	
641	4.535617e-03	-5.16051e+00	-1.33156e+00	
642	4.536153e-03	-5.15838e+00	-1.35123e+00	
643	4.536773e-03	-5.15570e+00	-1.37399e+00	
644	4.537714e-03	-5.15163e+00	-1.40851e+00	
645	4.538830e-03	-5.14636e+00	-1.44939e+00	
646	4.540511e-03	-5.13792e+00	-1.51080e+00	
647	4.542757e-03	-5.12483e+00	-1.59257e+00	
648	4.546060e-03	-5.10078e+00	-1.71227e+00	
649	4.550525e-03	-5.04561e+00	-1.87292e+00	
650	4.554160e-03	-4.88273e+00	-2.00259e+00	
651	4.556840e-03	-3.78794e+00	-2.09757e+00	
652	4.558441e-03	-3.01491e+00	-2.15401e+00	
653	4.559925e-03	-2.32437e+00	-2.20611e+00	
654	4.562892e-03	-9.03124e-01	-2.30973e+00	
655	4.565601e-03	3.774590e-01	-2.40366e+00	
656	4.571020e-03	2.980233e+00	-2.58941e+00	
657	4.576237e-03	4.965485e+00	-2.76542e+00	
658	4.579810e-03	5.062787e+00	-2.88425e+00	
659	4.582865e-03	5.098767e+00	-2.98469e+00	
660	4.586130e-03	5.124624e+00	-3.09085e+00	
661	4.592662e-03	5.157408e+00	-3.29924e+00	
662	4.596775e-03	5.167873e+00	-3.42764e+00	
663	4.598204e-03	5.167831e+00	-3.47171e+00	
664	4.599314e-03	5.168057e+00	-3.50576e+00	
665	4.600492e-03	5.167896e+00	-3.54169e+00	
666	4.602847e-03	5.168059e+00	-3.61297e+00	
667	4.605117e-03	5.167898e+00	-3.68092e+00	
668	4.609656e-03	5.168062e+00	-3.81455e+00	
669	4.614932e-03	5.167898e+00	-3.96595e+00	
670	4.624366e-03	5.168061e+00	-4.22569e+00	
671	4.634366e-03	5.167898e+00	-4.48481e+00	
672	4.644366e-03	5.168060e+00	-4.72623e+00	
673	4.654366e-03	5.167898e+00	-4.94900e+00	
674	4.664366e-03	5.168059e+00	-5.15224e+00	
675	4.674366e-03	5.167898e+00	-5.33514e+00	
676	4.684366e-03	5.168059e+00	-5.49699e+00	
677	4.694366e-03	5.167898e+00	-5.63714e+00	
678	4.704366e-03	5.168059e+00	-5.75504e+00	
679	4.714366e-03	5.167899e+00	-5.85024e+00	
680	4.724366e-03	5.168059e+00	-5.92234e+00	
681	4.734366e-03	5.167899e+00	-5.97107e+00	
682	4.744366e-03	5.168059e+00	-5.99624e+00	
683	4.754366e-03	5.167899e+00	-5.99774e+00	
684	4.764366e-03	5.168059e+00	-5.97558e+00	
685	4.774366e-03	5.167899e+00	-5.92982e+00	
686	4.784366e-03	5.168059e+00	-5.86067e+00	
687	4.794366e-03	5.167899e+00	-5.76839e+00	
688	4.804366e-03	5.168059e+00	-5.65334e+00	
689	4.814366e-03	5.167899e+00	-5.51598e+00	
690	4.824366e-03	5.168059e+00	-5.35686e+00	
691	4.834366e-03	5.167899e+00	-5.17659e+00	
692	4.844366e-03	5.168059e+00	-4.97589e+00	

Index   time            v(3)            v(1)            
--------------------------------------------------------------------------------
693	4.854366e-03	5.167899e+00	-4.75555e+00	
694	4.864366e-03	5.168058e+00	-4.51645e+00	
695	4.874366e-03	5.167899e+00	-4.25952e+00	
696	4.884366e-03	5.168058e+00	-3.98578e+00	
697	4.894366e-03	5.167899e+00	-3.69631e+00	
698	4.904366e-03	5.168058e+00	-3.39226e+00	
699	4.914366e-03	5.167899e+00	-3.07481e+00	
700	4.924366e-03	5.168058e+00	-2.74523e+00	
701	4.934366e-03	5.167899e+00	-2.40482e+00	
702	4.944366e-03	5.168058e+00	-2.05492e+00	
703	4.954366e-03	5.167900e+00	-1.69690e+00	
704	4.964366e-03	5.168058e+00	-1.33219e+00	
705	4.974366e-03	5.167900e+00	-9.62223e-01	
706	4.984366e-03	5.168058e+00	-5.88457e-01	
707	4.994366e-03	5.167900e+00	-2.12369e-01	
708	5.000000e-03	5.168057e+00	-7.34788e-15	
