
Circuit: schmitt trigger

                                schmitt trigger
                                Transient Analysis  Sun Feb  6 04:54:47  2022
--------------------------------------------------------------------------------
Index   time            v(3)            v(1)            
--------------------------------------------------------------------------------
0	1.006528e-03	5.166775e+00	2.460355e-01	
1	1.016528e-03	5.166813e+00	6.219763e-01	
2	1.026528e-03	5.166775e+00	9.954624e-01	
3	1.036528e-03	5.166814e+00	1.365020e+00	
4	1.046528e-03	5.166774e+00	1.729190e+00	
5	1.056528e-03	5.166814e+00	2.086536e+00	
6	1.066528e-03	5.166774e+00	2.435648e+00	
7	1.069354e-03	5.166815e+00	2.532623e+00	
8	1.070764e-03	5.166772e+00	2.580714e+00	
9	1.071622e-03	5.166818e+00	2.609884e+00	
10	1.072244e-03	5.166769e+00	2.630970e+00	
11	1.072916e-03	5.166807e+00	2.653726e+00	
12	1.073957e-03	5.166684e+00	2.688866e+00	
13	1.074996e-03	5.166621e+00	2.723824e+00	
14	1.076060e-03	5.166282e+00	2.759499e+00	
15	1.076484e-03	5.165887e+00	2.773655e+00	
16	1.076828e-03	5.164679e+00	2.785167e+00	
17	1.077028e-03	5.163933e+00	2.791842e+00	
18	1.077281e-03	5.162874e+00	2.800271e+00	
19	1.077662e-03	5.161387e+00	2.812976e+00	
20	1.078185e-03	5.159166e+00	2.830359e+00	
21	1.078960e-03	5.155909e+00	2.856107e+00	
22	1.079902e-03	5.151626e+00	2.887282e+00	
23	1.081223e-03	5.145383e+00	2.930834e+00	
24	1.083003e-03	5.135941e+00	2.989195e+00	
25	1.085584e-03	5.120113e+00	3.073175e+00	
26	1.089089e-03	5.091461e+00	3.185901e+00	
27	1.094159e-03	5.004336e+00	3.346234e+00	
28	1.097111e-03	4.504911e+00	3.438021e+00	
29	1.099151e-03	3.545506e+00	3.500782e+00	
30	1.100413e-03	2.916799e+00	3.539309e+00	
31	1.101610e-03	2.355202e+00	3.575635e+00	
32	1.103420e-03	1.467913e+00	3.630183e+00	
33	1.105181e-03	6.295572e-01	3.682825e+00	
34	1.108231e-03	-8.54119e-01	3.772913e+00	
35	1.112231e-03	-2.77607e+00	3.888971e+00	
36	1.117237e-03	-4.92459e+00	4.030737e+00	
37	1.119995e-03	-5.03860e+00	4.107153e+00	
38	1.123014e-03	-5.08348e+00	4.189375e+00	
39	1.125788e-03	-5.10948e+00	4.263599e+00	
40	1.131336e-03	-5.14412e+00	4.408139e+00	
41	1.135267e-03	-5.16239e+00	4.507327e+00	
42	1.137259e-03	-5.16648e+00	4.556523e+00	
43	1.137986e-03	-5.16667e+00	4.574321e+00	
44	1.138630e-03	-5.16662e+00	4.589994e+00	
45	1.139376e-03	-5.16680e+00	4.608044e+00	
46	1.140867e-03	-5.16673e+00	4.643841e+00	
47	1.143849e-03	-5.16686e+00	4.714209e+00	
48	1.147891e-03	-5.16673e+00	4.806934e+00	
49	1.151603e-03	-5.16686e+00	4.889384e+00	
50	1.157754e-03	-5.16673e+00	5.020104e+00	
51	1.166596e-03	-5.16686e+00	5.194811e+00	
52	1.176596e-03	-5.16673e+00	5.373077e+00	
53	1.186596e-03	-5.16686e+00	5.530139e+00	
54	1.196596e-03	-5.16673e+00	5.665376e+00	

Index   time            v(3)            v(1)            
--------------------------------------------------------------------------------
55	1.206596e-03	-5.16686e+00	5.778254e+00	
56	1.216596e-03	-5.16673e+00	5.868327e+00	
57	1.226596e-03	-5.16686e+00	5.935242e+00	
58	1.236596e-03	-5.16673e+00	5.978732e+00	
59	1.246596e-03	-5.16686e+00	5.998627e+00	
60	1.256596e-03	-5.16673e+00	5.994849e+00	
61	1.266596e-03	-5.16686e+00	5.967411e+00	
62	1.276596e-03	-5.16673e+00	5.916423e+00	
63	1.286596e-03	-5.16686e+00	5.842085e+00	
64	1.296596e-03	-5.16673e+00	5.744692e+00	
65	1.306596e-03	-5.16686e+00	5.624626e+00	
66	1.316596e-03	-5.16673e+00	5.482363e+00	
67	1.326596e-03	-5.16686e+00	5.318464e+00	
68	1.336596e-03	-5.16673e+00	5.133575e+00	
69	1.346596e-03	-5.16686e+00	4.928426e+00	
70	1.356596e-03	-5.16673e+00	4.703826e+00	
71	1.366596e-03	-5.16686e+00	4.460663e+00	
72	1.376596e-03	-5.16673e+00	4.199896e+00	
73	1.386596e-03	-5.16686e+00	3.922554e+00	
74	1.396596e-03	-5.16673e+00	3.629731e+00	
75	1.406596e-03	-5.16686e+00	3.322583e+00	
76	1.416596e-03	-5.16673e+00	3.002323e+00	
77	1.426596e-03	-5.16686e+00	2.670213e+00	
78	1.436596e-03	-5.16673e+00	2.327566e+00	
79	1.446596e-03	-5.16686e+00	1.975733e+00	
80	1.456596e-03	-5.16673e+00	1.616102e+00	
81	1.466596e-03	-5.16686e+00	1.250094e+00	
82	1.476596e-03	-5.16673e+00	8.791515e-01	
83	1.486596e-03	-5.16686e+00	5.047398e-01	
84	1.496596e-03	-5.16673e+00	1.283361e-01	
85	1.506596e-03	-5.16686e+00	-2.48574e-01	
86	1.516596e-03	-5.16673e+00	-6.24503e-01	
87	1.526596e-03	-5.16686e+00	-9.97968e-01	
88	1.536596e-03	-5.16673e+00	-1.36749e+00	
89	1.546596e-03	-5.16686e+00	-1.73162e+00	
90	1.556596e-03	-5.16673e+00	-2.08892e+00	
91	1.566596e-03	-5.16686e+00	-2.43797e+00	
92	1.569423e-03	-5.16673e+00	-2.53496e+00	
93	1.570836e-03	-5.16686e+00	-2.58317e+00	
94	1.571679e-03	-5.16673e+00	-2.61179e+00	
95	1.572294e-03	-5.16686e+00	-2.63265e+00	
96	1.572958e-03	-5.16672e+00	-2.65514e+00	
97	1.574027e-03	-5.16677e+00	-2.69122e+00	
98	1.575087e-03	-5.16653e+00	-2.72685e+00	
99	1.576232e-03	-5.16632e+00	-2.76526e+00	
100	1.576718e-03	-5.16538e+00	-2.78150e+00	
101	1.577336e-03	-5.16319e+00	-2.80212e+00	
102	1.577521e-03	-5.16232e+00	-2.80827e+00	
103	1.577817e-03	-5.16129e+00	-2.81812e+00	
104	1.578244e-03	-5.15943e+00	-2.83234e+00	
105	1.578649e-03	-5.15790e+00	-2.84579e+00	
106	1.579458e-03	-5.15433e+00	-2.87262e+00	
107	1.580321e-03	-5.15066e+00	-2.90112e+00	
108	1.582046e-03	-5.14228e+00	-2.95787e+00	
109	1.583872e-03	-5.13272e+00	-3.01757e+00	
110	1.587020e-03	-5.11232e+00	-3.11954e+00	
111	1.590841e-03	-5.07796e+00	-3.24170e+00	
112	1.596807e-03	-4.85335e+00	-3.42862e+00	

Index   time            v(3)            v(1)            
--------------------------------------------------------------------------------
113	1.599273e-03	-3.84038e+00	-3.50451e+00	
114	1.600594e-03	-3.17943e+00	-3.54479e+00	
115	1.601796e-03	-2.64717e+00	-3.58126e+00	
116	1.603109e-03	-2.00054e+00	-3.62085e+00	
117	1.604393e-03	-1.41838e+00	-3.65933e+00	
118	1.606038e-03	-6.20804e-01	-3.70828e+00	
119	1.608056e-03	3.165629e-01	-3.76779e+00	
120	1.610909e-03	1.686804e+00	-3.85089e+00	
121	1.614245e-03	3.259365e+00	-3.94647e+00	
122	1.616308e-03	4.257529e+00	-4.00471e+00	
123	1.617440e-03	4.753057e+00	-4.03641e+00	
124	1.618402e-03	4.936354e+00	-4.06315e+00	
125	1.619219e-03	4.982623e+00	-4.08577e+00	
126	1.620030e-03	5.012465e+00	-4.10812e+00	
127	1.620830e-03	5.032284e+00	-4.13004e+00	
128	1.622429e-03	5.062391e+00	-4.17356e+00	
129	1.624174e-03	5.084656e+00	-4.22056e+00	
130	1.627075e-03	5.111408e+00	-4.29759e+00	
131	1.632593e-03	5.144427e+00	-4.44013e+00	
132	1.636392e-03	5.161771e+00	-4.53520e+00	
133	1.638093e-03	5.166318e+00	-4.57693e+00	
134	1.638811e-03	5.166586e+00	-4.59437e+00	
135	1.639397e-03	5.166590e+00	-4.60855e+00	
136	1.640043e-03	5.166721e+00	-4.62412e+00	
137	1.641336e-03	5.166739e+00	-4.65503e+00	
138	1.643922e-03	5.166826e+00	-4.71592e+00	
139	1.648245e-03	5.166763e+00	-4.81492e+00	
140	1.653431e-03	5.166827e+00	-4.92900e+00	
141	1.658902e-03	5.166764e+00	-5.04366e+00	
142	1.667136e-03	5.166827e+00	-5.20498e+00	
143	1.677136e-03	5.166764e+00	-5.38212e+00	
144	1.687136e-03	5.166826e+00	-5.53801e+00	
145	1.697136e-03	5.166763e+00	-5.67206e+00	
146	1.707136e-03	5.166826e+00	-5.78371e+00	
147	1.717136e-03	5.166765e+00	-5.87254e+00	
148	1.727136e-03	5.166826e+00	-5.93819e+00	
149	1.737136e-03	5.166765e+00	-5.98041e+00	
150	1.747136e-03	5.166826e+00	-5.99903e+00	
151	1.757136e-03	5.166764e+00	-5.99397e+00	
152	1.767136e-03	5.166825e+00	-5.96526e+00	
153	1.777136e-03	5.166764e+00	-5.91300e+00	
154	1.787136e-03	5.166824e+00	-5.83741e+00	
155	1.797136e-03	5.166764e+00	-5.73878e+00	
156	1.807136e-03	5.166824e+00	-5.61750e+00	
157	1.817136e-03	5.166764e+00	-5.47405e+00	
158	1.827136e-03	5.166824e+00	-5.30900e+00	
159	1.837136e-03	5.166764e+00	-5.12299e+00	
160	1.847136e-03	5.166824e+00	-4.91677e+00	
161	1.857136e-03	5.166764e+00	-4.69114e+00	
162	1.867136e-03	5.166824e+00	-4.44700e+00	
163	1.877136e-03	5.166764e+00	-4.18531e+00	
164	1.887136e-03	5.166823e+00	-3.90711e+00	
165	1.897136e-03	5.166765e+00	-3.61348e+00	
166	1.907136e-03	5.166823e+00	-3.30559e+00	
167	1.917136e-03	5.166765e+00	-2.98466e+00	
168	1.927136e-03	5.166823e+00	-2.65194e+00	
169	1.937136e-03	5.166765e+00	-2.30876e+00	
170	1.947136e-03	5.166823e+00	-1.95647e+00	

Index   time            v(3)            v(1)            
--------------------------------------------------------------------------------
171	1.957136e-03	5.166765e+00	-1.59646e+00	
172	1.967136e-03	5.166823e+00	-1.23015e+00	
173	1.977136e-03	5.166765e+00	-8.58983e-01	
174	1.987136e-03	5.166823e+00	-4.84425e-01	
175	1.997136e-03	5.166765e+00	-1.07956e-01	
176	2.007136e-03	5.166823e+00	2.689390e-01	
177	2.017136e-03	5.166765e+00	6.447727e-01	
178	2.027136e-03	5.166823e+00	1.018062e+00	
179	2.037136e-03	5.166766e+00	1.387333e+00	
180	2.047136e-03	5.166822e+00	1.751129e+00	
181	2.057136e-03	5.166766e+00	2.108015e+00	
182	2.067136e-03	5.166822e+00	2.456581e+00	
183	2.069971e-03	5.166766e+00	2.553702e+00	
184	2.071631e-03	5.166822e+00	2.610186e+00	
185	2.072326e-03	5.166767e+00	2.633743e+00	
186	2.073214e-03	5.166790e+00	2.663787e+00	
187	2.074029e-03	5.166677e+00	2.691272e+00	
188	2.075045e-03	5.166611e+00	2.725445e+00	
189	2.075992e-03	5.166312e+00	2.757209e+00	
190	2.076606e-03	5.165492e+00	2.777742e+00	
191	2.077191e-03	5.163200e+00	2.797281e+00	
192	2.077448e-03	5.162195e+00	2.805855e+00	
193	2.077698e-03	5.161135e+00	2.814166e+00	
194	2.078197e-03	5.159118e+00	2.830767e+00	
195	2.079195e-03	5.154761e+00	2.863885e+00	
196	2.080152e-03	5.150474e+00	2.895528e+00	
197	2.081752e-03	5.142579e+00	2.948216e+00	
198	2.083789e-03	5.131423e+00	3.014876e+00	
199	2.086910e-03	5.110317e+00	3.116007e+00	
200	2.091178e-03	5.067887e+00	3.252364e+00	
201	2.095293e-03	4.951135e+00	3.381632e+00	
202	2.097818e-03	4.179679e+00	3.459834e+00	
203	2.099350e-03	3.426192e+00	3.506846e+00	
204	2.100732e-03	2.770844e+00	3.549001e+00	
205	2.103042e-03	1.644964e+00	3.618852e+00	
206	2.105368e-03	5.317411e-01	3.688388e+00	
207	2.110003e-03	-1.71580e+00	3.824639e+00	
208	2.115358e-03	-4.29400e+00	3.977998e+00	
209	2.118114e-03	-4.98259e+00	4.055166e+00	
210	2.120454e-03	-5.04723e+00	4.119753e+00	
211	2.122797e-03	-5.08132e+00	4.183521e+00	
212	2.125709e-03	-5.10878e+00	4.261505e+00	
213	2.130699e-03	-5.14098e+00	4.391818e+00	
214	2.133194e-03	-5.15323e+00	4.455359e+00	
215	2.135370e-03	-5.16253e+00	4.509881e+00	
216	2.136376e-03	-5.16600e+00	4.534806e+00	
217	2.136757e-03	-5.16640e+00	4.544197e+00	
218	2.137191e-03	-5.16644e+00	4.554863e+00	
219	2.137669e-03	-5.16661e+00	4.566560e+00	
220	2.138334e-03	-5.16662e+00	4.582792e+00	
221	2.139641e-03	-5.16680e+00	4.614443e+00	
222	2.141629e-03	-5.16676e+00	4.661973e+00	
223	2.144395e-03	-5.16683e+00	4.726921e+00	
224	2.147149e-03	-5.16676e+00	4.790147e+00	
225	2.152656e-03	-5.16683e+00	4.912278e+00	
226	2.157885e-03	-5.16676e+00	5.022793e+00	
227	2.167885e-03	-5.16683e+00	5.218960e+00	
228	2.177885e-03	-5.16676e+00	5.394531e+00	

Index   time            v(3)            v(1)            
--------------------------------------------------------------------------------
229	2.187885e-03	-5.16683e+00	5.548811e+00	
230	2.197885e-03	-5.16676e+00	5.681194e+00	
231	2.207885e-03	-5.16683e+00	5.791155e+00	
232	2.217885e-03	-5.16676e+00	5.878261e+00	
233	2.227885e-03	-5.16683e+00	5.942168e+00	
234	2.237885e-03	-5.16676e+00	5.982625e+00	
235	2.247885e-03	-5.16683e+00	5.999470e+00	
236	2.257885e-03	-5.16676e+00	5.992639e+00	
237	2.267885e-03	-5.16683e+00	5.962157e+00	
238	2.277885e-03	-5.16676e+00	5.908145e+00	
239	2.287885e-03	-5.16683e+00	5.830817e+00	
240	2.297885e-03	-5.16676e+00	5.730477e+00	
241	2.307885e-03	-5.16683e+00	5.607521e+00	
242	2.317885e-03	-5.16676e+00	5.462435e+00	
243	2.327885e-03	-5.16683e+00	5.295791e+00	
244	2.337885e-03	-5.16676e+00	5.108248e+00	
245	2.347885e-03	-5.16683e+00	4.900544e+00	
246	2.357885e-03	-5.16676e+00	4.673500e+00	
247	2.367885e-03	-5.16683e+00	4.428012e+00	
248	2.377885e-03	-5.16676e+00	4.165049e+00	
249	2.387885e-03	-5.16683e+00	3.885648e+00	
250	2.397885e-03	-5.16676e+00	3.590912e+00	
251	2.407885e-03	-5.16683e+00	3.282005e+00	
252	2.417885e-03	-5.16676e+00	2.960145e+00	
253	2.427885e-03	-5.16683e+00	2.626602e+00	
254	2.437885e-03	-5.16676e+00	2.282694e+00	
255	2.447885e-03	-5.16683e+00	1.929777e+00	
256	2.457885e-03	-5.16676e+00	1.569244e+00	
257	2.467885e-03	-5.16683e+00	1.202517e+00	
258	2.477885e-03	-5.16676e+00	8.310455e-01	
259	2.487885e-03	-5.16683e+00	4.562938e-01	
260	2.497885e-03	-5.16676e+00	7.974131e-02	
261	2.507885e-03	-5.16683e+00	-2.97126e-01	
262	2.517885e-03	-5.16676e+00	-6.72820e-01	
263	2.527885e-03	-5.16683e+00	-1.04586e+00	
264	2.537885e-03	-5.16676e+00	-1.41477e+00	
265	2.547885e-03	-5.16683e+00	-1.77810e+00	
266	2.557885e-03	-5.16676e+00	-2.13441e+00	
267	2.566505e-03	-5.16683e+00	-2.43487e+00	
268	2.569074e-03	-5.16676e+00	-2.52305e+00	
269	2.570322e-03	-5.16683e+00	-2.56565e+00	
270	2.571372e-03	-5.16676e+00	-2.60139e+00	
271	2.571943e-03	-5.16683e+00	-2.62076e+00	
272	2.572584e-03	-5.16676e+00	-2.64247e+00	
273	2.573487e-03	-5.16678e+00	-2.67302e+00	
274	2.574418e-03	-5.16664e+00	-2.70438e+00	
275	2.575258e-03	-5.16660e+00	-2.73262e+00	
276	2.576286e-03	-5.16619e+00	-2.76704e+00	
277	2.576782e-03	-5.16530e+00	-2.78363e+00	
278	2.577300e-03	-5.16326e+00	-2.80092e+00	
279	2.577539e-03	-5.16239e+00	-2.80889e+00	
280	2.577804e-03	-5.16127e+00	-2.81769e+00	
281	2.578222e-03	-5.15966e+00	-2.83161e+00	
282	2.578820e-03	-5.15712e+00	-2.85147e+00	
283	2.579401e-03	-5.15473e+00	-2.87072e+00	
284	2.580563e-03	-5.14948e+00	-2.90910e+00	
285	2.581770e-03	-5.14382e+00	-2.94882e+00	
286	2.584184e-03	-5.13085e+00	-3.02774e+00	

Index   time            v(3)            v(1)            
--------------------------------------------------------------------------------
287	2.586715e-03	-5.11473e+00	-3.10971e+00	
288	2.591245e-03	-5.07208e+00	-3.25450e+00	
289	2.596536e-03	-4.89995e+00	-3.42024e+00	
290	2.599499e-03	-3.72465e+00	-3.51140e+00	
291	2.601662e-03	-2.69423e+00	-3.57720e+00	
292	2.603686e-03	-1.75173e+00	-3.63818e+00	
293	2.607222e-03	-7.00049e-02	-3.74326e+00	
294	2.611463e-03	1.932418e+00	-3.86689e+00	
295	2.616543e-03	4.363161e+00	-4.01133e+00	
296	2.619261e-03	4.984732e+00	-4.08692e+00	
297	2.621957e-03	5.054297e+00	-4.16075e+00	
298	2.624648e-03	5.089108e+00	-4.23324e+00	
299	2.627717e-03	5.116518e+00	-4.31445e+00	
300	2.632450e-03	5.145222e+00	-4.43651e+00	
301	2.638592e-03	5.166473e+00	-4.58907e+00	
302	2.640600e-03	5.166734e+00	-4.63747e+00	
303	2.642528e-03	5.166784e+00	-4.68325e+00	
304	2.644544e-03	5.166802e+00	-4.73038e+00	
305	2.648576e-03	5.166786e+00	-4.82236e+00	
306	2.653374e-03	5.166802e+00	-4.92776e+00	
307	2.658961e-03	5.166787e+00	-5.04488e+00	
308	2.667527e-03	5.166802e+00	-5.21230e+00	
309	2.677527e-03	5.166787e+00	-5.38862e+00	
310	2.687527e-03	5.166801e+00	-5.54367e+00	
311	2.697527e-03	5.166787e+00	-5.67684e+00	
312	2.707527e-03	5.166801e+00	-5.78761e+00	
313	2.717527e-03	5.166787e+00	-5.87554e+00	
314	2.727527e-03	5.166801e+00	-5.94029e+00	
315	2.737527e-03	5.166787e+00	-5.98158e+00	
316	2.747527e-03	5.166800e+00	-5.99928e+00	
317	2.757527e-03	5.166788e+00	-5.99329e+00	
318	2.767527e-03	5.166800e+00	-5.96365e+00	
319	2.777527e-03	5.166788e+00	-5.91048e+00	
320	2.787527e-03	5.166800e+00	-5.83398e+00	
321	2.797527e-03	5.166788e+00	-5.73446e+00	
322	2.807527e-03	5.166800e+00	-5.61230e+00	
323	2.817527e-03	5.166788e+00	-5.46800e+00	
324	2.827527e-03	5.166800e+00	-5.30212e+00	
325	2.837527e-03	5.166788e+00	-5.11531e+00	
326	2.847527e-03	5.166799e+00	-4.90831e+00	
327	2.857527e-03	5.166788e+00	-4.68194e+00	
328	2.867527e-03	5.166799e+00	-4.43710e+00	
329	2.877527e-03	5.166789e+00	-4.17474e+00	
330	2.887527e-03	5.166799e+00	-3.89591e+00	
331	2.897527e-03	5.166789e+00	-3.60170e+00	
332	2.907527e-03	5.166799e+00	-3.29328e+00	
333	2.917527e-03	5.166789e+00	-2.97186e+00	
334	2.927527e-03	5.166799e+00	-2.63872e+00	
335	2.937527e-03	5.166789e+00	-2.29516e+00	
336	2.947527e-03	5.166799e+00	-1.94254e+00	
337	2.957527e-03	5.166789e+00	-1.58225e+00	
338	2.967527e-03	5.166799e+00	-1.21572e+00	
339	2.977527e-03	5.166789e+00	-8.44395e-01	
340	2.987527e-03	5.166798e+00	-4.69735e-01	
341	2.997527e-03	5.166789e+00	-9.32212e-02	
342	3.007527e-03	5.166798e+00	2.836604e-01	
343	3.017527e-03	5.166790e+00	6.594225e-01	
344	3.027527e-03	5.166798e+00	1.032582e+00	

Index   time            v(3)            v(1)            
--------------------------------------------------------------------------------
345	3.037527e-03	5.166790e+00	1.401667e+00	
346	3.047527e-03	5.166798e+00	1.765219e+00	
347	3.057527e-03	5.166790e+00	2.121806e+00	
348	3.067527e-03	5.166798e+00	2.470018e+00	
349	3.070374e-03	5.166790e+00	2.567418e+00	
350	3.073056e-03	5.166780e+00	2.658453e+00	
351	3.073766e-03	5.166728e+00	2.682428e+00	
352	3.074870e-03	5.166624e+00	2.719567e+00	
353	3.075604e-03	5.166485e+00	2.744223e+00	
354	3.076392e-03	5.166086e+00	2.770599e+00	
355	3.076769e-03	5.165090e+00	2.783208e+00	
356	3.077130e-03	5.163683e+00	2.795254e+00	
357	3.077424e-03	5.162497e+00	2.805059e+00	
358	3.077706e-03	5.161364e+00	2.814442e+00	
359	3.078269e-03	5.159020e+00	2.833183e+00	
360	3.078864e-03	5.156493e+00	2.852922e+00	
361	3.080053e-03	5.151160e+00	2.892279e+00	
362	3.081371e-03	5.144834e+00	2.935718e+00	
363	3.083763e-03	5.131874e+00	3.014023e+00	
364	3.086661e-03	5.112698e+00	3.107973e+00	
365	3.091311e-03	5.065161e+00	3.256590e+00	
366	3.095385e-03	4.949183e+00	3.384483e+00	
367	3.098222e-03	4.010653e+00	3.472261e+00	
368	3.100262e-03	3.014450e+00	3.534705e+00	
369	3.102203e-03	2.087493e+00	3.593559e+00	
370	3.104863e-03	7.939769e-01	3.673372e+00	
371	3.108814e-03	-1.10530e+00	3.789977e+00	
372	3.114368e-03	-3.79622e+00	3.949974e+00	
373	3.117660e-03	-4.95329e+00	4.042531e+00	
374	3.121011e-03	-5.05697e+00	4.134995e+00	
375	3.123618e-03	-5.08912e+00	4.205629e+00	
376	3.126450e-03	-5.11493e+00	4.281119e+00	
377	3.131164e-03	-5.14299e+00	4.403739e+00	
378	3.134601e-03	-5.15927e+00	4.490694e+00	
379	3.136970e-03	-5.16629e+00	4.549428e+00	
380	3.137569e-03	-5.16664e+00	4.564119e+00	
381	3.138231e-03	-5.16655e+00	4.580289e+00	
382	3.138987e-03	-5.16678e+00	4.598644e+00	
383	3.140499e-03	-5.16672e+00	4.635042e+00	
384	3.143173e-03	-5.16687e+00	4.698401e+00	
385	3.146162e-03	-5.16672e+00	4.767659e+00	
386	3.149455e-03	-5.16687e+00	4.841998e+00	
387	3.154905e-03	-5.16672e+00	4.960469e+00	
388	3.162403e-03	-5.16687e+00	5.113927e+00	
389	3.172403e-03	-5.16672e+00	5.300879e+00	
390	3.182403e-03	-5.16687e+00	5.466912e+00	
391	3.192403e-03	-5.16672e+00	5.611369e+00	
392	3.202403e-03	-5.16687e+00	5.733680e+00	
393	3.212403e-03	-5.16672e+00	5.833364e+00	
394	3.222403e-03	-5.16687e+00	5.910025e+00	
395	3.232403e-03	-5.16672e+00	5.963363e+00	
396	3.242403e-03	-5.16687e+00	5.993166e+00	
397	3.252403e-03	-5.16672e+00	5.999316e+00	
398	3.262403e-03	-5.16687e+00	5.981790e+00	
399	3.272403e-03	-5.16672e+00	5.940657e+00	
400	3.282403e-03	-5.16687e+00	5.876078e+00	
401	3.292403e-03	-5.16672e+00	5.788310e+00	
402	3.302403e-03	-5.16687e+00	5.677697e+00	

Index   time            v(3)            v(1)            
--------------------------------------------------------------------------------
403	3.312403e-03	-5.16672e+00	5.544677e+00	
404	3.322403e-03	-5.16687e+00	5.389775e+00	
405	3.332403e-03	-5.16673e+00	5.213602e+00	
406	3.342403e-03	-5.16686e+00	5.016854e+00	
407	3.352403e-03	-5.16673e+00	4.800306e+00	
408	3.362403e-03	-5.16686e+00	4.564813e+00	
409	3.372403e-03	-5.16673e+00	4.311305e+00	
410	3.382403e-03	-5.16686e+00	4.040783e+00	
411	3.392403e-03	-5.16673e+00	3.754313e+00	
412	3.402403e-03	-5.16686e+00	3.453027e+00	
413	3.412403e-03	-5.16673e+00	3.138113e+00	
414	3.422403e-03	-5.16686e+00	2.810814e+00	
415	3.432403e-03	-5.16673e+00	2.472423e+00	
416	3.442403e-03	-5.16686e+00	2.124274e+00	
417	3.452403e-03	-5.16673e+00	1.767741e+00	
418	3.462403e-03	-5.16686e+00	1.404232e+00	
419	3.472403e-03	-5.16673e+00	1.035181e+00	
420	3.482403e-03	-5.16686e+00	6.620452e-01	
421	3.492403e-03	-5.16673e+00	2.862961e-01	
422	3.502403e-03	-5.16686e+00	-9.05828e-02	
423	3.512403e-03	-5.16673e+00	-4.67104e-01	
424	3.522403e-03	-5.16686e+00	-8.41782e-01	
425	3.532403e-03	-5.16673e+00	-1.21314e+00	
426	3.542403e-03	-5.16686e+00	-1.57971e+00	
427	3.552403e-03	-5.16673e+00	-1.94004e+00	
428	3.562403e-03	-5.16686e+00	-2.29272e+00	
429	3.566208e-03	-5.16673e+00	-2.42460e+00	
430	3.568647e-03	-5.16686e+00	-2.50842e+00	
431	3.569825e-03	-5.16673e+00	-2.54869e+00	
432	3.571003e-03	-5.16686e+00	-2.58883e+00	
433	3.571554e-03	-5.16673e+00	-2.60757e+00	
434	3.572113e-03	-5.16686e+00	-2.62651e+00	
435	3.572888e-03	-5.16672e+00	-2.65275e+00	
436	3.573685e-03	-5.16680e+00	-2.67969e+00	
437	3.574851e-03	-5.16656e+00	-2.71893e+00	
438	3.575764e-03	-5.16652e+00	-2.74957e+00	
439	3.576304e-03	-5.16616e+00	-2.76766e+00	
440	3.576675e-03	-5.16569e+00	-2.78005e+00	
441	3.577157e-03	-5.16382e+00	-2.79613e+00	
442	3.577335e-03	-5.16322e+00	-2.80207e+00	
443	3.577606e-03	-5.16205e+00	-2.81111e+00	
444	3.577921e-03	-5.16091e+00	-2.82160e+00	
445	3.578247e-03	-5.15948e+00	-2.83242e+00	
446	3.578757e-03	-5.15750e+00	-2.84938e+00	
447	3.579255e-03	-5.15527e+00	-2.86588e+00	
448	3.580250e-03	-5.15103e+00	-2.89878e+00	
449	3.581393e-03	-5.14556e+00	-2.93643e+00	
450	3.583679e-03	-5.13387e+00	-3.01127e+00	
451	3.586017e-03	-5.11943e+00	-3.08717e+00	
452	3.590183e-03	-5.08529e+00	-3.22078e+00	
453	3.595122e-03	-4.99079e+00	-3.37631e+00	
454	3.598114e-03	-4.37477e+00	-3.46894e+00	
455	3.600389e-03	-3.29652e+00	-3.53856e+00	
456	3.602522e-03	-2.30088e+00	-3.60319e+00	
457	3.604719e-03	-1.25669e+00	-3.66907e+00	
458	3.609038e-03	7.803344e-01	-3.79653e+00	
459	3.615125e-03	3.683140e+00	-3.97142e+00	
460	3.618691e-03	4.953365e+00	-4.07116e+00	

Index   time            v(3)            v(1)            
--------------------------------------------------------------------------------
461	3.621839e-03	5.053047e+00	-4.15754e+00	
462	3.624515e-03	5.088637e+00	-4.22970e+00	
463	3.627356e-03	5.113994e+00	-4.30499e+00	
464	3.633038e-03	5.146493e+00	-4.45142e+00	
465	3.639383e-03	5.166655e+00	-4.60821e+00	
466	3.641837e-03	5.166736e+00	-4.66690e+00	
467	3.644136e-03	5.166846e+00	-4.72090e+00	
468	3.646430e-03	5.166741e+00	-4.77378e+00	
469	3.651018e-03	5.166849e+00	-4.87655e+00	
470	3.655502e-03	5.166742e+00	-4.97311e+00	
471	3.663598e-03	5.166850e+00	-5.13735e+00	
472	3.673598e-03	5.166742e+00	-5.32184e+00	
473	3.683598e-03	5.166849e+00	-5.48532e+00	
474	3.693598e-03	5.166740e+00	-5.62716e+00	
475	3.703598e-03	5.166849e+00	-5.74679e+00	
476	3.713598e-03	5.166741e+00	-5.84374e+00	
477	3.723598e-03	5.166850e+00	-5.91763e+00	
478	3.733598e-03	5.166741e+00	-5.96817e+00	
479	3.743598e-03	5.166850e+00	-5.99515e+00	
480	3.753598e-03	5.166740e+00	-5.99847e+00	
481	3.763598e-03	5.166850e+00	-5.97811e+00	
482	3.773598e-03	5.166740e+00	-5.93417e+00	
483	3.783598e-03	5.166850e+00	-5.86680e+00	
484	3.793598e-03	5.166739e+00	-5.77628e+00	
485	3.803598e-03	5.166850e+00	-5.66297e+00	
486	3.813598e-03	5.166739e+00	-5.52731e+00	
487	3.823598e-03	5.166850e+00	-5.36983e+00	
488	3.833598e-03	5.166739e+00	-5.19116e+00	
489	3.843598e-03	5.166850e+00	-4.99200e+00	
490	3.853598e-03	5.166739e+00	-4.77314e+00	
491	3.863598e-03	5.166850e+00	-4.53545e+00	
492	3.873598e-03	5.166739e+00	-4.27985e+00	
493	3.883598e-03	5.166851e+00	-4.00737e+00	
494	3.893598e-03	5.166738e+00	-3.71906e+00	
495	3.903598e-03	5.166851e+00	-3.41609e+00	
496	3.913598e-03	5.166738e+00	-3.09963e+00	
497	3.923598e-03	5.166851e+00	-2.77093e+00	
498	3.933598e-03	5.166738e+00	-2.43130e+00	
499	3.943598e-03	5.166851e+00	-2.08208e+00	
500	3.953598e-03	5.166738e+00	-1.72464e+00	
501	3.963598e-03	5.166851e+00	-1.36039e+00	
502	3.973598e-03	5.166738e+00	-9.90776e-01	
503	3.983598e-03	5.166851e+00	-6.17249e-01	
504	3.993598e-03	5.166738e+00	-2.41287e-01	
505	4.003598e-03	5.166851e+00	1.356274e-01	
506	4.013598e-03	5.166737e+00	5.120066e-01	
507	4.023598e-03	5.166852e+00	8.863652e-01	
508	4.033598e-03	5.166737e+00	1.257226e+00	
509	4.043598e-03	5.166852e+00	1.623124e+00	
510	4.053598e-03	5.166737e+00	1.982618e+00	
511	4.063598e-03	5.166851e+00	2.334286e+00	
512	4.067400e-03	5.166736e+00	2.465663e+00	
513	4.069000e-03	5.166852e+00	2.520503e+00	
514	4.070114e-03	5.166736e+00	2.558574e+00	
515	4.070910e-03	5.166853e+00	2.585682e+00	
516	4.071491e-03	5.166736e+00	2.605432e+00	
517	4.072078e-03	5.166854e+00	2.625333e+00	
518	4.072825e-03	5.166727e+00	2.650643e+00	

Index   time            v(3)            v(1)            
--------------------------------------------------------------------------------
519	4.073734e-03	5.166790e+00	2.681337e+00	
520	4.075057e-03	5.166528e+00	2.725855e+00	
521	4.076055e-03	5.166383e+00	2.759314e+00	
522	4.076752e-03	5.164996e+00	2.782641e+00	
523	4.077392e-03	5.162604e+00	2.803985e+00	
524	4.077744e-03	5.161042e+00	2.815690e+00	
525	4.078086e-03	5.159758e+00	2.827070e+00	
526	4.078770e-03	5.156728e+00	2.849790e+00	
527	4.080138e-03	5.150731e+00	2.895074e+00	
528	4.081529e-03	5.143844e+00	2.940887e+00	
529	4.083995e-03	5.130445e+00	3.021576e+00	
530	4.087270e-03	5.107717e+00	3.127599e+00	
531	4.092576e-03	5.044349e+00	3.296523e+00	
532	4.095700e-03	4.920172e+00	3.394294e+00	
533	4.097709e-03	4.254996e+00	3.456468e+00	
534	4.098813e-03	3.695672e+00	3.490425e+00	
535	4.099827e-03	3.227417e+00	3.521423e+00	
536	4.100926e-03	2.679768e+00	3.554908e+00	
537	4.101942e-03	2.202920e+00	3.585680e+00	
538	4.103356e-03	1.509417e+00	3.628264e+00	
539	4.105105e-03	6.741037e-01	3.680583e+00	
540	4.107799e-03	-6.35044e-01	3.760237e+00	
541	4.111965e-03	-2.63923e+00	3.881323e+00	
542	4.115453e-03	-4.33149e+00	3.980659e+00	
543	4.117843e-03	-4.96635e+00	4.047635e+00	
544	4.119630e-03	-5.02962e+00	4.097116e+00	
545	4.121492e-03	-5.06374e+00	4.148096e+00	
546	4.124250e-03	-5.09597e+00	4.222613e+00	
547	4.127797e-03	-5.12363e+00	4.316550e+00	
548	4.131203e-03	-5.14375e+00	4.404730e+00	
549	4.133958e-03	-5.15648e+00	4.474599e+00	
550	4.135582e-03	-5.16324e+00	4.515143e+00	
551	4.136374e-03	-5.16596e+00	4.534749e+00	
552	4.136709e-03	-5.16634e+00	4.543022e+00	
553	4.137099e-03	-5.16643e+00	4.552607e+00	
554	4.137516e-03	-5.16655e+00	4.562836e+00	
555	4.138118e-03	-5.16662e+00	4.577538e+00	
556	4.139190e-03	-5.16673e+00	4.603548e+00	
557	4.141278e-03	-5.16679e+00	4.653631e+00	
558	4.143491e-03	-5.16680e+00	4.705848e+00	
559	4.147794e-03	-5.16679e+00	4.804758e+00	
560	4.152757e-03	-5.16680e+00	4.914459e+00	
561	4.158548e-03	-5.16679e+00	5.036428e+00	
562	4.167680e-03	-5.16680e+00	5.215151e+00	
563	4.177680e-03	-5.16679e+00	5.391150e+00	
564	4.187680e-03	-5.16680e+00	5.545873e+00	
565	4.197680e-03	-5.16679e+00	5.678708e+00	
566	4.207680e-03	-5.16680e+00	5.789133e+00	
567	4.217680e-03	-5.16679e+00	5.876710e+00	
568	4.227680e-03	-5.16680e+00	5.941095e+00	
569	4.237680e-03	-5.16679e+00	5.982033e+00	
570	4.247680e-03	-5.16680e+00	5.999363e+00	
571	4.257680e-03	-5.16679e+00	5.993015e+00	
572	4.267680e-03	-5.16680e+00	5.963017e+00	
573	4.277680e-03	-5.16679e+00	5.909485e+00	
574	4.287680e-03	-5.16680e+00	5.832630e+00	
575	4.297680e-03	-5.16679e+00	5.732757e+00	
576	4.307680e-03	-5.16680e+00	5.610260e+00	

Index   time            v(3)            v(1)            
--------------------------------------------------------------------------------
577	4.317680e-03	-5.16679e+00	5.465621e+00	
578	4.327680e-03	-5.16680e+00	5.299412e+00	
579	4.337680e-03	-5.16679e+00	5.112289e+00	
580	4.347680e-03	-5.16680e+00	4.904990e+00	
581	4.357680e-03	-5.16679e+00	4.678333e+00	
582	4.367680e-03	-5.16680e+00	4.433213e+00	
583	4.377680e-03	-5.16679e+00	4.170597e+00	
584	4.387680e-03	-5.16680e+00	3.891521e+00	
585	4.397680e-03	-5.16679e+00	3.597088e+00	
586	4.407680e-03	-5.16680e+00	3.288458e+00	
587	4.417680e-03	-5.16679e+00	2.966851e+00	
588	4.427680e-03	-5.16680e+00	2.633534e+00	
589	4.437680e-03	-5.16679e+00	2.289825e+00	
590	4.447680e-03	-5.16680e+00	1.937078e+00	
591	4.457680e-03	-5.16679e+00	1.576686e+00	
592	4.467680e-03	-5.16680e+00	1.210073e+00	
593	4.477680e-03	-5.16679e+00	8.386831e-01	
594	4.487680e-03	-5.16680e+00	4.639837e-01	
595	4.497680e-03	-5.16679e+00	8.745319e-02	
596	4.507680e-03	-5.16680e+00	-2.89422e-01	
597	4.517680e-03	-5.16679e+00	-6.65156e-01	
598	4.527680e-03	-5.16680e+00	-1.03826e+00	
599	4.537680e-03	-5.16679e+00	-1.40728e+00	
600	4.547680e-03	-5.16680e+00	-1.77073e+00	
601	4.557680e-03	-5.16679e+00	-2.12720e+00	
602	4.567680e-03	-5.16680e+00	-2.47527e+00	
603	4.570523e-03	-5.16679e+00	-2.57251e+00	
604	4.573208e-03	-5.16677e+00	-2.66356e+00	
605	4.573914e-03	-5.16672e+00	-2.68741e+00	
606	4.575022e-03	-5.16660e+00	-2.72469e+00	
607	4.575598e-03	-5.16650e+00	-2.74400e+00	
608	4.576188e-03	-5.16630e+00	-2.76378e+00	
609	4.576521e-03	-5.16601e+00	-2.77489e+00	
610	4.576818e-03	-5.16520e+00	-2.78484e+00	
611	4.577064e-03	-5.16428e+00	-2.79304e+00	
612	4.577340e-03	-5.16321e+00	-2.80225e+00	
613	4.577594e-03	-5.16221e+00	-2.81073e+00	
614	4.578103e-03	-5.16018e+00	-2.82766e+00	
615	4.578623e-03	-5.15806e+00	-2.84492e+00	
616	4.579662e-03	-5.15364e+00	-2.87935e+00	
617	4.580685e-03	-5.14905e+00	-2.91312e+00	
618	4.582361e-03	-5.14091e+00	-2.96819e+00	
619	4.584384e-03	-5.12984e+00	-3.03425e+00	
620	4.587693e-03	-5.10755e+00	-3.14121e+00	
621	4.591799e-03	-5.06514e+00	-3.27201e+00	
622	4.596281e-03	-4.92679e+00	-3.41234e+00	
623	4.598855e-03	-4.03774e+00	-3.49169e+00	
624	4.600595e-03	-3.20408e+00	-3.54484e+00	
625	4.602230e-03	-2.44830e+00	-3.59437e+00	
626	4.604877e-03	-1.18720e+00	-3.67379e+00	
627	4.607654e-03	1.151564e-01	-3.75600e+00	
628	4.613206e-03	2.762522e+00	-3.91689e+00	
629	4.618355e-03	4.925689e+00	-4.06187e+00	
630	4.621438e-03	5.045460e+00	-4.14663e+00	
631	4.624334e-03	5.085059e+00	-4.22485e+00	
632	4.627390e-03	5.114230e+00	-4.30586e+00	
633	4.631737e-03	5.141469e+00	-4.41837e+00	
634	4.636599e-03	5.163013e+00	-4.54030e+00	

Index   time            v(3)            v(1)            
--------------------------------------------------------------------------------
635	4.638866e-03	5.166444e+00	-4.59570e+00	
636	4.640311e-03	5.166815e+00	-4.63054e+00	
637	4.641344e-03	5.166678e+00	-4.65520e+00	
638	4.642343e-03	5.166894e+00	-4.67888e+00	
639	4.644342e-03	5.166694e+00	-4.72569e+00	
640	4.648340e-03	5.166898e+00	-4.81706e+00	
641	4.653467e-03	5.166697e+00	-4.92977e+00	
642	4.658832e-03	5.166896e+00	-5.04223e+00	
643	4.667637e-03	5.166698e+00	-5.21434e+00	
644	4.677637e-03	5.166896e+00	-5.39043e+00	
645	4.687637e-03	5.166697e+00	-5.54524e+00	
646	4.697637e-03	5.166895e+00	-5.67818e+00	
647	4.707637e-03	5.166696e+00	-5.78870e+00	
648	4.717637e-03	5.166893e+00	-5.87638e+00	
649	4.727637e-03	5.166696e+00	-5.94086e+00	
650	4.737637e-03	5.166895e+00	-5.98191e+00	
651	4.747637e-03	5.166696e+00	-5.99934e+00	
652	4.757637e-03	5.166895e+00	-5.99309e+00	
653	4.767637e-03	5.166696e+00	-5.96320e+00	
654	4.777637e-03	5.166894e+00	-5.90977e+00	
655	4.787637e-03	5.166697e+00	-5.83302e+00	
656	4.797637e-03	5.166894e+00	-5.73324e+00	
657	4.807637e-03	5.166697e+00	-5.61084e+00	
658	4.817637e-03	5.166894e+00	-5.46630e+00	
659	4.827637e-03	5.166697e+00	-5.30018e+00	
660	4.837637e-03	5.166894e+00	-5.11315e+00	
661	4.847637e-03	5.166697e+00	-4.90594e+00	
662	4.857637e-03	5.166894e+00	-4.67936e+00	
663	4.867637e-03	5.166697e+00	-4.43432e+00	
664	4.877637e-03	5.166894e+00	-4.17178e+00	
665	4.887637e-03	5.166697e+00	-3.89277e+00	
666	4.897637e-03	5.166894e+00	-3.59840e+00	
667	4.907637e-03	5.166697e+00	-3.28983e+00	
668	4.917637e-03	5.166894e+00	-2.96828e+00	
669	4.927637e-03	5.166697e+00	-2.63501e+00	
670	4.937637e-03	5.166894e+00	-2.29134e+00	
671	4.947637e-03	5.166697e+00	-1.93863e+00	
672	4.957637e-03	5.166894e+00	-1.57827e+00	
673	4.967637e-03	5.166697e+00	-1.21168e+00	
674	4.977637e-03	5.166894e+00	-8.40311e-01	
675	4.987637e-03	5.166697e+00	-4.65623e-01	
676	4.997637e-03	5.166893e+00	-8.90975e-02	
677	5.000000e-03	5.166697e+00	-7.34788e-15	
